,0,1,2,3,4,5,6,7,8,9,10,11,12,13,14,15,16,17,18,19,20,21,22,23,24,25,26,27,28,29,30,31,32,33,34,35,36,Mean over,idx_corrected,idx_main,outputwImg,predictionwImg,gold_referencewImg,tagwImg,outputwoImg,predictionwoImg,gold_referencewoImg,tagwoImg
0,3.3606298,32.110416,36.151104,37.105003,50.599422,60.849068,81.9946,87.73876,105.592804,108.8551,100.95006,94.07328,101.77767,108.78884,111.86362,115.168915,119.69513,96.44244,98.873245,101.81151,111.64433,128.88077,122.91931,127.64508,127.241646,130.56453,120.77324,127.65263,129.57462,141.27797,150.37227,155.87401,164.00836,151.83252,130.64594,103.91159,15.939207,All tokens,912,1249,"['user\n USER:  \nThis image shows a minimalist arrangement of 3D geometric shapes made of different materials and colors. The JSON provided contains information about all objects in the scene, including their name, 3D coordinates (represented as [X, Y, Z]), material (metal = shinny, rubber = matte), and other attributes. \nYour job is to analyze this information, find the object with a rotation of 142.7777862548828, use its attributes to identify which object in the image corresponds to that object, and retrieve its color in the following format: {""answer"": ""COLOR""}\nSelect your answer from the following options: gray, red, blue, green, brown, purple, cyan, or yellow. Do not add any additional text to your answer, provide your answer always in the following format: {""answer"": ""COLOR""}. \n\nUnderstanding the Coordinate System X, Y, Z:\n• X (Depth): Represents the depth relative to the camera. Smaller values indicate objects that are farther away.\n• Y (Horizontal Position): Represents the left-to-right position. A value of zero means the object is centered in the scene, negative values place the object to the left, and positive values to the right.\n• Z (Vertical Position): Represents the height of the object\'s center point. Larger values correspond to higher vertical positions.\n\nHere is the JSON containing details about all objects in the scene in the image:\n\n{""camera_location"": [9.915478112284436, 0, 5.34366512298584], ""objects"": [{""name"": ""Object_0"", ""shape"": ""cube"", ""size"": 0.351, ""material"": ""metal"", ""3d_coords"": [2.3536632351292663, 0.952007264055984, 0.3499999940395355], ""rotation"": 84.46160888671875}, {""name"": ""Object_1"", ""shape"": ""sphere"", ""size"": 0.351, ""material"": ""rubber"", ""3d_coords"": [-0.9998282437705074, -0.693655230758135, 0.3499999940395355], ""rotation"": 66.35546112060547}, {""name"": ""Object_2"", ""shape"": ""cube"", ""size"": 0.351, ""material"": ""rubber"", ""3d_coords"": [-0.1259371872487077, 0.5501897864010687, 0.3499999940395355], ""rotation"": 142.7777862548828}, {""name"": ""Object_3"", ""shape"": ""sphere"", ""size"": 0.351, ""material"": ""rubber"", ""3d_coords"": [0.3493462079171443, -2.6219429427556094, 0.3499999940395355], ""rotation"": 162.52687072753906}, {""name"": ""Object_4"", ""shape"": ""cylinder"", ""size"": 0.701, ""material"": ""rubber"", ""3d_coords"": [-2.6018151926406943, 0.11180601124584455, 0.699999988079071], ""rotation"": 315.1466979980469}, {""name"": ""Object_5"", ""shape"": ""cube"", ""size"": 0.7, ""material"": ""metal"", ""3d_coords"": [1.0946402931144936, 2.5168990564568983, 0.699999988079071], ""rotation"": 101.67021942138672}, {""name"": ""Object_6"", ""shape"": ""cone"", ""size"": 0.7, ""material"": ""metal"", ""3d_coords"": [1.9116613587829956, -1.508412165444093, 0.699999988079071], ""rotation"": 47.72618865966797}, {""name"": ""Object_7"", ""shape"": ""cube"", ""size"": 0.7, ""material"": ""metal"", ""3d_coords"": [-1.9338468668905113, 1.669799905085533, 0.699999988079071], ""rotation"": 230.21990966796875}]}\n\nWhat is the color of the object with a rotation of 142.7777862548828?  ASSISTANT:\nassistant\n{""answer"": ""yellow""}']",yellow,"{""answer"": ""yellow""}",8,"user
 USER:  
This image shows a minimalist arrangement of 3D geometric shapes made of different materials and colors. The JSON provided contains information about all objects in the scene, including their name, 3D coordinates (represented as [X, Y, Z]), material (metal = shinny, rubber = matte), and other attributes. 
Your job is to analyze this information, find the object with a rotation of 142.7777862548828, use its attributes to identify which object in the image corresponds to that object, and retrieve its color in the following format: {""answer"": ""COLOR""}
Select your answer from the following options: gray, red, blue, green, brown, purple, cyan, or yellow. Do not add any additional text to your answer, provide your answer always in the following format: {""answer"": ""COLOR""}. 

Understanding the Coordinate System X, Y, Z:
• X (Depth): Represents the depth relative to the camera. Smaller values indicate objects that are farther away.
• Y (Horizontal Position): Represents the left-to-right position. A value of zero means the object is centered in the scene, negative values place the object to the left, and positive values to the right.
• Z (Vertical Position): Represents the height of the object's center point. Larger values correspond to higher vertical positions.

Here is the JSON containing details about all objects in the scene in the image:

{""camera_location"": [9.915478112284436, 0, 5.34366512298584], ""objects"": [{""name"": ""Object_0"", ""shape"": ""cube"", ""size"": 0.351, ""material"": ""metal"", ""3d_coords"": [2.3536632351292663, 0.952007264055984, 0.3499999940395355], ""rotation"": 84.46160888671875}, {""name"": ""Object_1"", ""shape"": ""sphere"", ""size"": 0.351, ""material"": ""rubber"", ""3d_coords"": [-0.9998282437705074, -0.693655230758135, 0.3499999940395355], ""rotation"": 66.35546112060547}, {""name"": ""Object_2"", ""shape"": ""cube"", ""size"": 0.351, ""material"": ""rubber"", ""3d_coords"": [-0.1259371872487077, 0.5501897864010687, 0.3499999940395355], ""rotation"": 142.7777862548828}, {""name"": ""Object_3"", ""shape"": ""sphere"", ""size"": 0.351, ""material"": ""rubber"", ""3d_coords"": [0.3493462079171443, -2.6219429427556094, 0.3499999940395355], ""rotation"": 162.52687072753906}, {""name"": ""Object_4"", ""shape"": ""cylinder"", ""size"": 0.701, ""material"": ""rubber"", ""3d_coords"": [-2.6018151926406943, 0.11180601124584455, 0.699999988079071], ""rotation"": 315.1466979980469}, {""name"": ""Object_5"", ""shape"": ""cube"", ""size"": 0.7, ""material"": ""metal"", ""3d_coords"": [1.0946402931144936, 2.5168990564568983, 0.699999988079071], ""rotation"": 101.67021942138672}, {""name"": ""Object_6"", ""shape"": ""cone"", ""size"": 0.7, ""material"": ""metal"", ""3d_coords"": [1.9116613587829956, -1.508412165444093, 0.699999988079071], ""rotation"": 47.72618865966797}, {""name"": ""Object_7"", ""shape"": ""cube"", ""size"": 0.7, ""material"": ""metal"", ""3d_coords"": [-1.9338468668905113, 1.669799905085533, 0.699999988079071], ""rotation"": 230.21990966796875}]}

What is the color of the object with a rotation of 142.7777862548828?  ASSISTANT:
assistant
{""answer"": ""blue""}",blue,"{""answer"": ""yellow""}",8
1,3.231614,31.892393,36.522476,37.287636,49.643745,58.526268,78.50449,90.89531,109.009995,109.88924,100.97509,93.18292,100.229866,107.45223,110.48721,113.15432,118.49043,101.97646,103.72663,104.604805,113.90002,129.11945,119.159546,123.62321,123.82179,126.8504,115.659706,122.996475,124.00549,135.08823,145.33095,153.06868,161.6597,150.30817,128.80286,102.044655,14.928453,All tokens,204,287,"['user\n USER:  \nThis image shows a minimalist arrangement of 3D geometric shapes made of different materials and colors. The JSON provided contains information about all objects in the scene, including their name, 3D coordinates (represented as [X, Y, Z]), material (metal = shinny, rubber = matte), and other attributes. \nYour job is to analyze this information, find the object with a rotation of 336.83026123046875, use its attributes to identify which object in the image corresponds to that object, and retrieve its shape in the following format: {""answer"": ""SHAPE""}\nSelect your answer from the following options: cylinder, sphere, cone, or cube. Do not add any additional text to your answer, provide your answer always in the following format: {""answer"": ""SHAPE""}. \n\nUnderstanding the Coordinate System X, Y, Z:\n• X (Depth): Represents the depth relative to the camera. Smaller values indicate objects that are farther away.\n• Y (Horizontal Position): Represents the left-to-right position. A value of zero means the object is centered in the scene, negative values place the object to the left, and positive values to the right.\n• Z (Vertical Position): Represents the height of the object\'s center point. Larger values correspond to higher vertical positions.\n\nHere is the JSON containing details about all objects in the scene in the image:\n\n{""camera_location"": [9.915478112284436, 0, 5.34366512298584], ""objects"": [{""name"": ""Object_0"", ""size"": 0.7, ""material"": ""metal"", ""3d_coords"": [-3.1138944411725773, 1.1307545095965894, 0.699999988079071], ""rotation"": 320.1335754394531, ""color"": ""gray""}, {""name"": ""Object_1"", ""size"": 0.701, ""material"": ""rubber"", ""3d_coords"": [1.7476166617749986, -1.0149978739204633, 0.699999988079071], ""rotation"": 39.312774658203125, ""color"": ""cyan""}, {""name"": ""Object_2"", ""size"": 0.351, ""material"": ""metal"", ""3d_coords"": [0.6388566137913576, -1.7924203462864052, 0.3499999940395355], ""rotation"": 44.0419921875, ""color"": ""blue""}, {""name"": ""Object_3"", ""size"": 0.351, ""material"": ""rubber"", ""3d_coords"": [1.1571736570054623, 0.6396773137842781, 0.3499999940395355], ""rotation"": 106.93251037597656, ""color"": ""brown""}, {""name"": ""Object_4"", ""size"": 0.351, ""material"": ""rubber"", ""3d_coords"": [-0.18343920391914548, 2.522241180519531, 0.3499999940395355], ""rotation"": 348.177001953125, ""color"": ""yellow""}, {""name"": ""Object_5"", ""size"": 0.351, ""material"": ""rubber"", ""3d_coords"": [-1.615542802863906, -2.3301278355790487, 0.3499999940395355], ""rotation"": 9.999037742614746, ""color"": ""red""}, {""name"": ""Object_6"", ""size"": 0.351, ""material"": ""rubber"", ""3d_coords"": [3.2114168998826247, -0.6147687060059956, 0.3499999940395355], ""rotation"": 321.2648620605469, ""color"": ""red""}, {""name"": ""Object_7"", ""size"": 0.701, ""material"": ""rubber"", ""3d_coords"": [2.3346300424821598, 1.7558490576662746, 0.699999988079071], ""rotation"": 124.95408630371094, ""color"": ""green""}, {""name"": ""Object_8"", ""size"": 0.7, ""material"": ""metal"", ""3d_coords"": [-0.891931062878993, 0.13132574381698464, 0.699999988079071], ""rotation"": 272.32666015625, ""color"": ""red""}, {""name"": ""Object_9"", ""size"": 0.351, ""material"": ""metal"", ""3d_coords"": [0.22428628109618098, 4.164682034279698, 0.3499999940395355], ""rotation"": 336.83026123046875, ""color"": ""gray""}]}\n\nWhat is the shape of the object with a rotation of 336.83026123046875?  ASSISTANT:\nassistant\n{""answer"": ""sphere""}']",sphere,"{""answer"": ""sphere""}",10,"user
 USER:  
This image shows a minimalist arrangement of 3D geometric shapes made of different materials and colors. The JSON provided contains information about all objects in the scene, including their name, 3D coordinates (represented as [X, Y, Z]), material (metal = shinny, rubber = matte), and other attributes. 
Your job is to analyze this information, find the object with a rotation of 336.83026123046875, use its attributes to identify which object in the image corresponds to that object, and retrieve its shape in the following format: {""answer"": ""SHAPE""}
Select your answer from the following options: cylinder, sphere, cone, or cube. Do not add any additional text to your answer, provide your answer always in the following format: {""answer"": ""SHAPE""}. 

Understanding the Coordinate System X, Y, Z:
• X (Depth): Represents the depth relative to the camera. Smaller values indicate objects that are farther away.
• Y (Horizontal Position): Represents the left-to-right position. A value of zero means the object is centered in the scene, negative values place the object to the left, and positive values to the right.
• Z (Vertical Position): Represents the height of the object's center point. Larger values correspond to higher vertical positions.

Here is the JSON containing details about all objects in the scene in the image:

{""camera_location"": [9.915478112284436, 0, 5.34366512298584], ""objects"": [{""name"": ""Object_0"", ""size"": 0.7, ""material"": ""metal"", ""3d_coords"": [-3.1138944411725773, 1.1307545095965894, 0.699999988079071], ""rotation"": 320.1335754394531, ""color"": ""gray""}, {""name"": ""Object_1"", ""size"": 0.701, ""material"": ""rubber"", ""3d_coords"": [1.7476166617749986, -1.0149978739204633, 0.699999988079071], ""rotation"": 39.312774658203125, ""color"": ""cyan""}, {""name"": ""Object_2"", ""size"": 0.351, ""material"": ""metal"", ""3d_coords"": [0.6388566137913576, -1.7924203462864052, 0.3499999940395355], ""rotation"": 44.0419921875, ""color"": ""blue""}, {""name"": ""Object_3"", ""size"": 0.351, ""material"": ""rubber"", ""3d_coords"": [1.1571736570054623, 0.6396773137842781, 0.3499999940395355], ""rotation"": 106.93251037597656, ""color"": ""brown""}, {""name"": ""Object_4"", ""size"": 0.351, ""material"": ""rubber"", ""3d_coords"": [-0.18343920391914548, 2.522241180519531, 0.3499999940395355], ""rotation"": 348.177001953125, ""color"": ""yellow""}, {""name"": ""Object_5"", ""size"": 0.351, ""material"": ""rubber"", ""3d_coords"": [-1.615542802863906, -2.3301278355790487, 0.3499999940395355], ""rotation"": 9.999037742614746, ""color"": ""red""}, {""name"": ""Object_6"", ""size"": 0.351, ""material"": ""rubber"", ""3d_coords"": [3.2114168998826247, -0.6147687060059956, 0.3499999940395355], ""rotation"": 321.2648620605469, ""color"": ""red""}, {""name"": ""Object_7"", ""size"": 0.701, ""material"": ""rubber"", ""3d_coords"": [2.3346300424821598, 1.7558490576662746, 0.699999988079071], ""rotation"": 124.95408630371094, ""color"": ""green""}, {""name"": ""Object_8"", ""size"": 0.7, ""material"": ""metal"", ""3d_coords"": [-0.891931062878993, 0.13132574381698464, 0.699999988079071], ""rotation"": 272.32666015625, ""color"": ""red""}, {""name"": ""Object_9"", ""size"": 0.351, ""material"": ""metal"", ""3d_coords"": [0.22428628109618098, 4.164682034279698, 0.3499999940395355], ""rotation"": 336.83026123046875, ""color"": ""gray""}]}

What is the shape of the object with a rotation of 336.83026123046875?  ASSISTANT:
assistant
{""answer"": ""cube""}",cube,"{""answer"": ""sphere""}",10
2,3.2029865,31.411942,34.741154,35.30315,48.10329,58.13523,78.61376,86.49444,103.62568,105.47147,97.49825,90.668304,97.65789,104.588234,107.62498,110.35432,114.936035,95.94027,98.02946,100.03858,109.60341,125.855095,116.91291,121.79817,121.522964,124.30714,113.58523,120.71406,122.57458,133.28827,142.51244,149.29465,158.01317,146.85732,125.393364,99.56009,15.986574,All tokens,2253,3006,"['user\n USER:  \nThis image shows a minimalist arrangement of 3D geometric shapes made of different materials and colors. The JSON provided contains information about all objects in the scene, including their name, 3D coordinates (represented as [X, Y, Z]), material (metal = shinny, rubber = matte), and other attributes. \nYour job is to analyze this information, find the object with a size of 0.35, use its attributes to identify which object in the image corresponds to that object, and retrieve its shape in the following format: {""answer"": ""SHAPE""}\nSelect your answer from the following options: cylinder, sphere, cone, or cube. Do not add any additional text to your answer, provide your answer always in the following format: {""answer"": ""SHAPE""}. \n\nUnderstanding the Coordinate System X, Y, Z:\n• X (Depth): Represents the depth relative to the camera. Smaller values indicate objects that are farther away.\n• Y (Horizontal Position): Represents the left-to-right position. A value of zero means the object is centered in the scene, negative values place the object to the left, and positive values to the right.\n• Z (Vertical Position): Represents the height of the object\'s center point. Larger values correspond to higher vertical positions.\n\nHere is the JSON containing details about all objects in the scene in the image:\n\n{""camera_location"": [9.915478112284436, 0, 5.34366512298584], ""objects"": [{""name"": ""Object_0"", ""size"": 0.351, ""material"": ""rubber"", ""3d_coords"": [2.41178171801114, -1.5903019375179108, 0.3499999940395355], ""rotation"": 220.596923828125, ""color"": ""yellow""}, {""name"": ""Object_1"", ""size"": 0.35, ""material"": ""metal"", ""3d_coords"": [-1.1150844761488397, -0.2700704820691121, 0.3499999940395355], ""rotation"": 49.46784591674805, ""color"": ""purple""}, {""name"": ""Object_2"", ""size"": 0.351, ""material"": ""rubber"", ""3d_coords"": [0.02936943395910685, -3.0228724652037906, 0.3499999940395355], ""rotation"": 95.05706787109375, ""color"": ""red""}, {""name"": ""Object_3"", ""size"": 0.351, ""material"": ""metal"", ""3d_coords"": [1.964361037760023, 1.4433033998308198, 0.3499999940395355], ""rotation"": 90.87294006347656, ""color"": ""gray""}, {""name"": ""Object_4"", ""size"": 0.7, ""material"": ""rubber"", ""3d_coords"": [2.867967219769418, 0.21751024269134134, 0.699999988079071], ""rotation"": 263.740966796875, ""color"": ""gray""}, {""name"": ""Object_5"", ""size"": 0.7, ""material"": ""rubber"", ""3d_coords"": [-1.657704710848841, 2.06534903783686, 0.699999988079071], ""rotation"": 257.38519287109375, ""color"": ""cyan""}, {""name"": ""Object_6"", ""size"": 0.351, ""material"": ""rubber"", ""3d_coords"": [0.9940713514063191, 3.2229483663574827, 0.3499999940395355], ""rotation"": 230.9080352783203, ""color"": ""green""}, {""name"": ""Object_7"", ""size"": 0.351, ""material"": ""rubber"", ""3d_coords"": [0.5925566323035294, 0.6210391827826285, 0.3499999940395355], ""rotation"": 27.29384994506836, ""color"": ""yellow""}, {""name"": ""Object_8"", ""size"": 0.351, ""material"": ""rubber"", ""3d_coords"": [1.4270695627617622, -0.7989700249140843, 0.3499999940395355], ""rotation"": 80.9874038696289, ""color"": ""brown""}]}\n\nWhat is the shape of the object with a size of 0.35?  ASSISTANT:\nassistant\n{""answer"": ""sphere""}']",sphere,"{""answer"": ""sphere""}",9,"user
 USER:  
This image shows a minimalist arrangement of 3D geometric shapes made of different materials and colors. The JSON provided contains information about all objects in the scene, including their name, 3D coordinates (represented as [X, Y, Z]), material (metal = shinny, rubber = matte), and other attributes. 
Your job is to analyze this information, find the object with a size of 0.35, use its attributes to identify which object in the image corresponds to that object, and retrieve its shape in the following format: {""answer"": ""SHAPE""}
Select your answer from the following options: cylinder, sphere, cone, or cube. Do not add any additional text to your answer, provide your answer always in the following format: {""answer"": ""SHAPE""}. 

Understanding the Coordinate System X, Y, Z:
• X (Depth): Represents the depth relative to the camera. Smaller values indicate objects that are farther away.
• Y (Horizontal Position): Represents the left-to-right position. A value of zero means the object is centered in the scene, negative values place the object to the left, and positive values to the right.
• Z (Vertical Position): Represents the height of the object's center point. Larger values correspond to higher vertical positions.

Here is the JSON containing details about all objects in the scene in the image:

{""camera_location"": [9.915478112284436, 0, 5.34366512298584], ""objects"": [{""name"": ""Object_0"", ""size"": 0.351, ""material"": ""rubber"", ""3d_coords"": [2.41178171801114, -1.5903019375179108, 0.3499999940395355], ""rotation"": 220.596923828125, ""color"": ""yellow""}, {""name"": ""Object_1"", ""size"": 0.35, ""material"": ""metal"", ""3d_coords"": [-1.1150844761488397, -0.2700704820691121, 0.3499999940395355], ""rotation"": 49.46784591674805, ""color"": ""purple""}, {""name"": ""Object_2"", ""size"": 0.351, ""material"": ""rubber"", ""3d_coords"": [0.02936943395910685, -3.0228724652037906, 0.3499999940395355], ""rotation"": 95.05706787109375, ""color"": ""red""}, {""name"": ""Object_3"", ""size"": 0.351, ""material"": ""metal"", ""3d_coords"": [1.964361037760023, 1.4433033998308198, 0.3499999940395355], ""rotation"": 90.87294006347656, ""color"": ""gray""}, {""name"": ""Object_4"", ""size"": 0.7, ""material"": ""rubber"", ""3d_coords"": [2.867967219769418, 0.21751024269134134, 0.699999988079071], ""rotation"": 263.740966796875, ""color"": ""gray""}, {""name"": ""Object_5"", ""size"": 0.7, ""material"": ""rubber"", ""3d_coords"": [-1.657704710848841, 2.06534903783686, 0.699999988079071], ""rotation"": 257.38519287109375, ""color"": ""cyan""}, {""name"": ""Object_6"", ""size"": 0.351, ""material"": ""rubber"", ""3d_coords"": [0.9940713514063191, 3.2229483663574827, 0.3499999940395355], ""rotation"": 230.9080352783203, ""color"": ""green""}, {""name"": ""Object_7"", ""size"": 0.351, ""material"": ""rubber"", ""3d_coords"": [0.5925566323035294, 0.6210391827826285, 0.3499999940395355], ""rotation"": 27.29384994506836, ""color"": ""yellow""}, {""name"": ""Object_8"", ""size"": 0.351, ""material"": ""rubber"", ""3d_coords"": [1.4270695627617622, -0.7989700249140843, 0.3499999940395355], ""rotation"": 80.9874038696289, ""color"": ""brown""}]}

What is the shape of the object with a size of 0.35?  ASSISTANT:
assistant
{""answer"": ""cube""}",cube,"{""answer"": ""sphere""}",9
3,2.9429755,23.798065,25.00281,23.291487,37.690197,53.327168,80.315796,59.555653,75.24014,83.98084,80.38553,77.3493,83.89263,89.33441,92.6061,95.29809,98.044785,94.72569,98.33536,102.58992,110.25743,126.84224,127.50068,132.81429,134.05461,137.5831,135.67465,143.35394,144.88326,153.60124,157.53221,157.576,161.97552,154.06358,136.1003,104.840546,26.76329,All tokens,2006,2683,"['user\n USER:  \nThis image shows a minimalist arrangement of 3D geometric shapes made of different materials and colors. The JSON provided contains information about all objects in the scene, including their name, 3D coordinates (represented as [X, Y, Z]), material (metal = shinny, rubber = matte), and other attributes. \nYour job is to analyze this information, find the object with a rotation of 344.3285217285156, use its attributes to identify which object in the image corresponds to that object, and retrieve its color in the following format: {""answer"": ""COLOR""}\nSelect your answer from the following options: gray, red, blue, green, brown, purple, cyan, or yellow. Do not add any additional text to your answer, provide your answer always in the following format: {""answer"": ""COLOR""}. \n\nUnderstanding the Coordinate System X, Y, Z:\n• X (Depth): Represents the depth relative to the camera. Smaller values indicate objects that are farther away.\n• Y (Horizontal Position): Represents the left-to-right position. A value of zero means the object is centered in the scene, negative values place the object to the left, and positive values to the right.\n• Z (Vertical Position): Represents the height of the object\'s center point. Larger values correspond to higher vertical positions.\n\nHere is the JSON containing details about all objects in the scene in the image:\n\n{""camera_location"": [9.915478112284436, 0, 5.34366512298584], ""objects"": [{""name"": ""Object_0"", ""shape"": ""sphere"", ""size"": 0.7, ""material"": ""metal"", ""3d_coords"": [1.497525784656313, -1.2016221186309874, 0.699999988079071], ""rotation"": 56.16063690185547}, {""name"": ""Object_1"", ""shape"": ""cylinder"", ""size"": 0.351, ""material"": ""metal"", ""3d_coords"": [-1.2142698866447477, 0.8072733349906838, 0.3499999940395355], ""rotation"": 344.3285217285156}, {""name"": ""Object_2"", ""shape"": ""cone"", ""size"": 0.7, ""material"": ""rubber"", ""3d_coords"": [2.2784915234151724, 1.3039251074495044, 0.699999988079071], ""rotation"": 267.6826477050781}]}\n\nWhat is the color of the object with a rotation of 344.3285217285156?  ASSISTANT:\nassistant\n{""answer"": ""cyan""}']",cyan,"{""answer"": ""cyan""}",3,"user
 USER:  
This image shows a minimalist arrangement of 3D geometric shapes made of different materials and colors. The JSON provided contains information about all objects in the scene, including their name, 3D coordinates (represented as [X, Y, Z]), material (metal = shinny, rubber = matte), and other attributes. 
Your job is to analyze this information, find the object with a rotation of 344.3285217285156, use its attributes to identify which object in the image corresponds to that object, and retrieve its color in the following format: {""answer"": ""COLOR""}
Select your answer from the following options: gray, red, blue, green, brown, purple, cyan, or yellow. Do not add any additional text to your answer, provide your answer always in the following format: {""answer"": ""COLOR""}. 

Understanding the Coordinate System X, Y, Z:
• X (Depth): Represents the depth relative to the camera. Smaller values indicate objects that are farther away.
• Y (Horizontal Position): Represents the left-to-right position. A value of zero means the object is centered in the scene, negative values place the object to the left, and positive values to the right.
• Z (Vertical Position): Represents the height of the object's center point. Larger values correspond to higher vertical positions.

Here is the JSON containing details about all objects in the scene in the image:

{""camera_location"": [9.915478112284436, 0, 5.34366512298584], ""objects"": [{""name"": ""Object_0"", ""shape"": ""sphere"", ""size"": 0.7, ""material"": ""metal"", ""3d_coords"": [1.497525784656313, -1.2016221186309874, 0.699999988079071], ""rotation"": 56.16063690185547}, {""name"": ""Object_1"", ""shape"": ""cylinder"", ""size"": 0.351, ""material"": ""metal"", ""3d_coords"": [-1.2142698866447477, 0.8072733349906838, 0.3499999940395355], ""rotation"": 344.3285217285156}, {""name"": ""Object_2"", ""shape"": ""cone"", ""size"": 0.7, ""material"": ""rubber"", ""3d_coords"": [2.2784915234151724, 1.3039251074495044, 0.699999988079071], ""rotation"": 267.6826477050781}]}

What is the color of the object with a rotation of 344.3285217285156?  ASSISTANT:
assistant
{""answer"": ""red""}",red,"{""answer"": ""cyan""}",3
4,3.0775156,29.802053,33.69332,34.77073,48.135014,58.656742,80.18764,85.50762,103.14423,105.5245,98.18504,91.22447,98.57882,105.6194,108.96286,112.112404,116.683235,96.10058,98.66051,101.51304,111.0777,127.81605,121.63571,125.318214,125.50193,128.58844,118.89091,126.14745,127.649956,138.50188,147.5423,153.0367,160.90503,149.01826,127.06787,98.67166,13.0369625,All tokens,1828,2447,"['user\n USER:  \nThis image shows a minimalist arrangement of 3D geometric shapes made of different materials and colors. The JSON provided contains information about all objects in the scene, including their name, 3D coordinates (represented as [X, Y, Z]), material (metal = shinny, rubber = matte), and other attributes. \nYour job is to analyze this information, find the object with a rotation of 266.7427062988281, use its attributes to identify which object in the image corresponds to that object, and retrieve its shape in the following format: {""answer"": ""SHAPE""}\nSelect your answer from the following options: cylinder, sphere, cone, or cube. Do not add any additional text to your answer, provide your answer always in the following format: {""answer"": ""SHAPE""}. \n\nUnderstanding the Coordinate System X, Y, Z:\n• X (Depth): Represents the depth relative to the camera. Smaller values indicate objects that are farther away.\n• Y (Horizontal Position): Represents the left-to-right position. A value of zero means the object is centered in the scene, negative values place the object to the left, and positive values to the right.\n• Z (Vertical Position): Represents the height of the object\'s center point. Larger values correspond to higher vertical positions.\n\nHere is the JSON containing details about all objects in the scene in the image:\n\n{""camera_location"": [9.915478112284436, 0, 5.34366512298584], ""objects"": [{""name"": ""Object_0"", ""size"": 0.7, ""material"": ""metal"", ""3d_coords"": [-0.3380178052039913, -2.483322091111213, 0.699999988079071], ""rotation"": 239.54417419433594, ""color"": ""blue""}, {""name"": ""Object_1"", ""size"": 0.351, ""material"": ""metal"", ""3d_coords"": [0.5312415383620793, 0.19042798748615572, 0.3499999940395355], ""rotation"": 177.96139526367188, ""color"": ""gray""}, {""name"": ""Object_2"", ""size"": 0.701, ""material"": ""metal"", ""3d_coords"": [0.1281794912912222, 2.9063478793575346, 0.699999988079071], ""rotation"": 188.2201690673828, ""color"": ""blue""}, {""name"": ""Object_3"", ""size"": 0.7, ""material"": ""rubber"", ""3d_coords"": [1.230897884748495, -1.1591846420722012, 0.699999988079071], ""rotation"": 231.28123474121094, ""color"": ""red""}, {""name"": ""Object_4"", ""size"": 0.351, ""material"": ""metal"", ""3d_coords"": [-1.1372918382544395, 2.3543588709491408, 0.3499999940395355], ""rotation"": 184.23097229003906, ""color"": ""cyan""}, {""name"": ""Object_5"", ""size"": 0.351, ""material"": ""metal"", ""3d_coords"": [1.6870485262144728, 1.4359277315031316, 0.3499999940395355], ""rotation"": 117.2706069946289, ""color"": ""yellow""}, {""name"": ""Object_6"", ""size"": 0.701, ""material"": ""metal"", ""3d_coords"": [-2.822109329598531, 0.94552631347138, 0.699999988079071], ""rotation"": 75.410400390625, ""color"": ""purple""}, {""name"": ""Object_7"", ""size"": 0.351, ""material"": ""metal"", ""3d_coords"": [-2.2777359416841203, -0.33507919623223203, 0.3499999940395355], ""rotation"": 266.7427062988281, ""color"": ""cyan""}]}\n\nWhat is the shape of the object with a rotation of 266.7427062988281?  ASSISTANT:\nassistant\n{""answer"": ""sphere""}']",sphere,"{""answer"": ""cube""}",8,"user
 USER:  
This image shows a minimalist arrangement of 3D geometric shapes made of different materials and colors. The JSON provided contains information about all objects in the scene, including their name, 3D coordinates (represented as [X, Y, Z]), material (metal = shinny, rubber = matte), and other attributes. 
Your job is to analyze this information, find the object with a rotation of 266.7427062988281, use its attributes to identify which object in the image corresponds to that object, and retrieve its shape in the following format: {""answer"": ""SHAPE""}
Select your answer from the following options: cylinder, sphere, cone, or cube. Do not add any additional text to your answer, provide your answer always in the following format: {""answer"": ""SHAPE""}. 

Understanding the Coordinate System X, Y, Z:
• X (Depth): Represents the depth relative to the camera. Smaller values indicate objects that are farther away.
• Y (Horizontal Position): Represents the left-to-right position. A value of zero means the object is centered in the scene, negative values place the object to the left, and positive values to the right.
• Z (Vertical Position): Represents the height of the object's center point. Larger values correspond to higher vertical positions.

Here is the JSON containing details about all objects in the scene in the image:

{""camera_location"": [9.915478112284436, 0, 5.34366512298584], ""objects"": [{""name"": ""Object_0"", ""size"": 0.7, ""material"": ""metal"", ""3d_coords"": [-0.3380178052039913, -2.483322091111213, 0.699999988079071], ""rotation"": 239.54417419433594, ""color"": ""blue""}, {""name"": ""Object_1"", ""size"": 0.351, ""material"": ""metal"", ""3d_coords"": [0.5312415383620793, 0.19042798748615572, 0.3499999940395355], ""rotation"": 177.96139526367188, ""color"": ""gray""}, {""name"": ""Object_2"", ""size"": 0.701, ""material"": ""metal"", ""3d_coords"": [0.1281794912912222, 2.9063478793575346, 0.699999988079071], ""rotation"": 188.2201690673828, ""color"": ""blue""}, {""name"": ""Object_3"", ""size"": 0.7, ""material"": ""rubber"", ""3d_coords"": [1.230897884748495, -1.1591846420722012, 0.699999988079071], ""rotation"": 231.28123474121094, ""color"": ""red""}, {""name"": ""Object_4"", ""size"": 0.351, ""material"": ""metal"", ""3d_coords"": [-1.1372918382544395, 2.3543588709491408, 0.3499999940395355], ""rotation"": 184.23097229003906, ""color"": ""cyan""}, {""name"": ""Object_5"", ""size"": 0.351, ""material"": ""metal"", ""3d_coords"": [1.6870485262144728, 1.4359277315031316, 0.3499999940395355], ""rotation"": 117.2706069946289, ""color"": ""yellow""}, {""name"": ""Object_6"", ""size"": 0.701, ""material"": ""metal"", ""3d_coords"": [-2.822109329598531, 0.94552631347138, 0.699999988079071], ""rotation"": 75.410400390625, ""color"": ""purple""}, {""name"": ""Object_7"", ""size"": 0.351, ""material"": ""metal"", ""3d_coords"": [-2.2777359416841203, -0.33507919623223203, 0.3499999940395355], ""rotation"": 266.7427062988281, ""color"": ""cyan""}]}

What is the shape of the object with a rotation of 266.7427062988281?  ASSISTANT:
assistant
{""answer"": ""cube""}",cube,"{""answer"": ""cube""}",8
5,3.0394826,26.490496,28.17413,26.380974,41.160995,56.163277,82.438194,65.614075,82.25219,89.75396,85.24008,81.220314,88.049614,93.73875,96.86123,99.55791,102.148994,70.06842,74.11602,79.78621,91.18698,108.48875,110.71314,117.926384,121.83378,126.80251,123.68978,132.04143,134.11835,144.54796,150.28418,152.37117,159.19464,150.66324,130.94225,101.71422,20.23999,All tokens,1143,1558,"['user\n USER:  \nThis image shows a minimalist arrangement of 3D geometric shapes made of different materials and colors. The JSON provided contains information about all objects in the scene, including their name, 3D coordinates (represented as [X, Y, Z]), material (metal = shinny, rubber = matte), and other attributes. \nYour job is to analyze this information, find the object with a size of 0.701, use its attributes to identify which object in the image corresponds to that object, and retrieve its shape in the following format: {""answer"": ""SHAPE""}\nSelect your answer from the following options: cylinder, sphere, cone, or cube. Do not add any additional text to your answer, provide your answer always in the following format: {""answer"": ""SHAPE""}. \n\nUnderstanding the Coordinate System X, Y, Z:\n• X (Depth): Represents the depth relative to the camera. Smaller values indicate objects that are farther away.\n• Y (Horizontal Position): Represents the left-to-right position. A value of zero means the object is centered in the scene, negative values place the object to the left, and positive values to the right.\n• Z (Vertical Position): Represents the height of the object\'s center point. Larger values correspond to higher vertical positions.\n\nHere is the JSON containing details about all objects in the scene in the image:\n\n{""camera_location"": [9.915478112284436, 0, 5.34366512298584], ""objects"": [{""name"": ""Object_0"", ""size"": 0.7, ""material"": ""rubber"", ""3d_coords"": [-1.8287743121011344, 0.9630842804711663, 0.699999988079071], ""rotation"": 44.579105377197266, ""color"": ""cyan""}, {""name"": ""Object_1"", ""size"": 0.351, ""material"": ""rubber"", ""3d_coords"": [0.7234988567325598, -1.4373095209071598, 0.3499999940395355], ""rotation"": 81.98535919189453, ""color"": ""purple""}, {""name"": ""Object_2"", ""size"": 0.701, ""material"": ""metal"", ""3d_coords"": [1.7988713982083362, 2.050012565814665, 0.699999988079071], ""rotation"": 64.80811309814453, ""color"": ""yellow""}, {""name"": ""Object_3"", ""size"": 0.351, ""material"": ""rubber"", ""3d_coords"": [1.3952332136843588, -0.18657051697186045, 0.3499999940395355], ""rotation"": 196.43255615234375, ""color"": ""red""}]}\n\nWhat is the shape of the object with a size of 0.701?  ASSISTANT:\nassistant\n{""answer"": ""cone""}']",cone,"{""answer"": ""cone""}",4,"user
 USER:  
This image shows a minimalist arrangement of 3D geometric shapes made of different materials and colors. The JSON provided contains information about all objects in the scene, including their name, 3D coordinates (represented as [X, Y, Z]), material (metal = shinny, rubber = matte), and other attributes. 
Your job is to analyze this information, find the object with a size of 0.701, use its attributes to identify which object in the image corresponds to that object, and retrieve its shape in the following format: {""answer"": ""SHAPE""}
Select your answer from the following options: cylinder, sphere, cone, or cube. Do not add any additional text to your answer, provide your answer always in the following format: {""answer"": ""SHAPE""}. 

Understanding the Coordinate System X, Y, Z:
• X (Depth): Represents the depth relative to the camera. Smaller values indicate objects that are farther away.
• Y (Horizontal Position): Represents the left-to-right position. A value of zero means the object is centered in the scene, negative values place the object to the left, and positive values to the right.
• Z (Vertical Position): Represents the height of the object's center point. Larger values correspond to higher vertical positions.

Here is the JSON containing details about all objects in the scene in the image:

{""camera_location"": [9.915478112284436, 0, 5.34366512298584], ""objects"": [{""name"": ""Object_0"", ""size"": 0.7, ""material"": ""rubber"", ""3d_coords"": [-1.8287743121011344, 0.9630842804711663, 0.699999988079071], ""rotation"": 44.579105377197266, ""color"": ""cyan""}, {""name"": ""Object_1"", ""size"": 0.351, ""material"": ""rubber"", ""3d_coords"": [0.7234988567325598, -1.4373095209071598, 0.3499999940395355], ""rotation"": 81.98535919189453, ""color"": ""purple""}, {""name"": ""Object_2"", ""size"": 0.701, ""material"": ""metal"", ""3d_coords"": [1.7988713982083362, 2.050012565814665, 0.699999988079071], ""rotation"": 64.80811309814453, ""color"": ""yellow""}, {""name"": ""Object_3"", ""size"": 0.351, ""material"": ""rubber"", ""3d_coords"": [1.3952332136843588, -0.18657051697186045, 0.3499999940395355], ""rotation"": 196.43255615234375, ""color"": ""red""}]}

What is the shape of the object with a size of 0.701?  ASSISTANT:
assistant
{""answer"": ""cube""}",cube,"{""answer"": ""cone""}",4
6,3.0263972,27.565666,29.761509,28.845823,43.78797,57.654465,82.44841,73.10336,91.00403,97.00826,91.3302,86.486275,93.9663,100.43046,103.96217,107.245224,110.74635,107.181465,109.76365,112.71146,119.747246,136.87817,131.9822,135.65562,134.12053,136.45406,129.4137,136.36586,137.82706,147.97702,154.51097,157.43037,164.34665,154.0954,134.18481,105.129944,20.48389,All tokens,839,1154,"['user\n USER:  \nThis image shows a minimalist arrangement of 3D geometric shapes made of different materials and colors. The JSON provided contains information about all objects in the scene, including their name, 3D coordinates (represented as [X, Y, Z]), material (metal = shinny, rubber = matte), and other attributes. \nYour job is to analyze this information, find the object with a rotation of 25.02638816833496, use its attributes to identify which object in the image corresponds to that object, and retrieve its shape in the following format: {""answer"": ""SHAPE""}\nSelect your answer from the following options: cylinder, sphere, cone, or cube. Do not add any additional text to your answer, provide your answer always in the following format: {""answer"": ""SHAPE""}. \n\nUnderstanding the Coordinate System X, Y, Z:\n• X (Depth): Represents the depth relative to the camera. Smaller values indicate objects that are farther away.\n• Y (Horizontal Position): Represents the left-to-right position. A value of zero means the object is centered in the scene, negative values place the object to the left, and positive values to the right.\n• Z (Vertical Position): Represents the height of the object\'s center point. Larger values correspond to higher vertical positions.\n\nHere is the JSON containing details about all objects in the scene in the image:\n\n{""camera_location"": [9.915478112284436, 0, 5.34366512298584], ""objects"": [{""name"": ""Object_0"", ""size"": 0.351, ""material"": ""rubber"", ""3d_coords"": [-0.7688406121808127, 0.2578378438427226, 0.3499999940395355], ""rotation"": 25.02638816833496, ""color"": ""red""}, {""name"": ""Object_1"", ""size"": 0.351, ""material"": ""rubber"", ""3d_coords"": [-0.28359972572667824, 1.7809464408694078, 0.3499999940395355], ""rotation"": 1.1826918125152588, ""color"": ""red""}, {""name"": ""Object_2"", ""size"": 0.701, ""material"": ""rubber"", ""3d_coords"": [1.5589756765256029, 2.4842512511159267, 0.699999988079071], ""rotation"": 151.97024536132812, ""color"": ""blue""}, {""name"": ""Object_3"", ""size"": 0.7, ""material"": ""metal"", ""3d_coords"": [2.793549618900461, -0.750153045601017, 0.699999988079071], ""rotation"": 267.00469970703125, ""color"": ""yellow""}, {""name"": ""Object_4"", ""size"": 0.7, ""material"": ""metal"", ""3d_coords"": [-2.8544007779019, -0.22235948344020784, 0.699999988079071], ""rotation"": 275.3589172363281, ""color"": ""cyan""}]}\n\nWhat is the shape of the object with a rotation of 25.02638816833496?  ASSISTANT:\nassistant\n{""answer"": ""sphere""}']",sphere,"{""answer"": ""sphere""}",5,"user
 USER:  
This image shows a minimalist arrangement of 3D geometric shapes made of different materials and colors. The JSON provided contains information about all objects in the scene, including their name, 3D coordinates (represented as [X, Y, Z]), material (metal = shinny, rubber = matte), and other attributes. 
Your job is to analyze this information, find the object with a rotation of 25.02638816833496, use its attributes to identify which object in the image corresponds to that object, and retrieve its shape in the following format: {""answer"": ""SHAPE""}
Select your answer from the following options: cylinder, sphere, cone, or cube. Do not add any additional text to your answer, provide your answer always in the following format: {""answer"": ""SHAPE""}. 

Understanding the Coordinate System X, Y, Z:
• X (Depth): Represents the depth relative to the camera. Smaller values indicate objects that are farther away.
• Y (Horizontal Position): Represents the left-to-right position. A value of zero means the object is centered in the scene, negative values place the object to the left, and positive values to the right.
• Z (Vertical Position): Represents the height of the object's center point. Larger values correspond to higher vertical positions.

Here is the JSON containing details about all objects in the scene in the image:

{""camera_location"": [9.915478112284436, 0, 5.34366512298584], ""objects"": [{""name"": ""Object_0"", ""size"": 0.351, ""material"": ""rubber"", ""3d_coords"": [-0.7688406121808127, 0.2578378438427226, 0.3499999940395355], ""rotation"": 25.02638816833496, ""color"": ""red""}, {""name"": ""Object_1"", ""size"": 0.351, ""material"": ""rubber"", ""3d_coords"": [-0.28359972572667824, 1.7809464408694078, 0.3499999940395355], ""rotation"": 1.1826918125152588, ""color"": ""red""}, {""name"": ""Object_2"", ""size"": 0.701, ""material"": ""rubber"", ""3d_coords"": [1.5589756765256029, 2.4842512511159267, 0.699999988079071], ""rotation"": 151.97024536132812, ""color"": ""blue""}, {""name"": ""Object_3"", ""size"": 0.7, ""material"": ""metal"", ""3d_coords"": [2.793549618900461, -0.750153045601017, 0.699999988079071], ""rotation"": 267.00469970703125, ""color"": ""yellow""}, {""name"": ""Object_4"", ""size"": 0.7, ""material"": ""metal"", ""3d_coords"": [-2.8544007779019, -0.22235948344020784, 0.699999988079071], ""rotation"": 275.3589172363281, ""color"": ""cyan""}]}

What is the shape of the object with a rotation of 25.02638816833496?  ASSISTANT:
assistant
{""answer"": ""cylinder""}",cylinder,"{""answer"": ""sphere""}",5
7,2.8930533,24.936417,27.204111,26.25548,40.888714,55.981327,81.59809,66.88363,83.70539,90.96507,86.59609,83.00921,89.76351,95.14429,98.35233,101.44443,105.36717,73.63265,78.19549,83.71693,95.79075,113.47864,115.10589,123.46427,127.798744,133.43001,130.98502,139.62164,141.732,151.88863,158.76276,160.93674,166.59413,157.70523,139.33427,107.71545,27.189957,All tokens,712,981,"['user\n USER:  \nThis image shows a minimalist arrangement of 3D geometric shapes made of different materials and colors. The JSON provided contains information about all objects in the scene, including their name, 3D coordinates (represented as [X, Y, Z]), material (metal = shinny, rubber = matte), and other attributes. \nYour job is to analyze this information, find the object with a rotation of 232.12574768066406, use its attributes to identify which object in the image corresponds to that object, and retrieve its color in the following format: {""answer"": ""COLOR""}\nSelect your answer from the following options: gray, red, blue, green, brown, purple, cyan, or yellow. Do not add any additional text to your answer, provide your answer always in the following format: {""answer"": ""COLOR""}. \n\nUnderstanding the Coordinate System X, Y, Z:\n• X (Depth): Represents the depth relative to the camera. Smaller values indicate objects that are farther away.\n• Y (Horizontal Position): Represents the left-to-right position. A value of zero means the object is centered in the scene, negative values place the object to the left, and positive values to the right.\n• Z (Vertical Position): Represents the height of the object\'s center point. Larger values correspond to higher vertical positions.\n\nHere is the JSON containing details about all objects in the scene in the image:\n\n{""camera_location"": [9.915478112284436, 0, 5.34366512298584], ""objects"": [{""name"": ""Object_0"", ""shape"": ""cylinder"", ""size"": 0.351, ""material"": ""rubber"", ""3d_coords"": [-2.3552189178942275, 1.5669382954008868, 0.3499999940395355], ""rotation"": 142.60064697265625}, {""name"": ""Object_1"", ""shape"": ""cube"", ""size"": 0.351, ""material"": ""rubber"", ""3d_coords"": [3.657640995446757, -0.1797719977988197, 0.3499999940395355], ""rotation"": 87.7704086303711}, {""name"": ""Object_2"", ""shape"": ""cone"", ""size"": 0.351, ""material"": ""metal"", ""3d_coords"": [-0.3371564845738526, 2.8053122648321462, 0.3499999940395355], ""rotation"": 23.406627655029297}, {""name"": ""Object_3"", ""shape"": ""sphere"", ""size"": 0.351, ""material"": ""rubber"", ""3d_coords"": [0.7765062641414797, -1.8289825434107936, 0.3499999940395355], ""rotation"": 232.12574768066406}]}\n\nWhat is the color of the object with a rotation of 232.12574768066406?  ASSISTANT:\nassistant\n{""answer"": ""brown""}']",brown,"{""answer"": ""brown""}",4,"user
 USER:  
This image shows a minimalist arrangement of 3D geometric shapes made of different materials and colors. The JSON provided contains information about all objects in the scene, including their name, 3D coordinates (represented as [X, Y, Z]), material (metal = shinny, rubber = matte), and other attributes. 
Your job is to analyze this information, find the object with a rotation of 232.12574768066406, use its attributes to identify which object in the image corresponds to that object, and retrieve its color in the following format: {""answer"": ""COLOR""}
Select your answer from the following options: gray, red, blue, green, brown, purple, cyan, or yellow. Do not add any additional text to your answer, provide your answer always in the following format: {""answer"": ""COLOR""}. 

Understanding the Coordinate System X, Y, Z:
• X (Depth): Represents the depth relative to the camera. Smaller values indicate objects that are farther away.
• Y (Horizontal Position): Represents the left-to-right position. A value of zero means the object is centered in the scene, negative values place the object to the left, and positive values to the right.
• Z (Vertical Position): Represents the height of the object's center point. Larger values correspond to higher vertical positions.

Here is the JSON containing details about all objects in the scene in the image:

{""camera_location"": [9.915478112284436, 0, 5.34366512298584], ""objects"": [{""name"": ""Object_0"", ""shape"": ""cylinder"", ""size"": 0.351, ""material"": ""rubber"", ""3d_coords"": [-2.3552189178942275, 1.5669382954008868, 0.3499999940395355], ""rotation"": 142.60064697265625}, {""name"": ""Object_1"", ""shape"": ""cube"", ""size"": 0.351, ""material"": ""rubber"", ""3d_coords"": [3.657640995446757, -0.1797719977988197, 0.3499999940395355], ""rotation"": 87.7704086303711}, {""name"": ""Object_2"", ""shape"": ""cone"", ""size"": 0.351, ""material"": ""metal"", ""3d_coords"": [-0.3371564845738526, 2.8053122648321462, 0.3499999940395355], ""rotation"": 23.406627655029297}, {""name"": ""Object_3"", ""shape"": ""sphere"", ""size"": 0.351, ""material"": ""rubber"", ""3d_coords"": [0.7765062641414797, -1.8289825434107936, 0.3499999940395355], ""rotation"": 232.12574768066406}]}

What is the color of the object with a rotation of 232.12574768066406?  ASSISTANT:
assistant
{""answer"": ""gray""}",gray,"{""answer"": ""brown""}",4
8,3.092805,28.689648,30.628874,31.11123,45.589035,58.772984,82.78915,78.48997,96.31257,101.67208,95.11734,89.65152,97.20426,103.15949,105.815125,108.894775,112.41352,87.13189,90.35984,94.290184,104.31933,121.69431,120.385826,125.769066,125.47777,128.9896,121.779,128.91052,130.7938,141.60858,149.30966,153.0216,160.22195,149.57681,128.56294,101.24639,15.313611,All tokens,3456,4589,"['user\n USER:  \nThis image shows a minimalist arrangement of 3D geometric shapes made of different materials and colors. The JSON provided contains information about all objects in the scene, including their name, 3D coordinates (represented as [X, Y, Z]), material (metal = shinny, rubber = matte), and other attributes. \nYour job is to analyze this information, find the object with a size of 0.7, use its attributes to identify which object in the image corresponds to that object, and retrieve its color in the following format: {""answer"": ""COLOR""}\nSelect your answer from the following options: gray, red, blue, green, brown, purple, cyan, or yellow. Do not add any additional text to your answer, provide your answer always in the following format: {""answer"": ""COLOR""}. \n\nUnderstanding the Coordinate System X, Y, Z:\n• X (Depth): Represents the depth relative to the camera. Smaller values indicate objects that are farther away.\n• Y (Horizontal Position): Represents the left-to-right position. A value of zero means the object is centered in the scene, negative values place the object to the left, and positive values to the right.\n• Z (Vertical Position): Represents the height of the object\'s center point. Larger values correspond to higher vertical positions.\n\nHere is the JSON containing details about all objects in the scene in the image:\n\n{""camera_location"": [9.915478112284436, 0, 5.34366512298584], ""objects"": [{""name"": ""Object_0"", ""shape"": ""cylinder"", ""size"": 0.351, ""material"": ""rubber"", ""3d_coords"": [-3.446815868707599, 0.49101349714508413, 0.3499999940395355], ""rotation"": 276.2140808105469}, {""name"": ""Object_1"", ""shape"": ""cube"", ""size"": 0.351, ""material"": ""rubber"", ""3d_coords"": [0.08797373323654215, -0.587972585849492, 0.3499999940395355], ""rotation"": 244.6030731201172}, {""name"": ""Object_2"", ""shape"": ""cube"", ""size"": 0.351, ""material"": ""metal"", ""3d_coords"": [1.8430990976848145, 0.9086803791781174, 0.3499999940395355], ""rotation"": 252.8525848388672}, {""name"": ""Object_3"", ""shape"": ""cube"", ""size"": 0.701, ""material"": ""metal"", ""3d_coords"": [-0.3911008323149323, 3.2310678358222127, 0.699999988079071], ""rotation"": 61.00957489013672}, {""name"": ""Object_4"", ""shape"": ""cone"", ""size"": 0.7, ""material"": ""rubber"", ""3d_coords"": [-2.0973957199323965, -1.8260851007782561, 0.699999988079071], ""rotation"": 26.510316848754883}, {""name"": ""Object_5"", ""shape"": ""sphere"", ""size"": 0.351, ""material"": ""metal"", ""3d_coords"": [0.494945610865555, -2.829583241246721, 0.3499999940395355], ""rotation"": 275.87396240234375}]}\n\nWhat is the color of the object with a size of 0.7?  ASSISTANT:\nassistant\n{""answer"": ""green""}']",green,"{""answer"": ""green""}",6,"user
 USER:  
This image shows a minimalist arrangement of 3D geometric shapes made of different materials and colors. The JSON provided contains information about all objects in the scene, including their name, 3D coordinates (represented as [X, Y, Z]), material (metal = shinny, rubber = matte), and other attributes. 
Your job is to analyze this information, find the object with a size of 0.7, use its attributes to identify which object in the image corresponds to that object, and retrieve its color in the following format: {""answer"": ""COLOR""}
Select your answer from the following options: gray, red, blue, green, brown, purple, cyan, or yellow. Do not add any additional text to your answer, provide your answer always in the following format: {""answer"": ""COLOR""}. 

Understanding the Coordinate System X, Y, Z:
• X (Depth): Represents the depth relative to the camera. Smaller values indicate objects that are farther away.
• Y (Horizontal Position): Represents the left-to-right position. A value of zero means the object is centered in the scene, negative values place the object to the left, and positive values to the right.
• Z (Vertical Position): Represents the height of the object's center point. Larger values correspond to higher vertical positions.

Here is the JSON containing details about all objects in the scene in the image:

{""camera_location"": [9.915478112284436, 0, 5.34366512298584], ""objects"": [{""name"": ""Object_0"", ""shape"": ""cylinder"", ""size"": 0.351, ""material"": ""rubber"", ""3d_coords"": [-3.446815868707599, 0.49101349714508413, 0.3499999940395355], ""rotation"": 276.2140808105469}, {""name"": ""Object_1"", ""shape"": ""cube"", ""size"": 0.351, ""material"": ""rubber"", ""3d_coords"": [0.08797373323654215, -0.587972585849492, 0.3499999940395355], ""rotation"": 244.6030731201172}, {""name"": ""Object_2"", ""shape"": ""cube"", ""size"": 0.351, ""material"": ""metal"", ""3d_coords"": [1.8430990976848145, 0.9086803791781174, 0.3499999940395355], ""rotation"": 252.8525848388672}, {""name"": ""Object_3"", ""shape"": ""cube"", ""size"": 0.701, ""material"": ""metal"", ""3d_coords"": [-0.3911008323149323, 3.2310678358222127, 0.699999988079071], ""rotation"": 61.00957489013672}, {""name"": ""Object_4"", ""shape"": ""cone"", ""size"": 0.7, ""material"": ""rubber"", ""3d_coords"": [-2.0973957199323965, -1.8260851007782561, 0.699999988079071], ""rotation"": 26.510316848754883}, {""name"": ""Object_5"", ""shape"": ""sphere"", ""size"": 0.351, ""material"": ""metal"", ""3d_coords"": [0.494945610865555, -2.829583241246721, 0.3499999940395355], ""rotation"": 275.87396240234375}]}

What is the color of the object with a size of 0.7?  ASSISTANT:
assistant
{""answer"": ""red""}",red,"{""answer"": ""green""}",6
9,2.893684,24.656544,27.37896,27.439106,41.697514,55.729958,80.64957,69.10247,85.895485,92.32428,87.16082,83.074776,90.50551,96.17209,99.273094,102.358505,105.19894,76.18079,79.780235,84.09533,95.22036,112.29426,111.03135,118.05258,120.42023,123.64861,117.70957,125.74203,126.97695,136.6221,143.22208,145.90845,152.96025,144.23758,125.75814,99.43986,18.271856,All tokens,260,370,"['user\n USER:  \nThis image shows a minimalist arrangement of 3D geometric shapes made of different materials and colors. The JSON provided contains information about all objects in the scene, including their name, 3D coordinates (represented as [X, Y, Z]), material (metal = shinny, rubber = matte), and other attributes. \nYour job is to identify the purple colored object in the image, match its attributes to identify which of the objects mentioned in the JSON corresponds to that object, and determine its rotation in the following format: {""answer"": ""ROTATION""}\nDo not add any additional text to your answer, provide your answer always in the following format: {""answer"": ""ROTATION""}. \n\nUnderstanding the Coordinate System X, Y, Z:\n• X (Depth): Represents the depth relative to the camera. Smaller values indicate objects that are farther away.\n• Y (Horizontal Position): Represents the left-to-right position. A value of zero means the object is centered in the scene, negative values place the object to the left, and positive values to the right.\n• Z (Vertical Position): Represents the height of the object\'s center point. Larger values correspond to higher vertical positions.\n\nHere is the JSON containing details about all objects in the scene in the image:\n\n{""camera_location"": [9.915478112284436, 0, 5.34366512298584], ""objects"": [{""name"": ""Object_0"", ""shape"": ""cylinder"", ""size"": 0.7, ""material"": ""metal"", ""3d_coords"": [-1.591942043143291, -1.2496840973818253, 0.699999988079071], ""rotation"": 312.8865966796875}, {""name"": ""Object_1"", ""shape"": ""cube"", ""size"": 0.7, ""material"": ""metal"", ""3d_coords"": [0.9189972099466277, 0.02540872099204111, 0.699999988079071], ""rotation"": 270.5379943847656}, {""name"": ""Object_2"", ""shape"": ""cone"", ""size"": 0.351, ""material"": ""metal"", ""3d_coords"": [0.21770528477874906, 1.6116442638476218, 0.3499999940395355], ""rotation"": 218.63015747070312}, {""name"": ""Object_3"", ""shape"": ""cube"", ""size"": 0.351, ""material"": ""rubber"", ""3d_coords"": [2.711817340900719, 1.0510211384077992, 0.3499999940395355], ""rotation"": 209.48934936523438}, {""name"": ""Object_4"", ""shape"": ""sphere"", ""size"": 0.351, ""material"": ""rubber"", ""3d_coords"": [-4.006284979065889, 0.4837366025901044, 0.3499999940395355], ""rotation"": 182.2911376953125}]}\n\nWhat is the rotation value of the purple colored object?  ASSISTANT:\nassistant\n{""answer"": ""182.2911376953125""}']",182.2911376953125,"{""answer"": 182.2911376953125}",5,"user
 USER:  
This image shows a minimalist arrangement of 3D geometric shapes made of different materials and colors. The JSON provided contains information about all objects in the scene, including their name, 3D coordinates (represented as [X, Y, Z]), material (metal = shinny, rubber = matte), and other attributes. 
Your job is to identify the purple colored object in the image, match its attributes to identify which of the objects mentioned in the JSON corresponds to that object, and determine its rotation in the following format: {""answer"": ""ROTATION""}
Do not add any additional text to your answer, provide your answer always in the following format: {""answer"": ""ROTATION""}. 

Understanding the Coordinate System X, Y, Z:
• X (Depth): Represents the depth relative to the camera. Smaller values indicate objects that are farther away.
• Y (Horizontal Position): Represents the left-to-right position. A value of zero means the object is centered in the scene, negative values place the object to the left, and positive values to the right.
• Z (Vertical Position): Represents the height of the object's center point. Larger values correspond to higher vertical positions.

Here is the JSON containing details about all objects in the scene in the image:

{""camera_location"": [9.915478112284436, 0, 5.34366512298584], ""objects"": [{""name"": ""Object_0"", ""shape"": ""cylinder"", ""size"": 0.7, ""material"": ""metal"", ""3d_coords"": [-1.591942043143291, -1.2496840973818253, 0.699999988079071], ""rotation"": 312.8865966796875}, {""name"": ""Object_1"", ""shape"": ""cube"", ""size"": 0.7, ""material"": ""metal"", ""3d_coords"": [0.9189972099466277, 0.02540872099204111, 0.699999988079071], ""rotation"": 270.5379943847656}, {""name"": ""Object_2"", ""shape"": ""cone"", ""size"": 0.351, ""material"": ""metal"", ""3d_coords"": [0.21770528477874906, 1.6116442638476218, 0.3499999940395355], ""rotation"": 218.63015747070312}, {""name"": ""Object_3"", ""shape"": ""cube"", ""size"": 0.351, ""material"": ""rubber"", ""3d_coords"": [2.711817340900719, 1.0510211384077992, 0.3499999940395355], ""rotation"": 209.48934936523438}, {""name"": ""Object_4"", ""shape"": ""sphere"", ""size"": 0.351, ""material"": ""rubber"", ""3d_coords"": [-4.006284979065889, 0.4837366025901044, 0.3499999940395355], ""rotation"": 182.2911376953125}]}

What is the rotation value of the purple colored object?  ASSISTANT:
assistant
{""answer"": ""209.48934936523438""}",209.48934936523438,"{""answer"": 182.2911376953125}",5
10,3.348079,32.891125,37.103058,37.83896,49.963623,58.88856,78.42887,90.849075,107.68684,109.157936,100.454216,93.20408,100.84989,108.25719,111.18844,114.273094,119.124535,103.81922,105.26146,106.93072,115.87383,131.80159,122.40759,126.37821,125.020584,128.0218,116.5715,123.50725,125.15394,136.67169,146.23183,153.24095,162.09668,150.09094,127.82361,100.344635,13.658555,All tokens,244,346,"['user\n USER:  \nThis image shows a minimalist arrangement of 3D geometric shapes made of different materials and colors. The JSON provided contains information about all objects in the scene, including their name, 3D coordinates (represented as [X, Y, Z]), material (metal = shinny, rubber = matte), and other attributes. \nYour job is to analyze this information, find the object with a rotation of 165.31961059570312, use its attributes to identify which object in the image corresponds to that object, and retrieve its color in the following format: {""answer"": ""COLOR""}\nSelect your answer from the following options: gray, red, blue, green, brown, purple, cyan, or yellow. Do not add any additional text to your answer, provide your answer always in the following format: {""answer"": ""COLOR""}. \n\nUnderstanding the Coordinate System X, Y, Z:\n• X (Depth): Represents the depth relative to the camera. Smaller values indicate objects that are farther away.\n• Y (Horizontal Position): Represents the left-to-right position. A value of zero means the object is centered in the scene, negative values place the object to the left, and positive values to the right.\n• Z (Vertical Position): Represents the height of the object\'s center point. Larger values correspond to higher vertical positions.\n\nHere is the JSON containing details about all objects in the scene in the image:\n\n{""camera_location"": [9.915478112284436, 0, 5.34366512298584], ""objects"": [{""name"": ""Object_0"", ""shape"": ""cylinder"", ""size"": 0.7, ""material"": ""rubber"", ""3d_coords"": [-0.5963509222103384, 0.8555032788134402, 0.699999988079071], ""rotation"": 132.22984313964844}, {""name"": ""Object_1"", ""shape"": ""cube"", ""size"": 0.351, ""material"": ""metal"", ""3d_coords"": [1.9596953268473278, 1.6035558370661513, 0.3499999940395355], ""rotation"": 236.74391174316406}, {""name"": ""Object_2"", ""shape"": ""sphere"", ""size"": 0.351, ""material"": ""metal"", ""3d_coords"": [-0.09404706331348178, -3.6358951907994457, 0.3499999940395355], ""rotation"": 182.56710815429688}, {""name"": ""Object_3"", ""shape"": ""cube"", ""size"": 0.7, ""material"": ""rubber"", ""3d_coords"": [3.572088971725676, -0.8319100495066869, 0.699999988079071], ""rotation"": 165.31961059570312}, {""name"": ""Object_4"", ""shape"": ""cylinder"", ""size"": 0.351, ""material"": ""rubber"", ""3d_coords"": [-1.6291685567126233, -2.4808526061745293, 0.3499999940395355], ""rotation"": 338.7406005859375}, {""name"": ""Object_5"", ""shape"": ""cube"", ""size"": 0.351, ""material"": ""metal"", ""3d_coords"": [-2.919907584340635, 0.28883501029226144, 0.3499999940395355], ""rotation"": 122.74473571777344}, {""name"": ""Object_6"", ""shape"": ""cone"", ""size"": 0.7, ""material"": ""metal"", ""3d_coords"": [0.9624861426391786, 3.320220364933027, 0.699999988079071], ""rotation"": 126.17110443115234}, {""name"": ""Object_7"", ""shape"": ""cylinder"", ""size"": 0.7, ""material"": ""rubber"", ""3d_coords"": [0.32033794700094187, -1.304318842496162, 0.699999988079071], ""rotation"": 256.7774658203125}, {""name"": ""Object_8"", ""shape"": ""cylinder"", ""size"": 0.351, ""material"": ""metal"", ""3d_coords"": [1.558059913609951, -1.9835437383531422, 0.3499999940395355], ""rotation"": 354.0904846191406}, {""name"": ""Object_9"", ""shape"": ""cylinder"", ""size"": 0.351, ""material"": ""metal"", ""3d_coords"": [-1.1460673783001005, 2.8807531222174294, 0.3499999940395355], ""rotation"": 32.034080505371094}]}\n\nWhat is the color of the object with a rotation of 165.31961059570312?  ASSISTANT:\nassistant\n{""answer"": ""gray""}']",gray,"{""answer"": ""blue""}",10,"user
 USER:  
This image shows a minimalist arrangement of 3D geometric shapes made of different materials and colors. The JSON provided contains information about all objects in the scene, including their name, 3D coordinates (represented as [X, Y, Z]), material (metal = shinny, rubber = matte), and other attributes. 
Your job is to analyze this information, find the object with a rotation of 165.31961059570312, use its attributes to identify which object in the image corresponds to that object, and retrieve its color in the following format: {""answer"": ""COLOR""}
Select your answer from the following options: gray, red, blue, green, brown, purple, cyan, or yellow. Do not add any additional text to your answer, provide your answer always in the following format: {""answer"": ""COLOR""}. 

Understanding the Coordinate System X, Y, Z:
• X (Depth): Represents the depth relative to the camera. Smaller values indicate objects that are farther away.
• Y (Horizontal Position): Represents the left-to-right position. A value of zero means the object is centered in the scene, negative values place the object to the left, and positive values to the right.
• Z (Vertical Position): Represents the height of the object's center point. Larger values correspond to higher vertical positions.

Here is the JSON containing details about all objects in the scene in the image:

{""camera_location"": [9.915478112284436, 0, 5.34366512298584], ""objects"": [{""name"": ""Object_0"", ""shape"": ""cylinder"", ""size"": 0.7, ""material"": ""rubber"", ""3d_coords"": [-0.5963509222103384, 0.8555032788134402, 0.699999988079071], ""rotation"": 132.22984313964844}, {""name"": ""Object_1"", ""shape"": ""cube"", ""size"": 0.351, ""material"": ""metal"", ""3d_coords"": [1.9596953268473278, 1.6035558370661513, 0.3499999940395355], ""rotation"": 236.74391174316406}, {""name"": ""Object_2"", ""shape"": ""sphere"", ""size"": 0.351, ""material"": ""metal"", ""3d_coords"": [-0.09404706331348178, -3.6358951907994457, 0.3499999940395355], ""rotation"": 182.56710815429688}, {""name"": ""Object_3"", ""shape"": ""cube"", ""size"": 0.7, ""material"": ""rubber"", ""3d_coords"": [3.572088971725676, -0.8319100495066869, 0.699999988079071], ""rotation"": 165.31961059570312}, {""name"": ""Object_4"", ""shape"": ""cylinder"", ""size"": 0.351, ""material"": ""rubber"", ""3d_coords"": [-1.6291685567126233, -2.4808526061745293, 0.3499999940395355], ""rotation"": 338.7406005859375}, {""name"": ""Object_5"", ""shape"": ""cube"", ""size"": 0.351, ""material"": ""metal"", ""3d_coords"": [-2.919907584340635, 0.28883501029226144, 0.3499999940395355], ""rotation"": 122.74473571777344}, {""name"": ""Object_6"", ""shape"": ""cone"", ""size"": 0.7, ""material"": ""metal"", ""3d_coords"": [0.9624861426391786, 3.320220364933027, 0.699999988079071], ""rotation"": 126.17110443115234}, {""name"": ""Object_7"", ""shape"": ""cylinder"", ""size"": 0.7, ""material"": ""rubber"", ""3d_coords"": [0.32033794700094187, -1.304318842496162, 0.699999988079071], ""rotation"": 256.7774658203125}, {""name"": ""Object_8"", ""shape"": ""cylinder"", ""size"": 0.351, ""material"": ""metal"", ""3d_coords"": [1.558059913609951, -1.9835437383531422, 0.3499999940395355], ""rotation"": 354.0904846191406}, {""name"": ""Object_9"", ""shape"": ""cylinder"", ""size"": 0.351, ""material"": ""metal"", ""3d_coords"": [-1.1460673783001005, 2.8807531222174294, 0.3499999940395355], ""rotation"": 32.034080505371094}]}

What is the color of the object with a rotation of 165.31961059570312?  ASSISTANT:
assistant
{""answer"": ""red""}",red,"{""answer"": ""blue""}",10
11,2.8999655,25.675863,28.146904,27.473907,41.387447,54.321793,78.04578,73.00663,89.607285,94.91877,89.208374,84.4759,92.0247,98.22799,101.207825,104.1346,107.50444,80.17663,83.21831,86.521835,97.47295,114.21703,110.738754,117.58224,118.51841,121.24449,113.99331,121.09382,122.85773,132.9114,139.77185,144.03297,151.4414,142.28992,123.55321,98.47293,15.811262,All tokens,767,1052,"['user\n USER:  \nThis image shows a minimalist arrangement of 3D geometric shapes made of different materials and colors. The JSON provided contains information about all objects in the scene, including their name, 3D coordinates (represented as [X, Y, Z]), material (metal = shinny, rubber = matte), and other attributes. \nYour job is to identify the green colored object in the image, match its attributes to identify which of the objects mentioned in the JSON corresponds to that object, and determine its name in the following format: {""answer"": ""NAME""}\nDo not add any additional text to your answer, provide your answer always in the following format: {""answer"": ""NAME""}. \n\nUnderstanding the Coordinate System X, Y, Z:\n• X (Depth): Represents the depth relative to the camera. Smaller values indicate objects that are farther away.\n• Y (Horizontal Position): Represents the left-to-right position. A value of zero means the object is centered in the scene, negative values place the object to the left, and positive values to the right.\n• Z (Vertical Position): Represents the height of the object\'s center point. Larger values correspond to higher vertical positions.\n\nHere is the JSON containing details about all objects in the scene in the image:\n\n{""camera_location"": [9.915478112284436, 0, 5.34366512298584], ""objects"": [{""name"": ""Object_0"", ""shape"": ""cube"", ""size"": 0.7, ""material"": ""metal"", ""3d_coords"": [-2.6366885926928822, 1.4068235439295704, 0.699999988079071], ""rotation"": 52.96209716796875}, {""name"": ""Object_1"", ""shape"": ""cone"", ""size"": 0.7, ""material"": ""rubber"", ""3d_coords"": [2.014599868522229, -1.8843249357854348, 0.699999988079071], ""rotation"": 64.84207153320312}, {""name"": ""Object_2"", ""shape"": ""cylinder"", ""size"": 0.351, ""material"": ""rubber"", ""3d_coords"": [-1.1145251997780832, -2.9610925303406983, 0.3499999940395355], ""rotation"": 306.3620300292969}, {""name"": ""Object_3"", ""shape"": ""cylinder"", ""size"": 0.7, ""material"": ""metal"", ""3d_coords"": [-3.0675586520596037, -0.8788965394173738, 0.699999988079071], ""rotation"": 211.88417053222656}, {""name"": ""Object_4"", ""shape"": ""cylinder"", ""size"": 0.351, ""material"": ""metal"", ""3d_coords"": [0.35434264486983497, 0.3345610617670085, 0.3499999940395355], ""rotation"": 71.63798522949219}, {""name"": ""Object_5"", ""shape"": ""cone"", ""size"": 0.7, ""material"": ""rubber"", ""3d_coords"": [-0.5104371021398848, 2.614751106687411, 0.699999988079071], ""rotation"": 25.481096267700195}]}\n\nWhat is the name of the green colored object?  ASSISTANT:\nassistant\n{""answer"": ""Object_4""}']",Object_4,"{""answer"": ""Object_4""}",6,"user
 USER:  
This image shows a minimalist arrangement of 3D geometric shapes made of different materials and colors. The JSON provided contains information about all objects in the scene, including their name, 3D coordinates (represented as [X, Y, Z]), material (metal = shinny, rubber = matte), and other attributes. 
Your job is to identify the green colored object in the image, match its attributes to identify which of the objects mentioned in the JSON corresponds to that object, and determine its name in the following format: {""answer"": ""NAME""}
Do not add any additional text to your answer, provide your answer always in the following format: {""answer"": ""NAME""}. 

Understanding the Coordinate System X, Y, Z:
• X (Depth): Represents the depth relative to the camera. Smaller values indicate objects that are farther away.
• Y (Horizontal Position): Represents the left-to-right position. A value of zero means the object is centered in the scene, negative values place the object to the left, and positive values to the right.
• Z (Vertical Position): Represents the height of the object's center point. Larger values correspond to higher vertical positions.

Here is the JSON containing details about all objects in the scene in the image:

{""camera_location"": [9.915478112284436, 0, 5.34366512298584], ""objects"": [{""name"": ""Object_0"", ""shape"": ""cube"", ""size"": 0.7, ""material"": ""metal"", ""3d_coords"": [-2.6366885926928822, 1.4068235439295704, 0.699999988079071], ""rotation"": 52.96209716796875}, {""name"": ""Object_1"", ""shape"": ""cone"", ""size"": 0.7, ""material"": ""rubber"", ""3d_coords"": [2.014599868522229, -1.8843249357854348, 0.699999988079071], ""rotation"": 64.84207153320312}, {""name"": ""Object_2"", ""shape"": ""cylinder"", ""size"": 0.351, ""material"": ""rubber"", ""3d_coords"": [-1.1145251997780832, -2.9610925303406983, 0.3499999940395355], ""rotation"": 306.3620300292969}, {""name"": ""Object_3"", ""shape"": ""cylinder"", ""size"": 0.7, ""material"": ""metal"", ""3d_coords"": [-3.0675586520596037, -0.8788965394173738, 0.699999988079071], ""rotation"": 211.88417053222656}, {""name"": ""Object_4"", ""shape"": ""cylinder"", ""size"": 0.351, ""material"": ""metal"", ""3d_coords"": [0.35434264486983497, 0.3345610617670085, 0.3499999940395355], ""rotation"": 71.63798522949219}, {""name"": ""Object_5"", ""shape"": ""cone"", ""size"": 0.7, ""material"": ""rubber"", ""3d_coords"": [-0.5104371021398848, 2.614751106687411, 0.699999988079071], ""rotation"": 25.481096267700195}]}

What is the name of the green colored object?  ASSISTANT:
assistant
{""answer"": ""Object_5""}",Object_5,"{""answer"": ""Object_4""}",6
12,3.2426503,30.800121,34.353134,35.02547,47.4823,56.812683,77.10593,84.73922,101.65283,103.281944,95.877304,89.50108,96.749794,103.91995,107.22272,110.210175,114.93942,95.190895,97.30324,98.918755,108.54505,124.93679,115.80782,120.503975,120.35426,122.485466,111.74903,118.09452,119.23274,129.62152,138.40793,144.87206,153.02182,141.88652,121.3695,95.746956,13.458274,All tokens,1791,2395,"['user\n USER:  \nThis image shows a minimalist arrangement of 3D geometric shapes made of different materials and colors. The JSON provided contains information about all objects in the scene, including their name, 3D coordinates (represented as [X, Y, Z]), material (metal = shinny, rubber = matte), and other attributes. \nYour job is to identify the sphere in the image, match its attributes to identify which of the objects mentioned in the JSON corresponds to that object, and determine its rotation in the following format: {""answer"": ""ROTATION""}\nDo not add any additional text to your answer, provide your answer always in the following format: {""answer"": ""ROTATION""}. \n\nUnderstanding the Coordinate System X, Y, Z:\n• X (Depth): Represents the depth relative to the camera. Smaller values indicate objects that are farther away.\n• Y (Horizontal Position): Represents the left-to-right position. A value of zero means the object is centered in the scene, negative values place the object to the left, and positive values to the right.\n• Z (Vertical Position): Represents the height of the object\'s center point. Larger values correspond to higher vertical positions.\n\nHere is the JSON containing details about all objects in the scene in the image:\n\n{""camera_location"": [9.915478112284436, 0, 5.34366512298584], ""objects"": [{""name"": ""Object_0"", ""size"": 0.351, ""material"": ""metal"", ""3d_coords"": [-2.372398505046415, -0.39747873069195594, 0.3499999940395355], ""rotation"": 211.63101196289062, ""color"": ""green""}, {""name"": ""Object_1"", ""size"": 0.7, ""material"": ""rubber"", ""3d_coords"": [0.6232362519755055, 0.4957048187076219, 0.699999988079071], ""rotation"": 104.50055694580078, ""color"": ""purple""}, {""name"": ""Object_2"", ""size"": 0.7, ""material"": ""metal"", ""3d_coords"": [-0.8738257055352776, 2.870242792717485, 0.699999988079071], ""rotation"": 315.33099365234375, ""color"": ""yellow""}, {""name"": ""Object_3"", ""size"": 0.351, ""material"": ""metal"", ""3d_coords"": [-0.02248640065592178, -3.1631010984785233, 0.3499999940395355], ""rotation"": 99.96887969970703, ""color"": ""cyan""}, {""name"": ""Object_4"", ""size"": 0.351, ""material"": ""metal"", ""3d_coords"": [1.3184011240790674, -2.7096027164923706, 0.3499999940395355], ""rotation"": 290.90203857421875, ""color"": ""green""}, {""name"": ""Object_5"", ""size"": 0.7, ""material"": ""rubber"", ""3d_coords"": [-1.7561270265643834, -2.0078837814313553, 0.699999988079071], ""rotation"": 343.685791015625, ""color"": ""blue""}, {""name"": ""Object_6"", ""size"": 0.351, ""material"": ""rubber"", ""3d_coords"": [-0.4397722694094792, -1.3267859464288265, 0.3499999940395355], ""rotation"": 287.93170166015625, ""color"": ""brown""}, {""name"": ""Object_7"", ""size"": 0.351, ""material"": ""rubber"", ""3d_coords"": [1.7624547228858733, 2.176969392723907, 0.3499999940395355], ""rotation"": 179.15823364257812, ""color"": ""cyan""}, {""name"": ""Object_8"", ""size"": 0.7, ""material"": ""rubber"", ""3d_coords"": [3.1620595057088092, 0.045002803695253, 0.699999988079071], ""rotation"": 317.5128173828125, ""color"": ""red""}]}\n\nWhat is the rotation value of the sphere?  ASSISTANT:\nassistant\n{""answer"": 287.93170166015625}']",287.93170166015625,"{""answer"": 287.93170166015625}",9,"user
 USER:  
This image shows a minimalist arrangement of 3D geometric shapes made of different materials and colors. The JSON provided contains information about all objects in the scene, including their name, 3D coordinates (represented as [X, Y, Z]), material (metal = shinny, rubber = matte), and other attributes. 
Your job is to identify the sphere in the image, match its attributes to identify which of the objects mentioned in the JSON corresponds to that object, and determine its rotation in the following format: {""answer"": ""ROTATION""}
Do not add any additional text to your answer, provide your answer always in the following format: {""answer"": ""ROTATION""}. 

Understanding the Coordinate System X, Y, Z:
• X (Depth): Represents the depth relative to the camera. Smaller values indicate objects that are farther away.
• Y (Horizontal Position): Represents the left-to-right position. A value of zero means the object is centered in the scene, negative values place the object to the left, and positive values to the right.
• Z (Vertical Position): Represents the height of the object's center point. Larger values correspond to higher vertical positions.

Here is the JSON containing details about all objects in the scene in the image:

{""camera_location"": [9.915478112284436, 0, 5.34366512298584], ""objects"": [{""name"": ""Object_0"", ""size"": 0.351, ""material"": ""metal"", ""3d_coords"": [-2.372398505046415, -0.39747873069195594, 0.3499999940395355], ""rotation"": 211.63101196289062, ""color"": ""green""}, {""name"": ""Object_1"", ""size"": 0.7, ""material"": ""rubber"", ""3d_coords"": [0.6232362519755055, 0.4957048187076219, 0.699999988079071], ""rotation"": 104.50055694580078, ""color"": ""purple""}, {""name"": ""Object_2"", ""size"": 0.7, ""material"": ""metal"", ""3d_coords"": [-0.8738257055352776, 2.870242792717485, 0.699999988079071], ""rotation"": 315.33099365234375, ""color"": ""yellow""}, {""name"": ""Object_3"", ""size"": 0.351, ""material"": ""metal"", ""3d_coords"": [-0.02248640065592178, -3.1631010984785233, 0.3499999940395355], ""rotation"": 99.96887969970703, ""color"": ""cyan""}, {""name"": ""Object_4"", ""size"": 0.351, ""material"": ""metal"", ""3d_coords"": [1.3184011240790674, -2.7096027164923706, 0.3499999940395355], ""rotation"": 290.90203857421875, ""color"": ""green""}, {""name"": ""Object_5"", ""size"": 0.7, ""material"": ""rubber"", ""3d_coords"": [-1.7561270265643834, -2.0078837814313553, 0.699999988079071], ""rotation"": 343.685791015625, ""color"": ""blue""}, {""name"": ""Object_6"", ""size"": 0.351, ""material"": ""rubber"", ""3d_coords"": [-0.4397722694094792, -1.3267859464288265, 0.3499999940395355], ""rotation"": 287.93170166015625, ""color"": ""brown""}, {""name"": ""Object_7"", ""size"": 0.351, ""material"": ""rubber"", ""3d_coords"": [1.7624547228858733, 2.176969392723907, 0.3499999940395355], ""rotation"": 179.15823364257812, ""color"": ""cyan""}, {""name"": ""Object_8"", ""size"": 0.7, ""material"": ""rubber"", ""3d_coords"": [3.1620595057088092, 0.045002803695253, 0.699999988079071], ""rotation"": 317.5128173828125, ""color"": ""red""}]}

What is the rotation value of the sphere?  ASSISTANT:
assistant
{""answer"": ""211.63101196289062""}",211.63101196289062,"{""answer"": 287.93170166015625}",9
13,2.9202206,23.594772,24.86446,23.135563,37.465637,53.09831,79.55781,56.271873,71.42124,79.99031,76.95272,73.96127,80.26522,85.39736,88.61001,91.29345,93.94713,89.945305,93.81973,98.8034,107.48866,124.066,124.16786,129.33171,130.13597,133.06316,130.18053,138.26657,139.8086,148.06702,152.62708,152.10861,157.67334,149.42235,131.2403,100.87759,29.526476,All tokens,1905,2553,"['user\n USER:  \nThis image shows a minimalist arrangement of 3D geometric shapes made of different materials and colors. The JSON provided contains information about all objects in the scene, including their name, 3D coordinates (represented as [X, Y, Z]), material (metal = shinny, rubber = matte), and other attributes. \nYour job is to analyze this information, find the object with a size of 0.7, use its attributes to identify which object in the image corresponds to that object, and retrieve its shape in the following format: {""answer"": ""SHAPE""}\nSelect your answer from the following options: cylinder, sphere, cone, or cube. Do not add any additional text to your answer, provide your answer always in the following format: {""answer"": ""SHAPE""}. \n\nUnderstanding the Coordinate System X, Y, Z:\n• X (Depth): Represents the depth relative to the camera. Smaller values indicate objects that are farther away.\n• Y (Horizontal Position): Represents the left-to-right position. A value of zero means the object is centered in the scene, negative values place the object to the left, and positive values to the right.\n• Z (Vertical Position): Represents the height of the object\'s center point. Larger values correspond to higher vertical positions.\n\nHere is the JSON containing details about all objects in the scene in the image:\n\n{""camera_location"": [9.915478112284436, 0, 5.34366512298584], ""objects"": [{""name"": ""Object_0"", ""size"": 0.7, ""material"": ""rubber"", ""3d_coords"": [-0.7229361903991207, -2.4494391558322413, 0.699999988079071], ""rotation"": 256.993408203125, ""color"": ""blue""}, {""name"": ""Object_1"", ""size"": 0.351, ""material"": ""metal"", ""3d_coords"": [0.4406416248691593, -0.4636134240217492, 0.3499999940395355], ""rotation"": 86.39359283447266, ""color"": ""cyan""}, {""name"": ""Object_2"", ""size"": 0.351, ""material"": ""metal"", ""3d_coords"": [2.6571181964591464, 1.1475936486582223, 0.3499999940395355], ""rotation"": 337.097900390625, ""color"": ""red""}]}\n\nWhat is the shape of the object with a size of 0.7?  ASSISTANT:\nassistant\n{""answer"": ""cone""}']",cone,"{""answer"": ""cone""}",3,"user
 USER:  
This image shows a minimalist arrangement of 3D geometric shapes made of different materials and colors. The JSON provided contains information about all objects in the scene, including their name, 3D coordinates (represented as [X, Y, Z]), material (metal = shinny, rubber = matte), and other attributes. 
Your job is to analyze this information, find the object with a size of 0.7, use its attributes to identify which object in the image corresponds to that object, and retrieve its shape in the following format: {""answer"": ""SHAPE""}
Select your answer from the following options: cylinder, sphere, cone, or cube. Do not add any additional text to your answer, provide your answer always in the following format: {""answer"": ""SHAPE""}. 

Understanding the Coordinate System X, Y, Z:
• X (Depth): Represents the depth relative to the camera. Smaller values indicate objects that are farther away.
• Y (Horizontal Position): Represents the left-to-right position. A value of zero means the object is centered in the scene, negative values place the object to the left, and positive values to the right.
• Z (Vertical Position): Represents the height of the object's center point. Larger values correspond to higher vertical positions.

Here is the JSON containing details about all objects in the scene in the image:

{""camera_location"": [9.915478112284436, 0, 5.34366512298584], ""objects"": [{""name"": ""Object_0"", ""size"": 0.7, ""material"": ""rubber"", ""3d_coords"": [-0.7229361903991207, -2.4494391558322413, 0.699999988079071], ""rotation"": 256.993408203125, ""color"": ""blue""}, {""name"": ""Object_1"", ""size"": 0.351, ""material"": ""metal"", ""3d_coords"": [0.4406416248691593, -0.4636134240217492, 0.3499999940395355], ""rotation"": 86.39359283447266, ""color"": ""cyan""}, {""name"": ""Object_2"", ""size"": 0.351, ""material"": ""metal"", ""3d_coords"": [2.6571181964591464, 1.1475936486582223, 0.3499999940395355], ""rotation"": 337.097900390625, ""color"": ""red""}]}

What is the shape of the object with a size of 0.7?  ASSISTANT:
assistant
{""answer"": ""cube""}",cube,"{""answer"": ""cone""}",3
14,3.335783,32.530937,35.418026,35.3997,48.075935,57.611317,78.11424,86.38974,103.96471,106.01539,97.81858,91.19347,98.20518,105.435776,108.16266,111.19862,115.68563,97.20806,99.049446,100.765045,110.92833,126.83492,118.18048,122.925186,123.19453,125.69639,114.774734,121.42415,122.97426,134.06349,143.90253,150.93245,159.53065,148.45938,126.729256,100.64145,12.770594,All tokens,217,304,"['user\n USER:  \nThis image shows a minimalist arrangement of 3D geometric shapes made of different materials and colors. The JSON provided contains information about all objects in the scene, including their name, 3D coordinates (represented as [X, Y, Z]), material (metal = shinny, rubber = matte), and other attributes. \nYour job is to analyze this information, find the object named \'Object_0\', use its attributes to identify which object in the image corresponds to that object, and retrieve its shape in the following format: {""answer"": ""SHAPE""}\nSelect your answer from the following options: cylinder, sphere, cone, or cube. Do not add any additional text to your answer, provide your answer always in the following format: {""answer"": ""SHAPE""}. \n\nUnderstanding the Coordinate System X, Y, Z:\n• X (Depth): Represents the depth relative to the camera. Smaller values indicate objects that are farther away.\n• Y (Horizontal Position): Represents the left-to-right position. A value of zero means the object is centered in the scene, negative values place the object to the left, and positive values to the right.\n• Z (Vertical Position): Represents the height of the object\'s center point. Larger values correspond to higher vertical positions.\n\nHere is the JSON containing details about all objects in the scene in the image:\n\n{""camera_location"": [9.915478112284436, 0, 5.34366512298584], ""objects"": [{""name"": ""Object_0"", ""size"": 0.351, ""material"": ""rubber"", ""3d_coords"": [2.709698080722311, -1.440235361418496, 0.3499999940395355], ""rotation"": 309.60693359375, ""color"": ""yellow""}, {""name"": ""Object_1"", ""size"": 0.7, ""material"": ""rubber"", ""3d_coords"": [-0.6384590216732801, 0.4124965998571457, 0.699999988079071], ""rotation"": 314.451904296875, ""color"": ""yellow""}, {""name"": ""Object_2"", ""size"": 0.701, ""material"": ""rubber"", ""3d_coords"": [0.7390138156754887, -2.7264980674598487, 0.699999988079071], ""rotation"": 110.91935729980469, ""color"": ""cyan""}, {""name"": ""Object_3"", ""size"": 0.701, ""material"": ""rubber"", ""3d_coords"": [-3.244447530119098, -0.8037323196943484, 0.699999988079071], ""rotation"": 41.17438507080078, ""color"": ""gray""}, {""name"": ""Object_4"", ""size"": 0.351, ""material"": ""metal"", ""3d_coords"": [-1.2420418246304212, -2.2994553754845746, 0.3499999940395355], ""rotation"": 171.4700927734375, ""color"": ""red""}, {""name"": ""Object_5"", ""size"": 0.351, ""material"": ""rubber"", ""3d_coords"": [-0.21406908499043587, 3.6610315147846757, 0.3499999940395355], ""rotation"": 126.65029907226562, ""color"": ""blue""}, {""name"": ""Object_6"", ""size"": 0.7, ""material"": ""rubber"", ""3d_coords"": [-2.4429121306997312, 1.5710332858717675, 0.699999988079071], ""rotation"": 18.680837631225586, ""color"": ""green""}, {""name"": ""Object_7"", ""size"": 0.351, ""material"": ""metal"", ""3d_coords"": [1.6869559938138854, 2.284117278151671, 0.3499999940395355], ""rotation"": 94.076171875, ""color"": ""yellow""}, {""name"": ""Object_8"", ""size"": 0.351, ""material"": ""metal"", ""3d_coords"": [-1.7225403608950587, -0.33498221889377644, 0.3499999940395355], ""rotation"": 107.05933380126953, ""color"": ""blue""}]}\n\nWhat is the shape of the object named \'Object_0\'?  ASSISTANT:\nassistant\n{""answer"": ""cylinder""}']",cylinder,"{""answer"": ""cylinder""}",9,"user
 USER:  
This image shows a minimalist arrangement of 3D geometric shapes made of different materials and colors. The JSON provided contains information about all objects in the scene, including their name, 3D coordinates (represented as [X, Y, Z]), material (metal = shinny, rubber = matte), and other attributes. 
Your job is to analyze this information, find the object named 'Object_0', use its attributes to identify which object in the image corresponds to that object, and retrieve its shape in the following format: {""answer"": ""SHAPE""}
Select your answer from the following options: cylinder, sphere, cone, or cube. Do not add any additional text to your answer, provide your answer always in the following format: {""answer"": ""SHAPE""}. 

Understanding the Coordinate System X, Y, Z:
• X (Depth): Represents the depth relative to the camera. Smaller values indicate objects that are farther away.
• Y (Horizontal Position): Represents the left-to-right position. A value of zero means the object is centered in the scene, negative values place the object to the left, and positive values to the right.
• Z (Vertical Position): Represents the height of the object's center point. Larger values correspond to higher vertical positions.

Here is the JSON containing details about all objects in the scene in the image:

{""camera_location"": [9.915478112284436, 0, 5.34366512298584], ""objects"": [{""name"": ""Object_0"", ""size"": 0.351, ""material"": ""rubber"", ""3d_coords"": [2.709698080722311, -1.440235361418496, 0.3499999940395355], ""rotation"": 309.60693359375, ""color"": ""yellow""}, {""name"": ""Object_1"", ""size"": 0.7, ""material"": ""rubber"", ""3d_coords"": [-0.6384590216732801, 0.4124965998571457, 0.699999988079071], ""rotation"": 314.451904296875, ""color"": ""yellow""}, {""name"": ""Object_2"", ""size"": 0.701, ""material"": ""rubber"", ""3d_coords"": [0.7390138156754887, -2.7264980674598487, 0.699999988079071], ""rotation"": 110.91935729980469, ""color"": ""cyan""}, {""name"": ""Object_3"", ""size"": 0.701, ""material"": ""rubber"", ""3d_coords"": [-3.244447530119098, -0.8037323196943484, 0.699999988079071], ""rotation"": 41.17438507080078, ""color"": ""gray""}, {""name"": ""Object_4"", ""size"": 0.351, ""material"": ""metal"", ""3d_coords"": [-1.2420418246304212, -2.2994553754845746, 0.3499999940395355], ""rotation"": 171.4700927734375, ""color"": ""red""}, {""name"": ""Object_5"", ""size"": 0.351, ""material"": ""rubber"", ""3d_coords"": [-0.21406908499043587, 3.6610315147846757, 0.3499999940395355], ""rotation"": 126.65029907226562, ""color"": ""blue""}, {""name"": ""Object_6"", ""size"": 0.7, ""material"": ""rubber"", ""3d_coords"": [-2.4429121306997312, 1.5710332858717675, 0.699999988079071], ""rotation"": 18.680837631225586, ""color"": ""green""}, {""name"": ""Object_7"", ""size"": 0.351, ""material"": ""metal"", ""3d_coords"": [1.6869559938138854, 2.284117278151671, 0.3499999940395355], ""rotation"": 94.076171875, ""color"": ""yellow""}, {""name"": ""Object_8"", ""size"": 0.351, ""material"": ""metal"", ""3d_coords"": [-1.7225403608950587, -0.33498221889377644, 0.3499999940395355], ""rotation"": 107.05933380126953, ""color"": ""blue""}]}

What is the shape of the object named 'Object_0'?  ASSISTANT:
assistant
{""answer"": ""cube""}",cube,"{""answer"": ""cylinder""}",9
15,3.1973484,30.414562,35.165863,35.852184,48.58112,58.33772,78.66018,86.4791,103.69128,105.85839,97.20061,90.65455,98.30278,105.02117,107.68154,111.28381,115.947014,98.81518,100.50103,102.183235,111.10979,127.00904,118.26712,122.62117,121.28122,123.67799,112.89687,119.57049,120.56265,131.08107,140.12775,145.9063,153.91284,142.26746,121.27271,95.594185,14.038051,All tokens,1628,2190,"['user\n USER:  \nThis image shows a minimalist arrangement of 3D geometric shapes made of different materials and colors. The JSON provided contains information about all objects in the scene, including their name, 3D coordinates (represented as [X, Y, Z]), material (metal = shinny, rubber = matte), and other attributes. \nYour job is to identify the green colored object in the image, match its attributes to identify which of the objects mentioned in the JSON corresponds to that object, and determine its 3D coordinates in the following format: {""answer"": [X, Y, Z]}\nDo not add any additional text to your answer, provide your answer always in the following format: {""answer"": [X, Y, Z]}. \n\nUnderstanding the Coordinate System X, Y, Z:\n• X (Depth): Represents the depth relative to the camera. Smaller values indicate objects that are farther away.\n• Y (Horizontal Position): Represents the left-to-right position. A value of zero means the object is centered in the scene, negative values place the object to the left, and positive values to the right.\n• Z (Vertical Position): Represents the height of the object\'s center point. Larger values correspond to higher vertical positions.\n\nHere is the JSON containing details about all objects in the scene in the image:\n\n{""camera_location"": [9.915478112284436, 0, 5.34366512298584], ""objects"": [{""name"": ""Object_0"", ""shape"": ""cube"", ""size"": 0.7, ""material"": ""metal"", ""3d_coords"": [1.1267004222382218, 1.8231683790597089, 0.699999988079071], ""rotation"": 16.7275390625}, {""name"": ""Object_1"", ""shape"": ""cube"", ""size"": 0.351, ""material"": ""rubber"", ""3d_coords"": [-1.1304236640784986, 2.822405236940696, 0.3499999940395355], ""rotation"": 161.14205932617188}, {""name"": ""Object_2"", ""shape"": ""cylinder"", ""size"": 0.7, ""material"": ""metal"", ""3d_coords"": [0.4076121100534016, 3.461943479264021, 0.699999988079071], ""rotation"": 172.60667419433594}, {""name"": ""Object_3"", ""shape"": ""cylinder"", ""size"": 0.7, ""material"": ""metal"", ""3d_coords"": [-2.229718809188212, -1.5826300310566999, 0.699999988079071], ""rotation"": 257.14556884765625}, {""name"": ""Object_4"", ""shape"": ""sphere"", ""size"": 0.351, ""material"": ""rubber"", ""3d_coords"": [-0.06781999581971365, -0.9115756806495989, 0.3499999940395355], ""rotation"": 341.6014709472656}, {""name"": ""Object_5"", ""shape"": ""cube"", ""size"": 0.351, ""material"": ""metal"", ""3d_coords"": [-1.5590014841350859, -0.1204632424687877, 0.3499999940395355], ""rotation"": 182.80690002441406}, {""name"": ""Object_6"", ""shape"": ""sphere"", ""size"": 0.351, ""material"": ""rubber"", ""3d_coords"": [-2.916665289872583, 1.034661346462233, 0.3499999940395355], ""rotation"": 305.560302734375}, {""name"": ""Object_7"", ""shape"": ""sphere"", ""size"": 0.351, ""material"": ""metal"", ""3d_coords"": [-4.102307173336684, 0.4056000536439983, 0.3499999940395355], ""rotation"": 0.8873293995857239}, {""name"": ""Object_8"", ""shape"": ""cone"", ""size"": 0.351, ""material"": ""metal"", ""3d_coords"": [-0.630786297988576, -2.5257303393567216, 0.3499999940395355], ""rotation"": 45.06630325317383}]}\n\nWhich are the 3D coordinates of the green colored object?  ASSISTANT:\nassistant\n{""answer"": [-2.229718809188212, -1.5826300310566999, 0.69999']","[-2.229718809188212, -1.5826300310566999, 0.69999","{""answer"": [-2.229718809188212, -1.5826300310566999, 0.699999988079071]}",9,"user
 USER:  
This image shows a minimalist arrangement of 3D geometric shapes made of different materials and colors. The JSON provided contains information about all objects in the scene, including their name, 3D coordinates (represented as [X, Y, Z]), material (metal = shinny, rubber = matte), and other attributes. 
Your job is to identify the green colored object in the image, match its attributes to identify which of the objects mentioned in the JSON corresponds to that object, and determine its 3D coordinates in the following format: {""answer"": [X, Y, Z]}
Do not add any additional text to your answer, provide your answer always in the following format: {""answer"": [X, Y, Z]}. 

Understanding the Coordinate System X, Y, Z:
• X (Depth): Represents the depth relative to the camera. Smaller values indicate objects that are farther away.
• Y (Horizontal Position): Represents the left-to-right position. A value of zero means the object is centered in the scene, negative values place the object to the left, and positive values to the right.
• Z (Vertical Position): Represents the height of the object's center point. Larger values correspond to higher vertical positions.

Here is the JSON containing details about all objects in the scene in the image:

{""camera_location"": [9.915478112284436, 0, 5.34366512298584], ""objects"": [{""name"": ""Object_0"", ""shape"": ""cube"", ""size"": 0.7, ""material"": ""metal"", ""3d_coords"": [1.1267004222382218, 1.8231683790597089, 0.699999988079071], ""rotation"": 16.7275390625}, {""name"": ""Object_1"", ""shape"": ""cube"", ""size"": 0.351, ""material"": ""rubber"", ""3d_coords"": [-1.1304236640784986, 2.822405236940696, 0.3499999940395355], ""rotation"": 161.14205932617188}, {""name"": ""Object_2"", ""shape"": ""cylinder"", ""size"": 0.7, ""material"": ""metal"", ""3d_coords"": [0.4076121100534016, 3.461943479264021, 0.699999988079071], ""rotation"": 172.60667419433594}, {""name"": ""Object_3"", ""shape"": ""cylinder"", ""size"": 0.7, ""material"": ""metal"", ""3d_coords"": [-2.229718809188212, -1.5826300310566999, 0.699999988079071], ""rotation"": 257.14556884765625}, {""name"": ""Object_4"", ""shape"": ""sphere"", ""size"": 0.351, ""material"": ""rubber"", ""3d_coords"": [-0.06781999581971365, -0.9115756806495989, 0.3499999940395355], ""rotation"": 341.6014709472656}, {""name"": ""Object_5"", ""shape"": ""cube"", ""size"": 0.351, ""material"": ""metal"", ""3d_coords"": [-1.5590014841350859, -0.1204632424687877, 0.3499999940395355], ""rotation"": 182.80690002441406}, {""name"": ""Object_6"", ""shape"": ""sphere"", ""size"": 0.351, ""material"": ""rubber"", ""3d_coords"": [-2.916665289872583, 1.034661346462233, 0.3499999940395355], ""rotation"": 305.560302734375}, {""name"": ""Object_7"", ""shape"": ""sphere"", ""size"": 0.351, ""material"": ""metal"", ""3d_coords"": [-4.102307173336684, 0.4056000536439983, 0.3499999940395355], ""rotation"": 0.8873293995857239}, {""name"": ""Object_8"", ""shape"": ""cone"", ""size"": 0.351, ""material"": ""metal"", ""3d_coords"": [-0.630786297988576, -2.5257303393567216, 0.3499999940395355], ""rotation"": 45.06630325317383}]}

Which are the 3D coordinates of the green colored object?  ASSISTANT:
assistant
{""answer"": [1.1267004222382218, 1.8231683790597089, 0.6999","[1.1267004222382218, 1.8231683790597089, 0.6999","{""answer"": [-2.229718809188212, -1.5826300310566999, 0.699999988079071]}",9
16,2.8357456,25.517624,27.73756,28.304127,41.571075,53.456715,76.241234,76.74545,94.03932,97.73397,91.52974,86.356964,93.8659,100.208786,103.06332,105.9555,109.71473,95.57955,97.42854,99.217674,107.691154,124.49505,117.68893,122.51299,121.8049,123.64196,114.53839,121.03649,121.888565,132.32703,139.60648,144.33417,151.63239,141.38864,120.56219,95.5956,14.449916,All tokens,3436,4566,"['user\n USER:  \nThis image shows a minimalist arrangement of 3D geometric shapes made of different materials and colors. The JSON provided contains information about all objects in the scene, including their name, 3D coordinates (represented as [X, Y, Z]), material (metal = shinny, rubber = matte), and other attributes. \nYour job is to identify the cylinder in the image, match its attributes to identify which of the objects mentioned in the JSON corresponds to that object, and determine its rotation in the following format: {""answer"": ""ROTATION""}\nDo not add any additional text to your answer, provide your answer always in the following format: {""answer"": ""ROTATION""}. \n\nUnderstanding the Coordinate System X, Y, Z:\n• X (Depth): Represents the depth relative to the camera. Smaller values indicate objects that are farther away.\n• Y (Horizontal Position): Represents the left-to-right position. A value of zero means the object is centered in the scene, negative values place the object to the left, and positive values to the right.\n• Z (Vertical Position): Represents the height of the object\'s center point. Larger values correspond to higher vertical positions.\n\nHere is the JSON containing details about all objects in the scene in the image:\n\n{""camera_location"": [9.915478112284436, 0, 5.34366512298584], ""objects"": [{""name"": ""Object_0"", ""size"": 0.7, ""material"": ""rubber"", ""3d_coords"": [0.9441266640162618, -0.22483856510749234, 0.699999988079071], ""rotation"": 107.11721801757812, ""color"": ""cyan""}, {""name"": ""Object_1"", ""size"": 0.7, ""material"": ""metal"", ""3d_coords"": [-3.722745258241467, 0.3759789649741465, 0.699999988079071], ""rotation"": 24.617082595825195, ""color"": ""blue""}, {""name"": ""Object_2"", ""size"": 0.701, ""material"": ""rubber"", ""3d_coords"": [-0.35222737980262564, -1.7545273289216365, 0.699999988079071], ""rotation"": 328.1737365722656, ""color"": ""brown""}, {""name"": ""Object_3"", ""size"": 0.7, ""material"": ""rubber"", ""3d_coords"": [0.2761092814031165, 3.977669944068631, 0.699999988079071], ""rotation"": 123.37783813476562, ""color"": ""green""}, {""name"": ""Object_4"", ""size"": 0.351, ""material"": ""metal"", ""3d_coords"": [2.4302379401481073, -1.1448305103783136, 0.3499999940395355], ""rotation"": 76.5225830078125, ""color"": ""purple""}, {""name"": ""Object_5"", ""size"": 0.7, ""material"": ""rubber"", ""3d_coords"": [-1.4063884131545423, 1.6972843575742607, 0.699999988079071], ""rotation"": 314.00177001953125, ""color"": ""yellow""}, {""name"": ""Object_6"", ""size"": 0.7, ""material"": ""metal"", ""3d_coords"": [3.0776287614498274, 0.9713124039416563, 0.699999988079071], ""rotation"": 213.0209197998047, ""color"": ""gray""}]}\n\nWhat is the rotation value of the cylinder?  ASSISTANT:\nassistant\n{""answer"": ""213.0209197998047""}']",213.0209197998047,"{""answer"": 213.0209197998047}",7,"user
 USER:  
This image shows a minimalist arrangement of 3D geometric shapes made of different materials and colors. The JSON provided contains information about all objects in the scene, including their name, 3D coordinates (represented as [X, Y, Z]), material (metal = shinny, rubber = matte), and other attributes. 
Your job is to identify the cylinder in the image, match its attributes to identify which of the objects mentioned in the JSON corresponds to that object, and determine its rotation in the following format: {""answer"": ""ROTATION""}
Do not add any additional text to your answer, provide your answer always in the following format: {""answer"": ""ROTATION""}. 

Understanding the Coordinate System X, Y, Z:
• X (Depth): Represents the depth relative to the camera. Smaller values indicate objects that are farther away.
• Y (Horizontal Position): Represents the left-to-right position. A value of zero means the object is centered in the scene, negative values place the object to the left, and positive values to the right.
• Z (Vertical Position): Represents the height of the object's center point. Larger values correspond to higher vertical positions.

Here is the JSON containing details about all objects in the scene in the image:

{""camera_location"": [9.915478112284436, 0, 5.34366512298584], ""objects"": [{""name"": ""Object_0"", ""size"": 0.7, ""material"": ""rubber"", ""3d_coords"": [0.9441266640162618, -0.22483856510749234, 0.699999988079071], ""rotation"": 107.11721801757812, ""color"": ""cyan""}, {""name"": ""Object_1"", ""size"": 0.7, ""material"": ""metal"", ""3d_coords"": [-3.722745258241467, 0.3759789649741465, 0.699999988079071], ""rotation"": 24.617082595825195, ""color"": ""blue""}, {""name"": ""Object_2"", ""size"": 0.701, ""material"": ""rubber"", ""3d_coords"": [-0.35222737980262564, -1.7545273289216365, 0.699999988079071], ""rotation"": 328.1737365722656, ""color"": ""brown""}, {""name"": ""Object_3"", ""size"": 0.7, ""material"": ""rubber"", ""3d_coords"": [0.2761092814031165, 3.977669944068631, 0.699999988079071], ""rotation"": 123.37783813476562, ""color"": ""green""}, {""name"": ""Object_4"", ""size"": 0.351, ""material"": ""metal"", ""3d_coords"": [2.4302379401481073, -1.1448305103783136, 0.3499999940395355], ""rotation"": 76.5225830078125, ""color"": ""purple""}, {""name"": ""Object_5"", ""size"": 0.7, ""material"": ""rubber"", ""3d_coords"": [-1.4063884131545423, 1.6972843575742607, 0.699999988079071], ""rotation"": 314.00177001953125, ""color"": ""yellow""}, {""name"": ""Object_6"", ""size"": 0.7, ""material"": ""metal"", ""3d_coords"": [3.0776287614498274, 0.9713124039416563, 0.699999988079071], ""rotation"": 213.0209197998047, ""color"": ""gray""}]}

What is the rotation value of the cylinder?  ASSISTANT:
assistant
{""answer"": 76.5225830078125}",76.5225830078125,"{""answer"": 213.0209197998047}",7
17,2.8870702,26.258478,28.864471,29.853325,43.06895,54.94422,77.69137,78.12389,95.23117,99.444885,93.12202,87.519806,95.308304,101.542435,104.35624,107.42855,110.984146,87.58072,90.168564,93.01542,102.96227,120.12625,115.32185,121.26167,121.507545,124.516426,116.19934,123.644966,125.1234,135.4714,143.98766,149.26881,157.24979,146.7307,125.92521,99.73509,14.492377,All tokens,1805,2418,"['user\n USER:  \nThis image shows a minimalist arrangement of 3D geometric shapes made of different materials and colors. The JSON provided contains information about all objects in the scene, including their name, 3D coordinates (represented as [X, Y, Z]), material (metal = shinny, rubber = matte), and other attributes. \nYour job is to identify the cyan colored object in the image, match its attributes to identify which of the objects mentioned in the JSON corresponds to that object, and determine its name in the following format: {""answer"": ""NAME""}\nDo not add any additional text to your answer, provide your answer always in the following format: {""answer"": ""NAME""}. \n\nUnderstanding the Coordinate System X, Y, Z:\n• X (Depth): Represents the depth relative to the camera. Smaller values indicate objects that are farther away.\n• Y (Horizontal Position): Represents the left-to-right position. A value of zero means the object is centered in the scene, negative values place the object to the left, and positive values to the right.\n• Z (Vertical Position): Represents the height of the object\'s center point. Larger values correspond to higher vertical positions.\n\nHere is the JSON containing details about all objects in the scene in the image:\n\n{""camera_location"": [9.915478112284436, 0, 5.34366512298584], ""objects"": [{""name"": ""Object_0"", ""shape"": ""cylinder"", ""size"": 0.351, ""material"": ""metal"", ""3d_coords"": [1.9715103467822042, 1.0036172285913458, 0.3499999940395355], ""rotation"": 183.19174194335938}, {""name"": ""Object_1"", ""shape"": ""cube"", ""size"": 0.701, ""material"": ""metal"", ""3d_coords"": [-1.499516598690568, -2.08751141428164, 0.699999988079071], ""rotation"": 254.70333862304688}, {""name"": ""Object_2"", ""shape"": ""sphere"", ""size"": 0.701, ""material"": ""metal"", ""3d_coords"": [-0.5710916076489768, -0.5236323108122478, 0.699999988079071], ""rotation"": 47.61067581176758}, {""name"": ""Object_3"", ""shape"": ""cube"", ""size"": 0.351, ""material"": ""rubber"", ""3d_coords"": [3.021911887929601, -1.1518407531723882, 0.3499999940395355], ""rotation"": 210.48883056640625}, {""name"": ""Object_4"", ""shape"": ""cube"", ""size"": 0.351, ""material"": ""metal"", ""3d_coords"": [0.5625254749245985, -3.164288463488598, 0.3499999940395355], ""rotation"": 296.24273681640625}, {""name"": ""Object_5"", ""shape"": ""cylinder"", ""size"": 0.701, ""material"": ""metal"", ""3d_coords"": [-0.05509519096109283, 1.6308176402778738, 0.699999988079071], ""rotation"": 127.38538360595703}, {""name"": ""Object_6"", ""shape"": ""cone"", ""size"": 0.351, ""material"": ""rubber"", ""3d_coords"": [1.250979583099738, 2.9290185399395225, 0.3499999940395355], ""rotation"": 322.3577575683594}]}\n\nWhat is the name of the cyan colored object?  ASSISTANT:\nassistant\n{""answer"": ""Object_2""}']",Object_2,"{""answer"": ""Object_2""}",7,"user
 USER:  
This image shows a minimalist arrangement of 3D geometric shapes made of different materials and colors. The JSON provided contains information about all objects in the scene, including their name, 3D coordinates (represented as [X, Y, Z]), material (metal = shinny, rubber = matte), and other attributes. 
Your job is to identify the cyan colored object in the image, match its attributes to identify which of the objects mentioned in the JSON corresponds to that object, and determine its name in the following format: {""answer"": ""NAME""}
Do not add any additional text to your answer, provide your answer always in the following format: {""answer"": ""NAME""}. 

Understanding the Coordinate System X, Y, Z:
• X (Depth): Represents the depth relative to the camera. Smaller values indicate objects that are farther away.
• Y (Horizontal Position): Represents the left-to-right position. A value of zero means the object is centered in the scene, negative values place the object to the left, and positive values to the right.
• Z (Vertical Position): Represents the height of the object's center point. Larger values correspond to higher vertical positions.

Here is the JSON containing details about all objects in the scene in the image:

{""camera_location"": [9.915478112284436, 0, 5.34366512298584], ""objects"": [{""name"": ""Object_0"", ""shape"": ""cylinder"", ""size"": 0.351, ""material"": ""metal"", ""3d_coords"": [1.9715103467822042, 1.0036172285913458, 0.3499999940395355], ""rotation"": 183.19174194335938}, {""name"": ""Object_1"", ""shape"": ""cube"", ""size"": 0.701, ""material"": ""metal"", ""3d_coords"": [-1.499516598690568, -2.08751141428164, 0.699999988079071], ""rotation"": 254.70333862304688}, {""name"": ""Object_2"", ""shape"": ""sphere"", ""size"": 0.701, ""material"": ""metal"", ""3d_coords"": [-0.5710916076489768, -0.5236323108122478, 0.699999988079071], ""rotation"": 47.61067581176758}, {""name"": ""Object_3"", ""shape"": ""cube"", ""size"": 0.351, ""material"": ""rubber"", ""3d_coords"": [3.021911887929601, -1.1518407531723882, 0.3499999940395355], ""rotation"": 210.48883056640625}, {""name"": ""Object_4"", ""shape"": ""cube"", ""size"": 0.351, ""material"": ""metal"", ""3d_coords"": [0.5625254749245985, -3.164288463488598, 0.3499999940395355], ""rotation"": 296.24273681640625}, {""name"": ""Object_5"", ""shape"": ""cylinder"", ""size"": 0.701, ""material"": ""metal"", ""3d_coords"": [-0.05509519096109283, 1.6308176402778738, 0.699999988079071], ""rotation"": 127.38538360595703}, {""name"": ""Object_6"", ""shape"": ""cone"", ""size"": 0.351, ""material"": ""rubber"", ""3d_coords"": [1.250979583099738, 2.9290185399395225, 0.3499999940395355], ""rotation"": 322.3577575683594}]}

What is the name of the cyan colored object?  ASSISTANT:
assistant
{""answer"": ""Object_6""}",Object_6,"{""answer"": ""Object_2""}",7
18,3.0344162,28.6338,30.734526,31.537449,45.41272,57.637974,80.2798,81.43701,98.7903,103.32702,96.171165,90.96677,98.533905,104.921165,107.708145,111.48638,115.631584,91.89832,94.449974,97.31863,107.91805,124.79942,120.01557,125.296715,124.99005,128.09207,118.941086,125.73674,127.57894,138.34532,146.71004,152.95602,161.42976,150.74788,129.44246,102.524,14.863947,All tokens,3679,4881,"['user\n USER:  \nThis image shows a minimalist arrangement of 3D geometric shapes made of different materials and colors. The JSON provided contains information about all objects in the scene, including their name, 3D coordinates (represented as [X, Y, Z]), material (metal = shinny, rubber = matte), and other attributes. \nYour job is to analyze this information, find the object named \'Object_5\', use its attributes to identify which object in the image corresponds to that object, and retrieve its color in the following format: {""answer"": ""COLOR""}\nSelect your answer from the following options: gray, red, blue, green, brown, purple, cyan, or yellow. Do not add any additional text to your answer, provide your answer always in the following format: {""answer"": ""COLOR""}. \n\nUnderstanding the Coordinate System X, Y, Z:\n• X (Depth): Represents the depth relative to the camera. Smaller values indicate objects that are farther away.\n• Y (Horizontal Position): Represents the left-to-right position. A value of zero means the object is centered in the scene, negative values place the object to the left, and positive values to the right.\n• Z (Vertical Position): Represents the height of the object\'s center point. Larger values correspond to higher vertical positions.\n\nHere is the JSON containing details about all objects in the scene in the image:\n\n{""camera_location"": [9.915478112284436, 0, 5.34366512298584], ""objects"": [{""name"": ""Object_0"", ""shape"": ""cube"", ""size"": 0.351, ""material"": ""metal"", ""3d_coords"": [-2.445188500961103, -1.5560055352129516, 0.3499999940395355], ""rotation"": 14.61153507232666}, {""name"": ""Object_1"", ""shape"": ""cube"", ""size"": 0.351, ""material"": ""rubber"", ""3d_coords"": [2.6395974868177556, 1.274716328591265, 0.3499999940395355], ""rotation"": 112.32064056396484}, {""name"": ""Object_2"", ""shape"": ""cylinder"", ""size"": 0.351, ""material"": ""rubber"", ""3d_coords"": [1.7866211566202654, -0.635475506514094, 0.3499999940395355], ""rotation"": 315.68341064453125}, {""name"": ""Object_3"", ""shape"": ""cube"", ""size"": 0.351, ""material"": ""rubber"", ""3d_coords"": [-0.3719451901462727, 3.3669840000063473, 0.3499999940395355], ""rotation"": 35.343406677246094}, {""name"": ""Object_4"", ""shape"": ""sphere"", ""size"": 0.7, ""material"": ""metal"", ""3d_coords"": [-1.6405167219633765, -2.6354780198772754, 0.699999988079071], ""rotation"": 230.78268432617188}, {""name"": ""Object_5"", ""shape"": ""cone"", ""size"": 0.351, ""material"": ""metal"", ""3d_coords"": [0.26265857556830574, -3.351698405404906, 0.3499999940395355], ""rotation"": 192.7850341796875}, {""name"": ""Object_6"", ""shape"": ""cylinder"", ""size"": 0.7, ""material"": ""rubber"", ""3d_coords"": [-1.104184740651302, 0.6638253294955823, 0.699999988079071], ""rotation"": 207.54583740234375}]}\n\nWhat is the color of the object named \'Object_5\'?  ASSISTANT:\nassistant\n{""answer"": ""green""}']",green,"{""answer"": ""green""}",7,"user
 USER:  
This image shows a minimalist arrangement of 3D geometric shapes made of different materials and colors. The JSON provided contains information about all objects in the scene, including their name, 3D coordinates (represented as [X, Y, Z]), material (metal = shinny, rubber = matte), and other attributes. 
Your job is to analyze this information, find the object named 'Object_5', use its attributes to identify which object in the image corresponds to that object, and retrieve its color in the following format: {""answer"": ""COLOR""}
Select your answer from the following options: gray, red, blue, green, brown, purple, cyan, or yellow. Do not add any additional text to your answer, provide your answer always in the following format: {""answer"": ""COLOR""}. 

Understanding the Coordinate System X, Y, Z:
• X (Depth): Represents the depth relative to the camera. Smaller values indicate objects that are farther away.
• Y (Horizontal Position): Represents the left-to-right position. A value of zero means the object is centered in the scene, negative values place the object to the left, and positive values to the right.
• Z (Vertical Position): Represents the height of the object's center point. Larger values correspond to higher vertical positions.

Here is the JSON containing details about all objects in the scene in the image:

{""camera_location"": [9.915478112284436, 0, 5.34366512298584], ""objects"": [{""name"": ""Object_0"", ""shape"": ""cube"", ""size"": 0.351, ""material"": ""metal"", ""3d_coords"": [-2.445188500961103, -1.5560055352129516, 0.3499999940395355], ""rotation"": 14.61153507232666}, {""name"": ""Object_1"", ""shape"": ""cube"", ""size"": 0.351, ""material"": ""rubber"", ""3d_coords"": [2.6395974868177556, 1.274716328591265, 0.3499999940395355], ""rotation"": 112.32064056396484}, {""name"": ""Object_2"", ""shape"": ""cylinder"", ""size"": 0.351, ""material"": ""rubber"", ""3d_coords"": [1.7866211566202654, -0.635475506514094, 0.3499999940395355], ""rotation"": 315.68341064453125}, {""name"": ""Object_3"", ""shape"": ""cube"", ""size"": 0.351, ""material"": ""rubber"", ""3d_coords"": [-0.3719451901462727, 3.3669840000063473, 0.3499999940395355], ""rotation"": 35.343406677246094}, {""name"": ""Object_4"", ""shape"": ""sphere"", ""size"": 0.7, ""material"": ""metal"", ""3d_coords"": [-1.6405167219633765, -2.6354780198772754, 0.699999988079071], ""rotation"": 230.78268432617188}, {""name"": ""Object_5"", ""shape"": ""cone"", ""size"": 0.351, ""material"": ""metal"", ""3d_coords"": [0.26265857556830574, -3.351698405404906, 0.3499999940395355], ""rotation"": 192.7850341796875}, {""name"": ""Object_6"", ""shape"": ""cylinder"", ""size"": 0.7, ""material"": ""rubber"", ""3d_coords"": [-1.104184740651302, 0.6638253294955823, 0.699999988079071], ""rotation"": 207.54583740234375}]}

What is the color of the object named 'Object_5'?  ASSISTANT:
assistant
{""answer"": ""gray""}",gray,"{""answer"": ""green""}",7
19,3.1909268,30.322618,33.691956,34.75427,48.098545,58.67293,79.96805,86.74461,105.01305,107.952896,99.80936,93.27156,100.97668,107.78722,111.12542,114.334145,119.19812,97.46436,99.8962,102.61223,112.65016,129.41258,122.87847,127.017044,126.58557,130.07109,120.43729,127.159805,128.52028,139.41629,148.01407,154.37215,162.33461,150.86732,129.7554,103.85744,15.640807,All tokens,2278,3037,"['user\n USER:  \nThis image shows a minimalist arrangement of 3D geometric shapes made of different materials and colors. The JSON provided contains information about all objects in the scene, including their name, 3D coordinates (represented as [X, Y, Z]), material (metal = shinny, rubber = matte), and other attributes. \nYour job is to analyze this information, find the object with a rotation of 75.78177642822266, use its attributes to identify which object in the image corresponds to that object, and retrieve its color in the following format: {""answer"": ""COLOR""}\nSelect your answer from the following options: gray, red, blue, green, brown, purple, cyan, or yellow. Do not add any additional text to your answer, provide your answer always in the following format: {""answer"": ""COLOR""}. \n\nUnderstanding the Coordinate System X, Y, Z:\n• X (Depth): Represents the depth relative to the camera. Smaller values indicate objects that are farther away.\n• Y (Horizontal Position): Represents the left-to-right position. A value of zero means the object is centered in the scene, negative values place the object to the left, and positive values to the right.\n• Z (Vertical Position): Represents the height of the object\'s center point. Larger values correspond to higher vertical positions.\n\nHere is the JSON containing details about all objects in the scene in the image:\n\n{""camera_location"": [9.915478112284436, 0, 5.34366512298584], ""objects"": [{""name"": ""Object_0"", ""shape"": ""cube"", ""size"": 0.351, ""material"": ""metal"", ""3d_coords"": [-2.5531326245289714, 1.2848999437446484, 0.3499999940395355], ""rotation"": 296.314697265625}, {""name"": ""Object_1"", ""shape"": ""cylinder"", ""size"": 0.7, ""material"": ""metal"", ""3d_coords"": [-0.9599980818788072, 2.633434424017166, 0.699999988079071], ""rotation"": 75.78177642822266}, {""name"": ""Object_2"", ""shape"": ""cone"", ""size"": 0.701, ""material"": ""metal"", ""3d_coords"": [2.8387851629390055, 0.08394451390957447, 0.699999988079071], ""rotation"": 125.53655242919922}, {""name"": ""Object_3"", ""shape"": ""sphere"", ""size"": 0.7, ""material"": ""rubber"", ""3d_coords"": [-2.1289506774633766, -1.4107329099562966, 0.699999988079071], ""rotation"": 227.28489685058594}, {""name"": ""Object_4"", ""shape"": ""cube"", ""size"": 0.7, ""material"": ""rubber"", ""3d_coords"": [-3.9439605297926827, 0.5281433263548074, 0.699999988079071], ""rotation"": 22.532094955444336}, {""name"": ""Object_5"", ""shape"": ""sphere"", ""size"": 0.7, ""material"": ""metal"", ""3d_coords"": [1.2323485742386673, 1.9779332506077625, 0.699999988079071], ""rotation"": 287.2242126464844}, {""name"": ""Object_6"", ""shape"": ""sphere"", ""size"": 0.701, ""material"": ""metal"", ""3d_coords"": [-0.06383135440439136, -3.447260566399846, 0.699999988079071], ""rotation"": 344.1072998046875}, {""name"": ""Object_7"", ""shape"": ""sphere"", ""size"": 0.351, ""material"": ""rubber"", ""3d_coords"": [0.40677580597406626, 3.433592583664887, 0.3499999940395355], ""rotation"": 346.62005615234375}]}\n\nWhat is the color of the object with a rotation of 75.78177642822266?  ASSISTANT:\nassistant\n{""answer"": ""blue""}']",blue,"{""answer"": ""blue""}",8,"user
 USER:  
This image shows a minimalist arrangement of 3D geometric shapes made of different materials and colors. The JSON provided contains information about all objects in the scene, including their name, 3D coordinates (represented as [X, Y, Z]), material (metal = shinny, rubber = matte), and other attributes. 
Your job is to analyze this information, find the object with a rotation of 75.78177642822266, use its attributes to identify which object in the image corresponds to that object, and retrieve its color in the following format: {""answer"": ""COLOR""}
Select your answer from the following options: gray, red, blue, green, brown, purple, cyan, or yellow. Do not add any additional text to your answer, provide your answer always in the following format: {""answer"": ""COLOR""}. 

Understanding the Coordinate System X, Y, Z:
• X (Depth): Represents the depth relative to the camera. Smaller values indicate objects that are farther away.
• Y (Horizontal Position): Represents the left-to-right position. A value of zero means the object is centered in the scene, negative values place the object to the left, and positive values to the right.
• Z (Vertical Position): Represents the height of the object's center point. Larger values correspond to higher vertical positions.

Here is the JSON containing details about all objects in the scene in the image:

{""camera_location"": [9.915478112284436, 0, 5.34366512298584], ""objects"": [{""name"": ""Object_0"", ""shape"": ""cube"", ""size"": 0.351, ""material"": ""metal"", ""3d_coords"": [-2.5531326245289714, 1.2848999437446484, 0.3499999940395355], ""rotation"": 296.314697265625}, {""name"": ""Object_1"", ""shape"": ""cylinder"", ""size"": 0.7, ""material"": ""metal"", ""3d_coords"": [-0.9599980818788072, 2.633434424017166, 0.699999988079071], ""rotation"": 75.78177642822266}, {""name"": ""Object_2"", ""shape"": ""cone"", ""size"": 0.701, ""material"": ""metal"", ""3d_coords"": [2.8387851629390055, 0.08394451390957447, 0.699999988079071], ""rotation"": 125.53655242919922}, {""name"": ""Object_3"", ""shape"": ""sphere"", ""size"": 0.7, ""material"": ""rubber"", ""3d_coords"": [-2.1289506774633766, -1.4107329099562966, 0.699999988079071], ""rotation"": 227.28489685058594}, {""name"": ""Object_4"", ""shape"": ""cube"", ""size"": 0.7, ""material"": ""rubber"", ""3d_coords"": [-3.9439605297926827, 0.5281433263548074, 0.699999988079071], ""rotation"": 22.532094955444336}, {""name"": ""Object_5"", ""shape"": ""sphere"", ""size"": 0.7, ""material"": ""metal"", ""3d_coords"": [1.2323485742386673, 1.9779332506077625, 0.699999988079071], ""rotation"": 287.2242126464844}, {""name"": ""Object_6"", ""shape"": ""sphere"", ""size"": 0.701, ""material"": ""metal"", ""3d_coords"": [-0.06383135440439136, -3.447260566399846, 0.699999988079071], ""rotation"": 344.1072998046875}, {""name"": ""Object_7"", ""shape"": ""sphere"", ""size"": 0.351, ""material"": ""rubber"", ""3d_coords"": [0.40677580597406626, 3.433592583664887, 0.3499999940395355], ""rotation"": 346.62005615234375}]}

What is the color of the object with a rotation of 75.78177642822266?  ASSISTANT:
assistant
{""answer"": ""red""}",red,"{""answer"": ""blue""}",8
20,3.230612,30.7427,33.723476,34.539326,46.658806,56.197754,76.372505,84.91574,101.93956,103.9099,95.89075,89.74477,97.243256,104.219696,106.80175,109.82455,114.19597,93.61148,95.7177,97.69687,107.47805,123.42708,114.79587,120.12269,119.86029,122.70533,111.96384,118.46744,119.96259,130.75456,139.03752,145.25244,153.42104,142.19803,121.42252,96.93363,13.759335,All tokens,53,64,"['user\n USER:  \nThis image shows a minimalist arrangement of 3D geometric shapes made of different materials and colors. The JSON provided contains information about all objects in the scene, including their name, 3D coordinates (represented as [X, Y, Z]), material (metal = shinny, rubber = matte), and other attributes. \nYour job is to identify the gray colored object in the image, match its attributes to identify which of the objects mentioned in the JSON corresponds to that object, and determine its rotation in the following format: {""answer"": ""ROTATION""}\nDo not add any additional text to your answer, provide your answer always in the following format: {""answer"": ""ROTATION""}. \n\nUnderstanding the Coordinate System X, Y, Z:\n• X (Depth): Represents the depth relative to the camera. Smaller values indicate objects that are farther away.\n• Y (Horizontal Position): Represents the left-to-right position. A value of zero means the object is centered in the scene, negative values place the object to the left, and positive values to the right.\n• Z (Vertical Position): Represents the height of the object\'s center point. Larger values correspond to higher vertical positions.\n\nHere is the JSON containing details about all objects in the scene in the image:\n\n{""camera_location"": [9.915478112284436, 0, 5.34366512298584], ""objects"": [{""name"": ""Object_0"", ""shape"": ""cone"", ""size"": 0.701, ""material"": ""metal"", ""3d_coords"": [-2.2778193362856465, -1.6093739849760187, 0.699999988079071], ""rotation"": 56.63710021972656}, {""name"": ""Object_1"", ""shape"": ""cylinder"", ""size"": 0.7, ""material"": ""rubber"", ""3d_coords"": [0.7564866389478568, 3.1605182904211926, 0.699999988079071], ""rotation"": 211.11355590820312}, {""name"": ""Object_2"", ""shape"": ""cylinder"", ""size"": 0.351, ""material"": ""rubber"", ""3d_coords"": [3.030335189382724, 0.6367029216640572, 0.3499999940395355], ""rotation"": 173.11021423339844}, {""name"": ""Object_3"", ""shape"": ""cube"", ""size"": 0.351, ""material"": ""rubber"", ""3d_coords"": [-1.1013150744206142, -0.6742462953970658, 0.3499999940395355], ""rotation"": 293.5579528808594}, {""name"": ""Object_4"", ""shape"": ""sphere"", ""size"": 0.7, ""material"": ""metal"", ""3d_coords"": [-0.03242299061260745, -3.0150073204698806, 0.699999988079071], ""rotation"": 278.7586669921875}, {""name"": ""Object_5"", ""shape"": ""sphere"", ""size"": 0.351, ""material"": ""rubber"", ""3d_coords"": [-1.539528920201923, 1.4368258208362459, 0.3499999940395355], ""rotation"": 249.6799774169922}, {""name"": ""Object_6"", ""shape"": ""sphere"", ""size"": 0.701, ""material"": ""rubber"", ""3d_coords"": [-3.603400639869795, -0.11707381905353587, 0.699999988079071], ""rotation"": 15.354483604431152}, {""name"": ""Object_7"", ""shape"": ""cylinder"", ""size"": 0.351, ""material"": ""rubber"", ""3d_coords"": [1.7855962776226457, 2.2611515867329586, 0.3499999940395355], ""rotation"": 51.206382751464844}, {""name"": ""Object_8"", ""shape"": ""sphere"", ""size"": 0.7, ""material"": ""metal"", ""3d_coords"": [2.334640530788117, -1.0859925247221103, 0.699999988079071], ""rotation"": 72.93251037597656}]}\n\nWhat is the rotation value of the gray colored object?  ASSISTANT:\nassistant\n{""answer"": ""72.93251037597656""}']",72.93251037597656,"{""answer"": 72.93251037597656}",9,"user
 USER:  
This image shows a minimalist arrangement of 3D geometric shapes made of different materials and colors. The JSON provided contains information about all objects in the scene, including their name, 3D coordinates (represented as [X, Y, Z]), material (metal = shinny, rubber = matte), and other attributes. 
Your job is to identify the gray colored object in the image, match its attributes to identify which of the objects mentioned in the JSON corresponds to that object, and determine its rotation in the following format: {""answer"": ""ROTATION""}
Do not add any additional text to your answer, provide your answer always in the following format: {""answer"": ""ROTATION""}. 

Understanding the Coordinate System X, Y, Z:
• X (Depth): Represents the depth relative to the camera. Smaller values indicate objects that are farther away.
• Y (Horizontal Position): Represents the left-to-right position. A value of zero means the object is centered in the scene, negative values place the object to the left, and positive values to the right.
• Z (Vertical Position): Represents the height of the object's center point. Larger values correspond to higher vertical positions.

Here is the JSON containing details about all objects in the scene in the image:

{""camera_location"": [9.915478112284436, 0, 5.34366512298584], ""objects"": [{""name"": ""Object_0"", ""shape"": ""cone"", ""size"": 0.701, ""material"": ""metal"", ""3d_coords"": [-2.2778193362856465, -1.6093739849760187, 0.699999988079071], ""rotation"": 56.63710021972656}, {""name"": ""Object_1"", ""shape"": ""cylinder"", ""size"": 0.7, ""material"": ""rubber"", ""3d_coords"": [0.7564866389478568, 3.1605182904211926, 0.699999988079071], ""rotation"": 211.11355590820312}, {""name"": ""Object_2"", ""shape"": ""cylinder"", ""size"": 0.351, ""material"": ""rubber"", ""3d_coords"": [3.030335189382724, 0.6367029216640572, 0.3499999940395355], ""rotation"": 173.11021423339844}, {""name"": ""Object_3"", ""shape"": ""cube"", ""size"": 0.351, ""material"": ""rubber"", ""3d_coords"": [-1.1013150744206142, -0.6742462953970658, 0.3499999940395355], ""rotation"": 293.5579528808594}, {""name"": ""Object_4"", ""shape"": ""sphere"", ""size"": 0.7, ""material"": ""metal"", ""3d_coords"": [-0.03242299061260745, -3.0150073204698806, 0.699999988079071], ""rotation"": 278.7586669921875}, {""name"": ""Object_5"", ""shape"": ""sphere"", ""size"": 0.351, ""material"": ""rubber"", ""3d_coords"": [-1.539528920201923, 1.4368258208362459, 0.3499999940395355], ""rotation"": 249.6799774169922}, {""name"": ""Object_6"", ""shape"": ""sphere"", ""size"": 0.701, ""material"": ""rubber"", ""3d_coords"": [-3.603400639869795, -0.11707381905353587, 0.699999988079071], ""rotation"": 15.354483604431152}, {""name"": ""Object_7"", ""shape"": ""cylinder"", ""size"": 0.351, ""material"": ""rubber"", ""3d_coords"": [1.7855962776226457, 2.2611515867329586, 0.3499999940395355], ""rotation"": 51.206382751464844}, {""name"": ""Object_8"", ""shape"": ""sphere"", ""size"": 0.7, ""material"": ""metal"", ""3d_coords"": [2.334640530788117, -1.0859925247221103, 0.699999988079071], ""rotation"": 72.93251037597656}]}

What is the rotation value of the gray colored object?  ASSISTANT:
assistant
{""answer"": 293.5579528808594}",293.5579528808594,"{""answer"": 72.93251037597656}",9
21,2.9501438,27.902706,31.615963,32.528656,46.427658,58.227333,80.41662,81.286064,98.56609,102.46813,95.33939,89.73564,97.24924,103.5,106.21318,109.608,113.59249,86.45948,89.289314,92.764336,104.01753,120.84537,116.33894,122.21373,122.83326,125.92227,117.650604,124.72202,126.30707,137.62885,146.3861,151.63548,160.48436,150.13089,129.35089,102.43403,15.757871,All tokens,1307,1766,"['user\n USER:  \nThis image shows a minimalist arrangement of 3D geometric shapes made of different materials and colors. The JSON provided contains information about all objects in the scene, including their name, 3D coordinates (represented as [X, Y, Z]), material (metal = shinny, rubber = matte), and other attributes. \nYour job is to analyze this information, find the object named \'Object_2\', use its attributes to identify which object in the image corresponds to that object, and retrieve its color in the following format: {""answer"": ""COLOR""}\nSelect your answer from the following options: gray, red, blue, green, brown, purple, cyan, or yellow. Do not add any additional text to your answer, provide your answer always in the following format: {""answer"": ""COLOR""}. \n\nUnderstanding the Coordinate System X, Y, Z:\n• X (Depth): Represents the depth relative to the camera. Smaller values indicate objects that are farther away.\n• Y (Horizontal Position): Represents the left-to-right position. A value of zero means the object is centered in the scene, negative values place the object to the left, and positive values to the right.\n• Z (Vertical Position): Represents the height of the object\'s center point. Larger values correspond to higher vertical positions.\n\nHere is the JSON containing details about all objects in the scene in the image:\n\n{""camera_location"": [9.915478112284436, 0, 5.34366512298584], ""objects"": [{""name"": ""Object_0"", ""shape"": ""cone"", ""size"": 0.7, ""material"": ""metal"", ""3d_coords"": [-2.8839351172117005, -0.2536845856104357, 0.699999988079071], ""rotation"": 28.844106674194336}, {""name"": ""Object_1"", ""shape"": ""cylinder"", ""size"": 0.7, ""material"": ""metal"", ""3d_coords"": [1.4344545268755151, -1.4074696284077985, 0.699999988079071], ""rotation"": 340.490478515625}, {""name"": ""Object_2"", ""shape"": ""cube"", ""size"": 0.351, ""material"": ""metal"", ""3d_coords"": [0.39217149138876983, 2.1709943247820096, 0.3499999940395355], ""rotation"": 238.8386993408203}, {""name"": ""Object_3"", ""shape"": ""cone"", ""size"": 0.7, ""material"": ""metal"", ""3d_coords"": [-0.28966501140358325, 3.4754815982173186, 0.699999988079071], ""rotation"": 140.06410217285156}, {""name"": ""Object_4"", ""shape"": ""cube"", ""size"": 0.351, ""material"": ""metal"", ""3d_coords"": [3.2507579782822367, -0.7659305988606258, 0.3499999940395355], ""rotation"": 167.57737731933594}, {""name"": ""Object_5"", ""shape"": ""cone"", ""size"": 0.351, ""material"": ""rubber"", ""3d_coords"": [-2.119971397323962, 1.686120705729722, 0.3499999940395355], ""rotation"": 88.39899444580078}, {""name"": ""Object_6"", ""shape"": ""cube"", ""size"": 0.701, ""material"": ""metal"", ""3d_coords"": [-1.2340097552806468, 0.6285478458156566, 0.699999988079071], ""rotation"": 163.65171813964844}]}\n\nWhat is the color of the object named \'Object_2\'?  ASSISTANT:\nassistant\n{""answer"": ""blue""}']",blue,"{""answer"": ""green""}",7,"user
 USER:  
This image shows a minimalist arrangement of 3D geometric shapes made of different materials and colors. The JSON provided contains information about all objects in the scene, including their name, 3D coordinates (represented as [X, Y, Z]), material (metal = shinny, rubber = matte), and other attributes. 
Your job is to analyze this information, find the object named 'Object_2', use its attributes to identify which object in the image corresponds to that object, and retrieve its color in the following format: {""answer"": ""COLOR""}
Select your answer from the following options: gray, red, blue, green, brown, purple, cyan, or yellow. Do not add any additional text to your answer, provide your answer always in the following format: {""answer"": ""COLOR""}. 

Understanding the Coordinate System X, Y, Z:
• X (Depth): Represents the depth relative to the camera. Smaller values indicate objects that are farther away.
• Y (Horizontal Position): Represents the left-to-right position. A value of zero means the object is centered in the scene, negative values place the object to the left, and positive values to the right.
• Z (Vertical Position): Represents the height of the object's center point. Larger values correspond to higher vertical positions.

Here is the JSON containing details about all objects in the scene in the image:

{""camera_location"": [9.915478112284436, 0, 5.34366512298584], ""objects"": [{""name"": ""Object_0"", ""shape"": ""cone"", ""size"": 0.7, ""material"": ""metal"", ""3d_coords"": [-2.8839351172117005, -0.2536845856104357, 0.699999988079071], ""rotation"": 28.844106674194336}, {""name"": ""Object_1"", ""shape"": ""cylinder"", ""size"": 0.7, ""material"": ""metal"", ""3d_coords"": [1.4344545268755151, -1.4074696284077985, 0.699999988079071], ""rotation"": 340.490478515625}, {""name"": ""Object_2"", ""shape"": ""cube"", ""size"": 0.351, ""material"": ""metal"", ""3d_coords"": [0.39217149138876983, 2.1709943247820096, 0.3499999940395355], ""rotation"": 238.8386993408203}, {""name"": ""Object_3"", ""shape"": ""cone"", ""size"": 0.7, ""material"": ""metal"", ""3d_coords"": [-0.28966501140358325, 3.4754815982173186, 0.699999988079071], ""rotation"": 140.06410217285156}, {""name"": ""Object_4"", ""shape"": ""cube"", ""size"": 0.351, ""material"": ""metal"", ""3d_coords"": [3.2507579782822367, -0.7659305988606258, 0.3499999940395355], ""rotation"": 167.57737731933594}, {""name"": ""Object_5"", ""shape"": ""cone"", ""size"": 0.351, ""material"": ""rubber"", ""3d_coords"": [-2.119971397323962, 1.686120705729722, 0.3499999940395355], ""rotation"": 88.39899444580078}, {""name"": ""Object_6"", ""shape"": ""cube"", ""size"": 0.701, ""material"": ""metal"", ""3d_coords"": [-1.2340097552806468, 0.6285478458156566, 0.699999988079071], ""rotation"": 163.65171813964844}]}

What is the color of the object named 'Object_2'?  ASSISTANT:
assistant
{""answer"": ""gray""}",gray,"{""answer"": ""green""}",7
22,2.9447527,26.190153,28.743324,29.236807,44.010628,57.754288,81.91914,70.035576,86.549644,92.94626,88.66415,84.14126,91.77273,97.50351,101.27058,104.31609,108.183395,83.49801,88.00094,93.507805,104.54376,122.00952,123.80999,130.68625,132.20573,136.8238,132.66042,139.80478,140.85728,150.94252,158.57904,161.23114,167.0043,157.37056,138.78244,107.07006,22.108831,All tokens,3462,4597,"['user\n USER:  \nThis image shows a minimalist arrangement of 3D geometric shapes made of different materials and colors. The JSON provided contains information about all objects in the scene, including their name, 3D coordinates (represented as [X, Y, Z]), material (metal = shinny, rubber = matte), and other attributes. \nYour job is to analyze this information, find the object at coordinates [-1.6205637265514417, -1.6095188497030175, 0.3499999940395355], use its attributes to identify which object in the image corresponds to that object, and retrieve its color in the following format: {""answer"": ""COLOR""}\nSelect your answer from the following options: gray, red, blue, green, brown, purple, cyan, or yellow. Do not add any additional text to your answer, provide your answer always in the following format: {""answer"": ""COLOR""}. \n\nUnderstanding the Coordinate System X, Y, Z:\n• X (Depth): Represents the depth relative to the camera. Smaller values indicate objects that are farther away.\n• Y (Horizontal Position): Represents the left-to-right position. A value of zero means the object is centered in the scene, negative values place the object to the left, and positive values to the right.\n• Z (Vertical Position): Represents the height of the object\'s center point. Larger values correspond to higher vertical positions.\n\nHere is the JSON containing details about all objects in the scene in the image:\n\n{""camera_location"": [9.915478112284436, 0, 5.34366512298584], ""objects"": [{""name"": ""Object_0"", ""shape"": ""cube"", ""size"": 0.351, ""material"": ""rubber"", ""3d_coords"": [0.2692485868464962, 2.6156030522240585, 0.3499999940395355], ""rotation"": 31.759798049926758}, {""name"": ""Object_1"", ""shape"": ""cylinder"", ""size"": 0.351, ""material"": ""metal"", ""3d_coords"": [-1.6205637265514417, -1.6095188497030175, 0.3499999940395355], ""rotation"": 1.592658519744873}, {""name"": ""Object_2"", ""shape"": ""sphere"", ""size"": 0.35, ""material"": ""metal"", ""3d_coords"": [2.361977664529512, -1.0024581030893205, 0.3499999940395355], ""rotation"": 352.219970703125}, {""name"": ""Object_3"", ""shape"": ""cube"", ""size"": 0.351, ""material"": ""metal"", ""3d_coords"": [-0.9183712132778115, 0.1318403097967576, 0.3499999940395355], ""rotation"": 69.93518829345703}]}\n\nWhat is the color of the object at the coordinates [-1.6205637265514417, -1.6095188497030175, 0.3499999940395355]?  ASSISTANT:\nassistant\n{""answer"": ""green""}']",green,"{""answer"": ""green""}",4,"user
 USER:  
This image shows a minimalist arrangement of 3D geometric shapes made of different materials and colors. The JSON provided contains information about all objects in the scene, including their name, 3D coordinates (represented as [X, Y, Z]), material (metal = shinny, rubber = matte), and other attributes. 
Your job is to analyze this information, find the object at coordinates [-1.6205637265514417, -1.6095188497030175, 0.3499999940395355], use its attributes to identify which object in the image corresponds to that object, and retrieve its color in the following format: {""answer"": ""COLOR""}
Select your answer from the following options: gray, red, blue, green, brown, purple, cyan, or yellow. Do not add any additional text to your answer, provide your answer always in the following format: {""answer"": ""COLOR""}. 

Understanding the Coordinate System X, Y, Z:
• X (Depth): Represents the depth relative to the camera. Smaller values indicate objects that are farther away.
• Y (Horizontal Position): Represents the left-to-right position. A value of zero means the object is centered in the scene, negative values place the object to the left, and positive values to the right.
• Z (Vertical Position): Represents the height of the object's center point. Larger values correspond to higher vertical positions.

Here is the JSON containing details about all objects in the scene in the image:

{""camera_location"": [9.915478112284436, 0, 5.34366512298584], ""objects"": [{""name"": ""Object_0"", ""shape"": ""cube"", ""size"": 0.351, ""material"": ""rubber"", ""3d_coords"": [0.2692485868464962, 2.6156030522240585, 0.3499999940395355], ""rotation"": 31.759798049926758}, {""name"": ""Object_1"", ""shape"": ""cylinder"", ""size"": 0.351, ""material"": ""metal"", ""3d_coords"": [-1.6205637265514417, -1.6095188497030175, 0.3499999940395355], ""rotation"": 1.592658519744873}, {""name"": ""Object_2"", ""shape"": ""sphere"", ""size"": 0.35, ""material"": ""metal"", ""3d_coords"": [2.361977664529512, -1.0024581030893205, 0.3499999940395355], ""rotation"": 352.219970703125}, {""name"": ""Object_3"", ""shape"": ""cube"", ""size"": 0.351, ""material"": ""metal"", ""3d_coords"": [-0.9183712132778115, 0.1318403097967576, 0.3499999940395355], ""rotation"": 69.93518829345703}]}

What is the color of the object at the coordinates [-1.6205637265514417, -1.6095188497030175, 0.3499999940395355]?  ASSISTANT:
assistant
{""answer"": ""blue""}",blue,"{""answer"": ""green""}",4
23,3.019936,28.049927,31.460613,32.951424,45.632675,56.17174,77.53064,81.6265,98.81419,102.41646,95.09803,89.308014,96.6378,103.40298,106.28076,109.29178,113.6225,90.516815,93.11824,95.38841,105.62242,122.071144,115.43127,120.63494,120.40018,123.142784,113.45418,120.43729,121.10836,131.22188,139.9109,145.34854,153.05247,142.31137,122.44232,97.11383,14.960913,All tokens,2787,3695,"['user\n USER:  \nThis image shows a minimalist arrangement of 3D geometric shapes made of different materials and colors. The JSON provided contains information about all objects in the scene, including their name, 3D coordinates (represented as [X, Y, Z]), material (metal = shinny, rubber = matte), and other attributes. \nYour job is to identify the brown colored object in the image, match its attributes to identify which of the objects mentioned in the JSON corresponds to that object, and determine its rotation in the following format: {""answer"": ""ROTATION""}\nDo not add any additional text to your answer, provide your answer always in the following format: {""answer"": ""ROTATION""}. \n\nUnderstanding the Coordinate System X, Y, Z:\n• X (Depth): Represents the depth relative to the camera. Smaller values indicate objects that are farther away.\n• Y (Horizontal Position): Represents the left-to-right position. A value of zero means the object is centered in the scene, negative values place the object to the left, and positive values to the right.\n• Z (Vertical Position): Represents the height of the object\'s center point. Larger values correspond to higher vertical positions.\n\nHere is the JSON containing details about all objects in the scene in the image:\n\n{""camera_location"": [9.915478112284436, 0, 5.34366512298584], ""objects"": [{""name"": ""Object_0"", ""shape"": ""sphere"", ""size"": 0.7, ""material"": ""metal"", ""3d_coords"": [-0.07361999526687302, 1.8722428745253594, 0.699999988079071], ""rotation"": 15.92742919921875}, {""name"": ""Object_1"", ""shape"": ""sphere"", ""size"": 0.351, ""material"": ""metal"", ""3d_coords"": [-2.700051231943594, 0.4616032561715302, 0.3499999940395355], ""rotation"": 164.30142211914062}, {""name"": ""Object_2"", ""shape"": ""cube"", ""size"": 0.7, ""material"": ""metal"", ""3d_coords"": [-1.2432265751953837, -2.495981055345415, 0.699999988079071], ""rotation"": 66.65753173828125}, {""name"": ""Object_3"", ""shape"": ""cube"", ""size"": 0.351, ""material"": ""rubber"", ""3d_coords"": [-1.9022750934629629, -1.2867743830808136, 0.3499999940395355], ""rotation"": 105.78932189941406}, {""name"": ""Object_4"", ""shape"": ""sphere"", ""size"": 0.351, ""material"": ""rubber"", ""3d_coords"": [-0.5099157323377341, -0.18524114604745404, 0.3499999940395355], ""rotation"": 264.9756774902344}, {""name"": ""Object_5"", ""shape"": ""cube"", ""size"": 0.7, ""material"": ""metal"", ""3d_coords"": [0.4048916457016045, 3.489996715421023, 0.699999988079071], ""rotation"": 224.58984375}, {""name"": ""Object_6"", ""shape"": ""cylinder"", ""size"": 0.7, ""material"": ""rubber"", ""3d_coords"": [1.097881859916141, -1.827211128137302, 0.699999988079071], ""rotation"": 357.45440673828125}, {""name"": ""Object_7"", ""shape"": ""sphere"", ""size"": 0.351, ""material"": ""metal"", ""3d_coords"": [2.460918624448298, 1.0509875036163945, 0.3499999940395355], ""rotation"": 187.651611328125}]}\n\nWhat is the rotation value of the brown colored object?  ASSISTANT:\nassistant\n{""answer"": ""357.45440673828125""}']",357.45440673828125,"{""answer"": 224.58984375}",8,"user
 USER:  
This image shows a minimalist arrangement of 3D geometric shapes made of different materials and colors. The JSON provided contains information about all objects in the scene, including their name, 3D coordinates (represented as [X, Y, Z]), material (metal = shinny, rubber = matte), and other attributes. 
Your job is to identify the brown colored object in the image, match its attributes to identify which of the objects mentioned in the JSON corresponds to that object, and determine its rotation in the following format: {""answer"": ""ROTATION""}
Do not add any additional text to your answer, provide your answer always in the following format: {""answer"": ""ROTATION""}. 

Understanding the Coordinate System X, Y, Z:
• X (Depth): Represents the depth relative to the camera. Smaller values indicate objects that are farther away.
• Y (Horizontal Position): Represents the left-to-right position. A value of zero means the object is centered in the scene, negative values place the object to the left, and positive values to the right.
• Z (Vertical Position): Represents the height of the object's center point. Larger values correspond to higher vertical positions.

Here is the JSON containing details about all objects in the scene in the image:

{""camera_location"": [9.915478112284436, 0, 5.34366512298584], ""objects"": [{""name"": ""Object_0"", ""shape"": ""sphere"", ""size"": 0.7, ""material"": ""metal"", ""3d_coords"": [-0.07361999526687302, 1.8722428745253594, 0.699999988079071], ""rotation"": 15.92742919921875}, {""name"": ""Object_1"", ""shape"": ""sphere"", ""size"": 0.351, ""material"": ""metal"", ""3d_coords"": [-2.700051231943594, 0.4616032561715302, 0.3499999940395355], ""rotation"": 164.30142211914062}, {""name"": ""Object_2"", ""shape"": ""cube"", ""size"": 0.7, ""material"": ""metal"", ""3d_coords"": [-1.2432265751953837, -2.495981055345415, 0.699999988079071], ""rotation"": 66.65753173828125}, {""name"": ""Object_3"", ""shape"": ""cube"", ""size"": 0.351, ""material"": ""rubber"", ""3d_coords"": [-1.9022750934629629, -1.2867743830808136, 0.3499999940395355], ""rotation"": 105.78932189941406}, {""name"": ""Object_4"", ""shape"": ""sphere"", ""size"": 0.351, ""material"": ""rubber"", ""3d_coords"": [-0.5099157323377341, -0.18524114604745404, 0.3499999940395355], ""rotation"": 264.9756774902344}, {""name"": ""Object_5"", ""shape"": ""cube"", ""size"": 0.7, ""material"": ""metal"", ""3d_coords"": [0.4048916457016045, 3.489996715421023, 0.699999988079071], ""rotation"": 224.58984375}, {""name"": ""Object_6"", ""shape"": ""cylinder"", ""size"": 0.7, ""material"": ""rubber"", ""3d_coords"": [1.097881859916141, -1.827211128137302, 0.699999988079071], ""rotation"": 357.45440673828125}, {""name"": ""Object_7"", ""shape"": ""sphere"", ""size"": 0.351, ""material"": ""metal"", ""3d_coords"": [2.460918624448298, 1.0509875036163945, 0.3499999940395355], ""rotation"": 187.651611328125}]}

What is the rotation value of the brown colored object?  ASSISTANT:
assistant
{""answer"": ""224.58984375""}",224.58984375,"{""answer"": 224.58984375}",8
24,2.9881597,23.993328,25.700378,24.51014,39.047874,54.20932,80.17701,56.317425,70.798485,79.459236,76.431526,73.39148,79.7958,85.132484,88.60253,91.53354,94.33434,91.601395,95.36986,99.85415,107.7382,123.668724,123.96292,128.90393,130.56331,133.131,130.46204,138.23157,140.37941,149.33844,153.5393,154.70244,159.73654,152.91904,134.23647,103.57025,23.648563,All tokens,2276,3035,"['user\n USER:  \nThis image shows a minimalist arrangement of 3D geometric shapes made of different materials and colors. The JSON provided contains information about all objects in the scene, including their name, 3D coordinates (represented as [X, Y, Z]), material (metal = shinny, rubber = matte), and other attributes. \nYour job is to analyze this information, find the object named \'Object_1\', use its attributes to identify which object in the image corresponds to that object, and retrieve its shape in the following format: {""answer"": ""SHAPE""}\nSelect your answer from the following options: cylinder, sphere, cone, or cube. Do not add any additional text to your answer, provide your answer always in the following format: {""answer"": ""SHAPE""}. \n\nUnderstanding the Coordinate System X, Y, Z:\n• X (Depth): Represents the depth relative to the camera. Smaller values indicate objects that are farther away.\n• Y (Horizontal Position): Represents the left-to-right position. A value of zero means the object is centered in the scene, negative values place the object to the left, and positive values to the right.\n• Z (Vertical Position): Represents the height of the object\'s center point. Larger values correspond to higher vertical positions.\n\nHere is the JSON containing details about all objects in the scene in the image:\n\n{""camera_location"": [9.915478112284436, 0, 5.34366512298584], ""objects"": [{""name"": ""Object_0"", ""size"": 0.351, ""material"": ""metal"", ""3d_coords"": [0.04394927913947255, 0.6171594319543938, 0.3499999940395355], ""rotation"": 103.81303405761719, ""color"": ""brown""}, {""name"": ""Object_1"", ""size"": 0.351, ""material"": ""rubber"", ""3d_coords"": [1.525246365328825, -0.7400269287732497, 0.3499999940395355], ""rotation"": 199.88343811035156, ""color"": ""cyan""}, {""name"": ""Object_2"", ""size"": 0.351, ""material"": ""rubber"", ""3d_coords"": [-0.3794246517944452, -1.8250792228155683, 0.3499999940395355], ""rotation"": 359.5333251953125, ""color"": ""gray""}]}\n\nWhat is the shape of the object named \'Object_1\'?  ASSISTANT:\nassistant\n{""answer"": ""sphere""}']",sphere,"{""answer"": ""sphere""}",3,"user
 USER:  
This image shows a minimalist arrangement of 3D geometric shapes made of different materials and colors. The JSON provided contains information about all objects in the scene, including their name, 3D coordinates (represented as [X, Y, Z]), material (metal = shinny, rubber = matte), and other attributes. 
Your job is to analyze this information, find the object named 'Object_1', use its attributes to identify which object in the image corresponds to that object, and retrieve its shape in the following format: {""answer"": ""SHAPE""}
Select your answer from the following options: cylinder, sphere, cone, or cube. Do not add any additional text to your answer, provide your answer always in the following format: {""answer"": ""SHAPE""}. 

Understanding the Coordinate System X, Y, Z:
• X (Depth): Represents the depth relative to the camera. Smaller values indicate objects that are farther away.
• Y (Horizontal Position): Represents the left-to-right position. A value of zero means the object is centered in the scene, negative values place the object to the left, and positive values to the right.
• Z (Vertical Position): Represents the height of the object's center point. Larger values correspond to higher vertical positions.

Here is the JSON containing details about all objects in the scene in the image:

{""camera_location"": [9.915478112284436, 0, 5.34366512298584], ""objects"": [{""name"": ""Object_0"", ""size"": 0.351, ""material"": ""metal"", ""3d_coords"": [0.04394927913947255, 0.6171594319543938, 0.3499999940395355], ""rotation"": 103.81303405761719, ""color"": ""brown""}, {""name"": ""Object_1"", ""size"": 0.351, ""material"": ""rubber"", ""3d_coords"": [1.525246365328825, -0.7400269287732497, 0.3499999940395355], ""rotation"": 199.88343811035156, ""color"": ""cyan""}, {""name"": ""Object_2"", ""size"": 0.351, ""material"": ""rubber"", ""3d_coords"": [-0.3794246517944452, -1.8250792228155683, 0.3499999940395355], ""rotation"": 359.5333251953125, ""color"": ""gray""}]}

What is the shape of the object named 'Object_1'?  ASSISTANT:
assistant
{""answer"": ""cone""}",cone,"{""answer"": ""sphere""}",3
25,3.048335,29.981245,33.327938,33.66237,46.588715,56.99049,77.95435,86.63226,104.104065,106.86858,98.95484,92.79052,100.658485,107.55193,110.31369,113.04609,118.06147,97.50406,99.46172,101.27238,110.8323,126.764244,119.027115,124.22951,123.62722,126.515335,116.408134,123.40123,124.97683,135.95656,145.53426,151.77164,160.6692,148.89972,127.77297,101.37533,15.5331955,All tokens,1273,1719,"['user\n USER:  \nThis image shows a minimalist arrangement of 3D geometric shapes made of different materials and colors. The JSON provided contains information about all objects in the scene, including their name, 3D coordinates (represented as [X, Y, Z]), material (metal = shinny, rubber = matte), and other attributes. \nYour job is to analyze this information, find the object with a size of 0.701, use its attributes to identify which object in the image corresponds to that object, and retrieve its color in the following format: {""answer"": ""COLOR""}\nSelect your answer from the following options: gray, red, blue, green, brown, purple, cyan, or yellow. Do not add any additional text to your answer, provide your answer always in the following format: {""answer"": ""COLOR""}. \n\nUnderstanding the Coordinate System X, Y, Z:\n• X (Depth): Represents the depth relative to the camera. Smaller values indicate objects that are farther away.\n• Y (Horizontal Position): Represents the left-to-right position. A value of zero means the object is centered in the scene, negative values place the object to the left, and positive values to the right.\n• Z (Vertical Position): Represents the height of the object\'s center point. Larger values correspond to higher vertical positions.\n\nHere is the JSON containing details about all objects in the scene in the image:\n\n{""camera_location"": [9.915478112284436, 0, 5.34366512298584], ""objects"": [{""name"": ""Object_0"", ""shape"": ""cylinder"", ""size"": 0.7, ""material"": ""rubber"", ""3d_coords"": [-0.1606681918080175, 0.7018721599015969, 0.699999988079071], ""rotation"": 346.54864501953125}, {""name"": ""Object_1"", ""shape"": ""cube"", ""size"": 0.351, ""material"": ""rubber"", ""3d_coords"": [-2.367545748014542, -1.3522377104138676, 0.3499999940395355], ""rotation"": 164.09930419921875}, {""name"": ""Object_2"", ""shape"": ""cube"", ""size"": 0.7, ""material"": ""rubber"", ""3d_coords"": [-1.7097698929136345, 2.2686358410078236, 0.699999988079071], ""rotation"": 156.09521484375}, {""name"": ""Object_3"", ""shape"": ""sphere"", ""size"": 0.351, ""material"": ""rubber"", ""3d_coords"": [1.788194284270057, -2.1788770450712565, 0.3499999940395355], ""rotation"": 45.26325607299805}, {""name"": ""Object_4"", ""shape"": ""cylinder"", ""size"": 0.351, ""material"": ""rubber"", ""3d_coords"": [1.346578102516892, -0.7144348966941717, 0.3499999940395355], ""rotation"": 258.3526916503906}, {""name"": ""Object_5"", ""shape"": ""cylinder"", ""size"": 0.701, ""material"": ""rubber"", ""3d_coords"": [-0.8096957061792329, -3.1371075480461075, 0.699999988079071], ""rotation"": 44.271751403808594}, {""name"": ""Object_6"", ""shape"": ""cube"", ""size"": 0.7, ""material"": ""rubber"", ""3d_coords"": [2.6237371395358684, 1.375110532280918, 0.699999988079071], ""rotation"": 356.73760986328125}, {""name"": ""Object_7"", ""shape"": ""cylinder"", ""size"": 0.351, ""material"": ""metal"", ""3d_coords"": [3.6695428963977217, 0.18229497216910828, 0.3499999940395355], ""rotation"": 100.61064910888672}, {""name"": ""Object_8"", ""shape"": ""cone"", ""size"": 0.351, ""material"": ""rubber"", ""3d_coords"": [0.5219128239470097, 3.1775772075921687, 0.3499999940395355], ""rotation"": 161.50157165527344}]}\n\nWhat is the color of the object with a size of 0.701?  ASSISTANT:\nassistant\n{""answer"": ""cyan""}']",cyan,"{""answer"": ""green""}",9,"user
 USER:  
This image shows a minimalist arrangement of 3D geometric shapes made of different materials and colors. The JSON provided contains information about all objects in the scene, including their name, 3D coordinates (represented as [X, Y, Z]), material (metal = shinny, rubber = matte), and other attributes. 
Your job is to analyze this information, find the object with a size of 0.701, use its attributes to identify which object in the image corresponds to that object, and retrieve its color in the following format: {""answer"": ""COLOR""}
Select your answer from the following options: gray, red, blue, green, brown, purple, cyan, or yellow. Do not add any additional text to your answer, provide your answer always in the following format: {""answer"": ""COLOR""}. 

Understanding the Coordinate System X, Y, Z:
• X (Depth): Represents the depth relative to the camera. Smaller values indicate objects that are farther away.
• Y (Horizontal Position): Represents the left-to-right position. A value of zero means the object is centered in the scene, negative values place the object to the left, and positive values to the right.
• Z (Vertical Position): Represents the height of the object's center point. Larger values correspond to higher vertical positions.

Here is the JSON containing details about all objects in the scene in the image:

{""camera_location"": [9.915478112284436, 0, 5.34366512298584], ""objects"": [{""name"": ""Object_0"", ""shape"": ""cylinder"", ""size"": 0.7, ""material"": ""rubber"", ""3d_coords"": [-0.1606681918080175, 0.7018721599015969, 0.699999988079071], ""rotation"": 346.54864501953125}, {""name"": ""Object_1"", ""shape"": ""cube"", ""size"": 0.351, ""material"": ""rubber"", ""3d_coords"": [-2.367545748014542, -1.3522377104138676, 0.3499999940395355], ""rotation"": 164.09930419921875}, {""name"": ""Object_2"", ""shape"": ""cube"", ""size"": 0.7, ""material"": ""rubber"", ""3d_coords"": [-1.7097698929136345, 2.2686358410078236, 0.699999988079071], ""rotation"": 156.09521484375}, {""name"": ""Object_3"", ""shape"": ""sphere"", ""size"": 0.351, ""material"": ""rubber"", ""3d_coords"": [1.788194284270057, -2.1788770450712565, 0.3499999940395355], ""rotation"": 45.26325607299805}, {""name"": ""Object_4"", ""shape"": ""cylinder"", ""size"": 0.351, ""material"": ""rubber"", ""3d_coords"": [1.346578102516892, -0.7144348966941717, 0.3499999940395355], ""rotation"": 258.3526916503906}, {""name"": ""Object_5"", ""shape"": ""cylinder"", ""size"": 0.701, ""material"": ""rubber"", ""3d_coords"": [-0.8096957061792329, -3.1371075480461075, 0.699999988079071], ""rotation"": 44.271751403808594}, {""name"": ""Object_6"", ""shape"": ""cube"", ""size"": 0.7, ""material"": ""rubber"", ""3d_coords"": [2.6237371395358684, 1.375110532280918, 0.699999988079071], ""rotation"": 356.73760986328125}, {""name"": ""Object_7"", ""shape"": ""cylinder"", ""size"": 0.351, ""material"": ""metal"", ""3d_coords"": [3.6695428963977217, 0.18229497216910828, 0.3499999940395355], ""rotation"": 100.61064910888672}, {""name"": ""Object_8"", ""shape"": ""cone"", ""size"": 0.351, ""material"": ""rubber"", ""3d_coords"": [0.5219128239470097, 3.1775772075921687, 0.3499999940395355], ""rotation"": 161.50157165527344}]}

What is the color of the object with a size of 0.701?  ASSISTANT:
assistant
{""answer"": ""gray""}",gray,"{""answer"": ""green""}",9
26,2.9356518,27.086374,29.543797,28.997639,42.559525,54.564396,76.93936,78.17215,95.23394,99.02338,92.77932,87.21827,94.81427,101.2099,103.7915,106.72431,110.75961,88.50635,91.14995,93.86675,104.20394,120.56898,114.37728,120.35467,120.67729,123.03853,114.42687,121.51821,122.909706,133.69795,141.75208,146.63115,154.58002,144.17638,123.447784,97.793495,14.102395,All tokens,1763,2364,"['user\n USER:  \nThis image shows a minimalist arrangement of 3D geometric shapes made of different materials and colors. The JSON provided contains information about all objects in the scene, including their name, 3D coordinates (represented as [X, Y, Z]), material (metal = shinny, rubber = matte), and other attributes. \nYour job is to identify the cone in the image, match its attributes to identify which of the objects mentioned in the JSON corresponds to that object, and determine its 3D coordinates in the following format: {""answer"": [X, Y, Z]}\nDo not add any additional text to your answer, provide your answer always in the following format: {""answer"": [X, Y, Z]}. \n\nUnderstanding the Coordinate System X, Y, Z:\n• X (Depth): Represents the depth relative to the camera. Smaller values indicate objects that are farther away.\n• Y (Horizontal Position): Represents the left-to-right position. A value of zero means the object is centered in the scene, negative values place the object to the left, and positive values to the right.\n• Z (Vertical Position): Represents the height of the object\'s center point. Larger values correspond to higher vertical positions.\n\nHere is the JSON containing details about all objects in the scene in the image:\n\n{""camera_location"": [9.915478112284436, 0, 5.34366512298584], ""objects"": [{""name"": ""Object_0"", ""size"": 0.351, ""material"": ""rubber"", ""3d_coords"": [1.7637049622115026, -2.078359624814423, 0.3499999940395355], ""rotation"": 230.55128479003906, ""color"": ""cyan""}, {""name"": ""Object_1"", ""size"": 0.701, ""material"": ""rubber"", ""3d_coords"": [-0.541677747336774, -0.25762640855916286, 0.699999988079071], ""rotation"": 109.10364532470703, ""color"": ""gray""}, {""name"": ""Object_2"", ""size"": 0.351, ""material"": ""rubber"", ""3d_coords"": [0.9457669489564922, -0.9416399909697161, 0.3499999940395355], ""rotation"": 19.822256088256836, ""color"": ""red""}, {""name"": ""Object_3"", ""size"": 0.7, ""material"": ""metal"", ""3d_coords"": [-1.4870844308204467, 1.8173299038159842, 0.699999988079071], ""rotation"": 345.46905517578125, ""color"": ""green""}, {""name"": ""Object_4"", ""size"": 0.701, ""material"": ""rubber"", ""3d_coords"": [0.06377568583385718, -3.8369737436151885, 0.699999988079071], ""rotation"": 195.95790100097656, ""color"": ""blue""}, {""name"": ""Object_5"", ""size"": 0.7, ""material"": ""rubber"", ""3d_coords"": [-2.8465154139901827, 0.5906719929122008, 0.699999988079071], ""rotation"": 323.02484130859375, ""color"": ""green""}, {""name"": ""Object_6"", ""size"": 0.351, ""material"": ""metal"", ""3d_coords"": [2.7516130061875574, -1.5240810690226496, 0.3499999940395355], ""rotation"": 111.76055145263672, ""color"": ""cyan""}]}\n\nWhich are the 3D coordinates of the cone?  ASSISTANT:\nassistant\n{""answer"": [0.9457669489564922, -0.9416399909697161, 0.3499']","[0.9457669489564922, -0.9416399909697161, 0.3499","{""answer"": [-2.8465154139901827, 0.5906719929122008, 0.699999988079071]}",7,"user
 USER:  
This image shows a minimalist arrangement of 3D geometric shapes made of different materials and colors. The JSON provided contains information about all objects in the scene, including their name, 3D coordinates (represented as [X, Y, Z]), material (metal = shinny, rubber = matte), and other attributes. 
Your job is to identify the cone in the image, match its attributes to identify which of the objects mentioned in the JSON corresponds to that object, and determine its 3D coordinates in the following format: {""answer"": [X, Y, Z]}
Do not add any additional text to your answer, provide your answer always in the following format: {""answer"": [X, Y, Z]}. 

Understanding the Coordinate System X, Y, Z:
• X (Depth): Represents the depth relative to the camera. Smaller values indicate objects that are farther away.
• Y (Horizontal Position): Represents the left-to-right position. A value of zero means the object is centered in the scene, negative values place the object to the left, and positive values to the right.
• Z (Vertical Position): Represents the height of the object's center point. Larger values correspond to higher vertical positions.

Here is the JSON containing details about all objects in the scene in the image:

{""camera_location"": [9.915478112284436, 0, 5.34366512298584], ""objects"": [{""name"": ""Object_0"", ""size"": 0.351, ""material"": ""rubber"", ""3d_coords"": [1.7637049622115026, -2.078359624814423, 0.3499999940395355], ""rotation"": 230.55128479003906, ""color"": ""cyan""}, {""name"": ""Object_1"", ""size"": 0.701, ""material"": ""rubber"", ""3d_coords"": [-0.541677747336774, -0.25762640855916286, 0.699999988079071], ""rotation"": 109.10364532470703, ""color"": ""gray""}, {""name"": ""Object_2"", ""size"": 0.351, ""material"": ""rubber"", ""3d_coords"": [0.9457669489564922, -0.9416399909697161, 0.3499999940395355], ""rotation"": 19.822256088256836, ""color"": ""red""}, {""name"": ""Object_3"", ""size"": 0.7, ""material"": ""metal"", ""3d_coords"": [-1.4870844308204467, 1.8173299038159842, 0.699999988079071], ""rotation"": 345.46905517578125, ""color"": ""green""}, {""name"": ""Object_4"", ""size"": 0.701, ""material"": ""rubber"", ""3d_coords"": [0.06377568583385718, -3.8369737436151885, 0.699999988079071], ""rotation"": 195.95790100097656, ""color"": ""blue""}, {""name"": ""Object_5"", ""size"": 0.7, ""material"": ""rubber"", ""3d_coords"": [-2.8465154139901827, 0.5906719929122008, 0.699999988079071], ""rotation"": 323.02484130859375, ""color"": ""green""}, {""name"": ""Object_6"", ""size"": 0.351, ""material"": ""metal"", ""3d_coords"": [2.7516130061875574, -1.5240810690226496, 0.3499999940395355], ""rotation"": 111.76055145263672, ""color"": ""cyan""}]}

Which are the 3D coordinates of the cone?  ASSISTANT:
assistant
{""answer"": [1.7637049622115026, -2.078359624814423, 0.34999","[1.7637049622115026, -2.078359624814423, 0.34999","{""answer"": [-2.8465154139901827, 0.5906719929122008, 0.699999988079071]}",7
27,3.3809106,32.980724,37.96268,38.987103,51.96194,61.466022,81.74152,89.933556,107.42517,109.08571,100.63813,93.206024,100.42012,107.698296,110.97314,113.95651,119.18681,99.73405,101.543205,103.15748,112.97382,129.49178,120.298615,124.85871,124.95835,127.79971,117.16577,123.5826,124.737495,135.79924,145.2951,152.16461,160.71611,149.07314,127.47867,99.80684,14.97211,All tokens,2757,3652,"['user\n USER:  \nThis image shows a minimalist arrangement of 3D geometric shapes made of different materials and colors. The JSON provided contains information about all objects in the scene, including their name, 3D coordinates (represented as [X, Y, Z]), material (metal = shinny, rubber = matte), and other attributes. \nYour job is to analyze this information, find the object with a rotation of 127.015380859375, use its attributes to identify which object in the image corresponds to that object, and retrieve its shape in the following format: {""answer"": ""SHAPE""}\nSelect your answer from the following options: cylinder, sphere, cone, or cube. Do not add any additional text to your answer, provide your answer always in the following format: {""answer"": ""SHAPE""}. \n\nUnderstanding the Coordinate System X, Y, Z:\n• X (Depth): Represents the depth relative to the camera. Smaller values indicate objects that are farther away.\n• Y (Horizontal Position): Represents the left-to-right position. A value of zero means the object is centered in the scene, negative values place the object to the left, and positive values to the right.\n• Z (Vertical Position): Represents the height of the object\'s center point. Larger values correspond to higher vertical positions.\n\nHere is the JSON containing details about all objects in the scene in the image:\n\n{""camera_location"": [9.915478112284436, 0, 5.34366512298584], ""objects"": [{""name"": ""Object_0"", ""size"": 0.351, ""material"": ""rubber"", ""3d_coords"": [0.64358728194546, 1.4017654924554899, 0.3499999940395355], ""rotation"": 74.52092742919922, ""color"": ""yellow""}, {""name"": ""Object_1"", ""size"": 0.351, ""material"": ""metal"", ""3d_coords"": [-2.8130710752401447, -0.29763037993608554, 0.3499999940395355], ""rotation"": 271.9960632324219, ""color"": ""purple""}, {""name"": ""Object_2"", ""size"": 0.7, ""material"": ""rubber"", ""3d_coords"": [2.7184234573813413, -0.8782292313301926, 0.699999988079071], ""rotation"": 102.63001251220703, ""color"": ""cyan""}, {""name"": ""Object_3"", ""size"": 0.351, ""material"": ""metal"", ""3d_coords"": [-2.092079725241204, -1.3481793102738768, 0.3499999940395355], ""rotation"": 72.73233032226562, ""color"": ""yellow""}, {""name"": ""Object_4"", ""size"": 0.351, ""material"": ""rubber"", ""3d_coords"": [-1.2502468148813555, 2.564259059898659, 0.3499999940395355], ""rotation"": 94.24529266357422, ""color"": ""green""}, {""name"": ""Object_5"", ""size"": 0.351, ""material"": ""rubber"", ""3d_coords"": [-0.48081596024065126, 0.8887716490911104, 0.3499999940395355], ""rotation"": 200.69154357910156, ""color"": ""blue""}, {""name"": ""Object_6"", ""size"": 0.351, ""material"": ""rubber"", ""3d_coords"": [1.688507070051415, -1.8242689437502806, 0.3499999940395355], ""rotation"": 266.36572265625, ""color"": ""brown""}, {""name"": ""Object_7"", ""size"": 0.351, ""material"": ""rubber"", ""3d_coords"": [-3.9790485301104432, 0.3474424102617424, 0.3499999940395355], ""rotation"": 127.015380859375, ""color"": ""gray""}, {""name"": ""Object_8"", ""size"": 0.7, ""material"": ""metal"", ""3d_coords"": [0.016606569178203356, -2.9589752129856057, 0.699999988079071], ""rotation"": 21.311233520507812, ""color"": ""red""}]}\n\nWhat is the shape of the object with a rotation of 127.015380859375?  ASSISTANT:\nassistant\n{""answer"": ""cube""}']",cube,"{""answer"": ""cube""}",9,"user
 USER:  
This image shows a minimalist arrangement of 3D geometric shapes made of different materials and colors. The JSON provided contains information about all objects in the scene, including their name, 3D coordinates (represented as [X, Y, Z]), material (metal = shinny, rubber = matte), and other attributes. 
Your job is to analyze this information, find the object with a rotation of 127.015380859375, use its attributes to identify which object in the image corresponds to that object, and retrieve its shape in the following format: {""answer"": ""SHAPE""}
Select your answer from the following options: cylinder, sphere, cone, or cube. Do not add any additional text to your answer, provide your answer always in the following format: {""answer"": ""SHAPE""}. 

Understanding the Coordinate System X, Y, Z:
• X (Depth): Represents the depth relative to the camera. Smaller values indicate objects that are farther away.
• Y (Horizontal Position): Represents the left-to-right position. A value of zero means the object is centered in the scene, negative values place the object to the left, and positive values to the right.
• Z (Vertical Position): Represents the height of the object's center point. Larger values correspond to higher vertical positions.

Here is the JSON containing details about all objects in the scene in the image:

{""camera_location"": [9.915478112284436, 0, 5.34366512298584], ""objects"": [{""name"": ""Object_0"", ""size"": 0.351, ""material"": ""rubber"", ""3d_coords"": [0.64358728194546, 1.4017654924554899, 0.3499999940395355], ""rotation"": 74.52092742919922, ""color"": ""yellow""}, {""name"": ""Object_1"", ""size"": 0.351, ""material"": ""metal"", ""3d_coords"": [-2.8130710752401447, -0.29763037993608554, 0.3499999940395355], ""rotation"": 271.9960632324219, ""color"": ""purple""}, {""name"": ""Object_2"", ""size"": 0.7, ""material"": ""rubber"", ""3d_coords"": [2.7184234573813413, -0.8782292313301926, 0.699999988079071], ""rotation"": 102.63001251220703, ""color"": ""cyan""}, {""name"": ""Object_3"", ""size"": 0.351, ""material"": ""metal"", ""3d_coords"": [-2.092079725241204, -1.3481793102738768, 0.3499999940395355], ""rotation"": 72.73233032226562, ""color"": ""yellow""}, {""name"": ""Object_4"", ""size"": 0.351, ""material"": ""rubber"", ""3d_coords"": [-1.2502468148813555, 2.564259059898659, 0.3499999940395355], ""rotation"": 94.24529266357422, ""color"": ""green""}, {""name"": ""Object_5"", ""size"": 0.351, ""material"": ""rubber"", ""3d_coords"": [-0.48081596024065126, 0.8887716490911104, 0.3499999940395355], ""rotation"": 200.69154357910156, ""color"": ""blue""}, {""name"": ""Object_6"", ""size"": 0.351, ""material"": ""rubber"", ""3d_coords"": [1.688507070051415, -1.8242689437502806, 0.3499999940395355], ""rotation"": 266.36572265625, ""color"": ""brown""}, {""name"": ""Object_7"", ""size"": 0.351, ""material"": ""rubber"", ""3d_coords"": [-3.9790485301104432, 0.3474424102617424, 0.3499999940395355], ""rotation"": 127.015380859375, ""color"": ""gray""}, {""name"": ""Object_8"", ""size"": 0.7, ""material"": ""metal"", ""3d_coords"": [0.016606569178203356, -2.9589752129856057, 0.699999988079071], ""rotation"": 21.311233520507812, ""color"": ""red""}]}

What is the shape of the object with a rotation of 127.015380859375?  ASSISTANT:
assistant
{""answer"": ""sphere""}",sphere,"{""answer"": ""cube""}",9
28,3.242281,30.686562,35.514816,36.913567,48.55584,56.915318,76.199104,87.15309,104.03812,104.62734,96.34889,89.040504,96.01721,103.04735,105.55727,108.51467,113.704994,96.60823,98.16436,99.60772,108.52755,123.71502,113.37084,117.866,117.7573,119.838356,108.42834,114.545715,115.97997,126.85942,135.96622,142.9892,151.49985,140.04083,118.71575,93.31609,12.22145,All tokens,837,1152,"['user\n USER:  \nThis image shows a minimalist arrangement of 3D geometric shapes made of different materials and colors. The JSON provided contains information about all objects in the scene, including their name, 3D coordinates (represented as [X, Y, Z]), material (metal = shinny, rubber = matte), and other attributes. \nYour job is to identify the cone in the image, match its attributes to identify which of the objects mentioned in the JSON corresponds to that object, and determine its rotation in the following format: {""answer"": ""ROTATION""}\nDo not add any additional text to your answer, provide your answer always in the following format: {""answer"": ""ROTATION""}. \n\nUnderstanding the Coordinate System X, Y, Z:\n• X (Depth): Represents the depth relative to the camera. Smaller values indicate objects that are farther away.\n• Y (Horizontal Position): Represents the left-to-right position. A value of zero means the object is centered in the scene, negative values place the object to the left, and positive values to the right.\n• Z (Vertical Position): Represents the height of the object\'s center point. Larger values correspond to higher vertical positions.\n\nHere is the JSON containing details about all objects in the scene in the image:\n\n{""camera_location"": [9.915478112284436, 0, 5.34366512298584], ""objects"": [{""name"": ""Object_0"", ""size"": 0.701, ""material"": ""rubber"", ""3d_coords"": [1.2623137074708397, -1.764611023304337, 0.699999988079071], ""rotation"": 10.289356231689453, ""color"": ""gray""}, {""name"": ""Object_1"", ""size"": 0.351, ""material"": ""metal"", ""3d_coords"": [-0.8455590493594192, 1.8016953941616474, 0.3499999940395355], ""rotation"": 148.09388732910156, ""color"": ""green""}, {""name"": ""Object_2"", ""size"": 0.7, ""material"": ""rubber"", ""3d_coords"": [0.3787945202740741, 3.400004039196693, 0.699999988079071], ""rotation"": 307.0750427246094, ""color"": ""cyan""}, {""name"": ""Object_3"", ""size"": 0.351, ""material"": ""metal"", ""3d_coords"": [3.166490711433788, -0.6398373975452669, 0.3499999940395355], ""rotation"": 157.10389709472656, ""color"": ""gray""}, {""name"": ""Object_4"", ""size"": 0.351, ""material"": ""metal"", ""3d_coords"": [-1.3460153939348938, -1.2371774169418364, 0.3499999940395355], ""rotation"": 20.614009857177734, ""color"": ""gray""}, {""name"": ""Object_5"", ""size"": 0.7, ""material"": ""metal"", ""3d_coords"": [-2.246249245483622, 1.2755204541752871, 0.699999988079071], ""rotation"": 65.9312973022461, ""color"": ""brown""}, {""name"": ""Object_6"", ""size"": 0.701, ""material"": ""rubber"", ""3d_coords"": [-3.802711677282304, 0.5242873265356542, 0.699999988079071], ""rotation"": 299.12249755859375, ""color"": ""gray""}, {""name"": ""Object_7"", ""size"": 0.351, ""material"": ""rubber"", ""3d_coords"": [2.307594360606601, 0.04023323388212274, 0.3499999940395355], ""rotation"": 198.58226013183594, ""color"": ""purple""}, {""name"": ""Object_8"", ""size"": 0.351, ""material"": ""rubber"", ""3d_coords"": [-1.7609990793500403, -2.4356283987918985, 0.3499999940395355], ""rotation"": 353.67010498046875, ""color"": ""purple""}, {""name"": ""Object_9"", ""size"": 0.351, ""material"": ""rubber"", ""3d_coords"": [-0.16957971923016824, -3.6798121597456452, 0.3499999940395355], ""rotation"": 51.82205581665039, ""color"": ""blue""}]}\n\nWhat is the rotation value of the cone?  ASSISTANT:\nassistant\n{""answer"": ""353.67010498046875""}']",353.67010498046875,"{""answer"": 353.67010498046875}",10,"user
 USER:  
This image shows a minimalist arrangement of 3D geometric shapes made of different materials and colors. The JSON provided contains information about all objects in the scene, including their name, 3D coordinates (represented as [X, Y, Z]), material (metal = shinny, rubber = matte), and other attributes. 
Your job is to identify the cone in the image, match its attributes to identify which of the objects mentioned in the JSON corresponds to that object, and determine its rotation in the following format: {""answer"": ""ROTATION""}
Do not add any additional text to your answer, provide your answer always in the following format: {""answer"": ""ROTATION""}. 

Understanding the Coordinate System X, Y, Z:
• X (Depth): Represents the depth relative to the camera. Smaller values indicate objects that are farther away.
• Y (Horizontal Position): Represents the left-to-right position. A value of zero means the object is centered in the scene, negative values place the object to the left, and positive values to the right.
• Z (Vertical Position): Represents the height of the object's center point. Larger values correspond to higher vertical positions.

Here is the JSON containing details about all objects in the scene in the image:

{""camera_location"": [9.915478112284436, 0, 5.34366512298584], ""objects"": [{""name"": ""Object_0"", ""size"": 0.701, ""material"": ""rubber"", ""3d_coords"": [1.2623137074708397, -1.764611023304337, 0.699999988079071], ""rotation"": 10.289356231689453, ""color"": ""gray""}, {""name"": ""Object_1"", ""size"": 0.351, ""material"": ""metal"", ""3d_coords"": [-0.8455590493594192, 1.8016953941616474, 0.3499999940395355], ""rotation"": 148.09388732910156, ""color"": ""green""}, {""name"": ""Object_2"", ""size"": 0.7, ""material"": ""rubber"", ""3d_coords"": [0.3787945202740741, 3.400004039196693, 0.699999988079071], ""rotation"": 307.0750427246094, ""color"": ""cyan""}, {""name"": ""Object_3"", ""size"": 0.351, ""material"": ""metal"", ""3d_coords"": [3.166490711433788, -0.6398373975452669, 0.3499999940395355], ""rotation"": 157.10389709472656, ""color"": ""gray""}, {""name"": ""Object_4"", ""size"": 0.351, ""material"": ""metal"", ""3d_coords"": [-1.3460153939348938, -1.2371774169418364, 0.3499999940395355], ""rotation"": 20.614009857177734, ""color"": ""gray""}, {""name"": ""Object_5"", ""size"": 0.7, ""material"": ""metal"", ""3d_coords"": [-2.246249245483622, 1.2755204541752871, 0.699999988079071], ""rotation"": 65.9312973022461, ""color"": ""brown""}, {""name"": ""Object_6"", ""size"": 0.701, ""material"": ""rubber"", ""3d_coords"": [-3.802711677282304, 0.5242873265356542, 0.699999988079071], ""rotation"": 299.12249755859375, ""color"": ""gray""}, {""name"": ""Object_7"", ""size"": 0.351, ""material"": ""rubber"", ""3d_coords"": [2.307594360606601, 0.04023323388212274, 0.3499999940395355], ""rotation"": 198.58226013183594, ""color"": ""purple""}, {""name"": ""Object_8"", ""size"": 0.351, ""material"": ""rubber"", ""3d_coords"": [-1.7609990793500403, -2.4356283987918985, 0.3499999940395355], ""rotation"": 353.67010498046875, ""color"": ""purple""}, {""name"": ""Object_9"", ""size"": 0.351, ""material"": ""rubber"", ""3d_coords"": [-0.16957971923016824, -3.6798121597456452, 0.3499999940395355], ""rotation"": 51.82205581665039, ""color"": ""blue""}]}

What is the rotation value of the cone?  ASSISTANT:
assistant
{""answer"": 148.09388732910156}",148.09388732910156,"{""answer"": 353.67010498046875}",10
29,2.9595342,27.116386,29.470339,29.729198,43.069588,54.853756,77.17503,77.5313,95.39378,99.27031,92.907974,87.15317,94.5016,100.9169,103.65316,106.448685,110.21432,84.73712,87.9714,90.95063,101.9157,118.30977,113.54754,119.32715,120.45359,124.0667,115.93556,123.353226,124.71857,135.48547,143.93115,149.81773,158.07292,147.53801,126.06411,99.02536,13.06917,All tokens,759,1041,"['user\n USER:  \nThis image shows a minimalist arrangement of 3D geometric shapes made of different materials and colors. The JSON provided contains information about all objects in the scene, including their name, 3D coordinates (represented as [X, Y, Z]), material (metal = shinny, rubber = matte), and other attributes. \nYour job is to identify the cube in the image, match its attributes to identify which of the objects mentioned in the JSON corresponds to that object, and determine its name in the following format: {""answer"": ""NAME""}\nDo not add any additional text to your answer, provide your answer always in the following format: {""answer"": ""NAME""}. \n\nUnderstanding the Coordinate System X, Y, Z:\n• X (Depth): Represents the depth relative to the camera. Smaller values indicate objects that are farther away.\n• Y (Horizontal Position): Represents the left-to-right position. A value of zero means the object is centered in the scene, negative values place the object to the left, and positive values to the right.\n• Z (Vertical Position): Represents the height of the object\'s center point. Larger values correspond to higher vertical positions.\n\nHere is the JSON containing details about all objects in the scene in the image:\n\n{""camera_location"": [9.915478112284436, 0, 5.34366512298584], ""objects"": [{""name"": ""Object_0"", ""size"": 0.7, ""material"": ""metal"", ""3d_coords"": [-2.4077428579584996, -1.521936216814853, 0.699999988079071], ""rotation"": 146.64268493652344, ""color"": ""blue""}, {""name"": ""Object_1"", ""size"": 0.351, ""material"": ""rubber"", ""3d_coords"": [2.1496855935517982, 0.984218026368895, 0.3499999940395355], ""rotation"": 103.14288330078125, ""color"": ""gray""}, {""name"": ""Object_2"", ""size"": 0.7, ""material"": ""rubber"", ""3d_coords"": [-0.8067633973582621, -0.5112366588490169, 0.699999988079071], ""rotation"": 224.8194122314453, ""color"": ""cyan""}, {""name"": ""Object_3"", ""size"": 0.351, ""material"": ""metal"", ""3d_coords"": [-1.8617558726119698, 0.27667302420539375, 0.3499999940395355], ""rotation"": 27.947830200195312, ""color"": ""yellow""}, {""name"": ""Object_4"", ""size"": 0.701, ""material"": ""metal"", ""3d_coords"": [1.5210811680294902, 2.552965882407801, 0.699999988079071], ""rotation"": 44.395172119140625, ""color"": ""red""}, {""name"": ""Object_5"", ""size"": 0.351, ""material"": ""rubber"", ""3d_coords"": [0.4810150711728176, -3.4888219938840086, 0.3499999940395355], ""rotation"": 324.7027282714844, ""color"": ""cyan""}, {""name"": ""Object_6"", ""size"": 0.701, ""material"": ""rubber"", ""3d_coords"": [-0.23028127451902658, 3.0217778835680313, 0.699999988079071], ""rotation"": 177.52197265625, ""color"": ""purple""}]}\n\nWhat is the name of the cube?  ASSISTANT:\nassistant\n{""answer"": ""Object_2""}']",Object_2,"{""answer"": ""Object_2""}",7,"user
 USER:  
This image shows a minimalist arrangement of 3D geometric shapes made of different materials and colors. The JSON provided contains information about all objects in the scene, including their name, 3D coordinates (represented as [X, Y, Z]), material (metal = shinny, rubber = matte), and other attributes. 
Your job is to identify the cube in the image, match its attributes to identify which of the objects mentioned in the JSON corresponds to that object, and determine its name in the following format: {""answer"": ""NAME""}
Do not add any additional text to your answer, provide your answer always in the following format: {""answer"": ""NAME""}. 

Understanding the Coordinate System X, Y, Z:
• X (Depth): Represents the depth relative to the camera. Smaller values indicate objects that are farther away.
• Y (Horizontal Position): Represents the left-to-right position. A value of zero means the object is centered in the scene, negative values place the object to the left, and positive values to the right.
• Z (Vertical Position): Represents the height of the object's center point. Larger values correspond to higher vertical positions.

Here is the JSON containing details about all objects in the scene in the image:

{""camera_location"": [9.915478112284436, 0, 5.34366512298584], ""objects"": [{""name"": ""Object_0"", ""size"": 0.7, ""material"": ""metal"", ""3d_coords"": [-2.4077428579584996, -1.521936216814853, 0.699999988079071], ""rotation"": 146.64268493652344, ""color"": ""blue""}, {""name"": ""Object_1"", ""size"": 0.351, ""material"": ""rubber"", ""3d_coords"": [2.1496855935517982, 0.984218026368895, 0.3499999940395355], ""rotation"": 103.14288330078125, ""color"": ""gray""}, {""name"": ""Object_2"", ""size"": 0.7, ""material"": ""rubber"", ""3d_coords"": [-0.8067633973582621, -0.5112366588490169, 0.699999988079071], ""rotation"": 224.8194122314453, ""color"": ""cyan""}, {""name"": ""Object_3"", ""size"": 0.351, ""material"": ""metal"", ""3d_coords"": [-1.8617558726119698, 0.27667302420539375, 0.3499999940395355], ""rotation"": 27.947830200195312, ""color"": ""yellow""}, {""name"": ""Object_4"", ""size"": 0.701, ""material"": ""metal"", ""3d_coords"": [1.5210811680294902, 2.552965882407801, 0.699999988079071], ""rotation"": 44.395172119140625, ""color"": ""red""}, {""name"": ""Object_5"", ""size"": 0.351, ""material"": ""rubber"", ""3d_coords"": [0.4810150711728176, -3.4888219938840086, 0.3499999940395355], ""rotation"": 324.7027282714844, ""color"": ""cyan""}, {""name"": ""Object_6"", ""size"": 0.701, ""material"": ""rubber"", ""3d_coords"": [-0.23028127451902658, 3.0217778835680313, 0.699999988079071], ""rotation"": 177.52197265625, ""color"": ""purple""}]}

What is the name of the cube?  ASSISTANT:
assistant
{""answer"": ""Object_0""}",Object_0,"{""answer"": ""Object_2""}",7
30,2.9991739,24.72829,26.578978,26.398094,41.07335,55.88691,81.755714,62.178226,77.9496,85.17081,81.02944,77.37345,83.82262,89.24011,92.36707,95.26028,98.010475,67.087326,71.41395,76.51153,88.43711,105.58762,108.36176,116.15957,120.191734,124.488884,121.73209,129.96736,131.86916,141.15186,145.97699,147.65419,152.57288,144.4914,125.95679,97.83855,18.444939,All tokens,3112,4128,"['user\n USER:  \nThis image shows a minimalist arrangement of 3D geometric shapes made of different materials and colors. The JSON provided contains information about all objects in the scene, including their name, 3D coordinates (represented as [X, Y, Z]), material (metal = shinny, rubber = matte), and other attributes. \nYour job is to identify the cube in the image, match its attributes to identify which of the objects mentioned in the JSON corresponds to that object, and determine its rotation in the following format: {""answer"": ""ROTATION""}\nDo not add any additional text to your answer, provide your answer always in the following format: {""answer"": ""ROTATION""}. \n\nUnderstanding the Coordinate System X, Y, Z:\n• X (Depth): Represents the depth relative to the camera. Smaller values indicate objects that are farther away.\n• Y (Horizontal Position): Represents the left-to-right position. A value of zero means the object is centered in the scene, negative values place the object to the left, and positive values to the right.\n• Z (Vertical Position): Represents the height of the object\'s center point. Larger values correspond to higher vertical positions.\n\nHere is the JSON containing details about all objects in the scene in the image:\n\n{""camera_location"": [9.915478112284436, 0, 5.34366512298584], ""objects"": [{""name"": ""Object_0"", ""size"": 0.351, ""material"": ""metal"", ""3d_coords"": [-2.148962327777715, 0.8744327811991798, 0.3499999940395355], ""rotation"": 226.7097625732422, ""color"": ""red""}, {""name"": ""Object_1"", ""size"": 0.701, ""material"": ""metal"", ""3d_coords"": [1.4148083201510597, 1.9387341442006576, 0.699999988079071], ""rotation"": 312.5078125, ""color"": ""yellow""}, {""name"": ""Object_2"", ""size"": 0.7, ""material"": ""rubber"", ""3d_coords"": [0.4743003720505527, 0.30501282184411865, 0.699999988079071], ""rotation"": 203.72276306152344, ""color"": ""gray""}, {""name"": ""Object_3"", ""size"": 0.351, ""material"": ""rubber"", ""3d_coords"": [-1.063429738254202, -0.16179290227559512, 0.3499999940395355], ""rotation"": 237.6503448486328, ""color"": ""brown""}]}\n\nWhat is the rotation value of the cube?  ASSISTANT:\nassistant\n{""answer"": ""237.6503448486328""}']",237.6503448486328,"{""answer"": 237.6503448486328}",4,"user
 USER:  
This image shows a minimalist arrangement of 3D geometric shapes made of different materials and colors. The JSON provided contains information about all objects in the scene, including their name, 3D coordinates (represented as [X, Y, Z]), material (metal = shinny, rubber = matte), and other attributes. 
Your job is to identify the cube in the image, match its attributes to identify which of the objects mentioned in the JSON corresponds to that object, and determine its rotation in the following format: {""answer"": ""ROTATION""}
Do not add any additional text to your answer, provide your answer always in the following format: {""answer"": ""ROTATION""}. 

Understanding the Coordinate System X, Y, Z:
• X (Depth): Represents the depth relative to the camera. Smaller values indicate objects that are farther away.
• Y (Horizontal Position): Represents the left-to-right position. A value of zero means the object is centered in the scene, negative values place the object to the left, and positive values to the right.
• Z (Vertical Position): Represents the height of the object's center point. Larger values correspond to higher vertical positions.

Here is the JSON containing details about all objects in the scene in the image:

{""camera_location"": [9.915478112284436, 0, 5.34366512298584], ""objects"": [{""name"": ""Object_0"", ""size"": 0.351, ""material"": ""metal"", ""3d_coords"": [-2.148962327777715, 0.8744327811991798, 0.3499999940395355], ""rotation"": 226.7097625732422, ""color"": ""red""}, {""name"": ""Object_1"", ""size"": 0.701, ""material"": ""metal"", ""3d_coords"": [1.4148083201510597, 1.9387341442006576, 0.699999988079071], ""rotation"": 312.5078125, ""color"": ""yellow""}, {""name"": ""Object_2"", ""size"": 0.7, ""material"": ""rubber"", ""3d_coords"": [0.4743003720505527, 0.30501282184411865, 0.699999988079071], ""rotation"": 203.72276306152344, ""color"": ""gray""}, {""name"": ""Object_3"", ""size"": 0.351, ""material"": ""rubber"", ""3d_coords"": [-1.063429738254202, -0.16179290227559512, 0.3499999940395355], ""rotation"": 237.6503448486328, ""color"": ""brown""}]}

What is the rotation value of the cube?  ASSISTANT:
assistant
{""answer"": ""226.7097625732422""}",226.7097625732422,"{""answer"": 237.6503448486328}",4
31,3.2032375,30.525238,35.479893,37.24007,49.041973,57.588135,76.66279,87.64906,103.99426,105.102875,96.450386,89.72769,97.268486,103.929924,106.71943,110.49322,115.06133,101.373245,102.592514,103.99991,112.080444,127.513084,118.2005,121.75316,120.09348,121.993,110.29708,116.962585,118.19035,128.72452,138.13391,144.63228,153.1914,141.36719,120.49471,94.19681,12.257767,All tokens,792,1084,"['user\n USER:  \nThis image shows a minimalist arrangement of 3D geometric shapes made of different materials and colors. The JSON provided contains information about all objects in the scene, including their name, 3D coordinates (represented as [X, Y, Z]), material (metal = shinny, rubber = matte), and other attributes. \nYour job is to identify the blue colored object in the image, match its attributes to identify which of the objects mentioned in the JSON corresponds to that object, and determine its 3D coordinates in the following format: {""answer"": [X, Y, Z]}\nDo not add any additional text to your answer, provide your answer always in the following format: {""answer"": [X, Y, Z]}. \n\nUnderstanding the Coordinate System X, Y, Z:\n• X (Depth): Represents the depth relative to the camera. Smaller values indicate objects that are farther away.\n• Y (Horizontal Position): Represents the left-to-right position. A value of zero means the object is centered in the scene, negative values place the object to the left, and positive values to the right.\n• Z (Vertical Position): Represents the height of the object\'s center point. Larger values correspond to higher vertical positions.\n\nHere is the JSON containing details about all objects in the scene in the image:\n\n{""camera_location"": [9.915478112284436, 0, 5.34366512298584], ""objects"": [{""name"": ""Object_0"", ""shape"": ""cube"", ""size"": 0.7, ""material"": ""metal"", ""3d_coords"": [-0.3138281182390357, 1.2834595713777883, 0.699999988079071], ""rotation"": 355.5685119628906}, {""name"": ""Object_1"", ""shape"": ""cube"", ""size"": 0.351, ""material"": ""rubber"", ""3d_coords"": [0.6886742543302362, -0.2100943277630098, 0.3499999940395355], ""rotation"": 237.75816345214844}, {""name"": ""Object_2"", ""shape"": ""cylinder"", ""size"": 0.351, ""material"": ""rubber"", ""3d_coords"": [-2.149486114392069, -2.0681906909790935, 0.3499999940395355], ""rotation"": 110.10399627685547}, {""name"": ""Object_3"", ""shape"": ""cube"", ""size"": 0.351, ""material"": ""metal"", ""3d_coords"": [-0.9816327550439095, 2.681147747157805, 0.3499999940395355], ""rotation"": 310.6956787109375}, {""name"": ""Object_4"", ""shape"": ""cone"", ""size"": 0.351, ""material"": ""metal"", ""3d_coords"": [-1.4884386999467862, -0.7197050657087278, 0.3499999940395355], ""rotation"": 117.64804077148438}, {""name"": ""Object_5"", ""shape"": ""cylinder"", ""size"": 0.351, ""material"": ""rubber"", ""3d_coords"": [1.9809472928552982, -1.650176778972651, 0.3499999940395355], ""rotation"": 116.19461059570312}, {""name"": ""Object_6"", ""shape"": ""sphere"", ""size"": 0.7, ""material"": ""metal"", ""3d_coords"": [-3.8626438600906785, 0.41156666884776194, 0.699999988079071], ""rotation"": 211.38162231445312}, {""name"": ""Object_7"", ""shape"": ""cylinder"", ""size"": 0.351, ""material"": ""metal"", ""3d_coords"": [1.1232574248978895, 1.7630407664894352, 0.3499999940395355], ""rotation"": 159.710693359375}, {""name"": ""Object_8"", ""shape"": ""sphere"", ""size"": 0.351, ""material"": ""rubber"", ""3d_coords"": [2.9322520483173107, -1.1690032638668204, 0.3499999940395355], ""rotation"": 92.90811157226562}, {""name"": ""Object_9"", ""shape"": ""cube"", ""size"": 0.351, ""material"": ""rubber"", ""3d_coords"": [0.08824379063242094, 3.8244467284438364, 0.3499999940395355], ""rotation"": 258.7905578613281}]}\n\nWhich are the 3D coordinates of the blue colored object?  ASSISTANT:\nassistant\n{""answer"": [0.6886742543302362, -0.2100943277630098, 0.3499']","[0.6886742543302362, -0.2100943277630098, 0.3499","{""answer"": [0.6886742543302362, -0.2100943277630098, 0.3499999940395355]}",10,"user
 USER:  
This image shows a minimalist arrangement of 3D geometric shapes made of different materials and colors. The JSON provided contains information about all objects in the scene, including their name, 3D coordinates (represented as [X, Y, Z]), material (metal = shinny, rubber = matte), and other attributes. 
Your job is to identify the blue colored object in the image, match its attributes to identify which of the objects mentioned in the JSON corresponds to that object, and determine its 3D coordinates in the following format: {""answer"": [X, Y, Z]}
Do not add any additional text to your answer, provide your answer always in the following format: {""answer"": [X, Y, Z]}. 

Understanding the Coordinate System X, Y, Z:
• X (Depth): Represents the depth relative to the camera. Smaller values indicate objects that are farther away.
• Y (Horizontal Position): Represents the left-to-right position. A value of zero means the object is centered in the scene, negative values place the object to the left, and positive values to the right.
• Z (Vertical Position): Represents the height of the object's center point. Larger values correspond to higher vertical positions.

Here is the JSON containing details about all objects in the scene in the image:

{""camera_location"": [9.915478112284436, 0, 5.34366512298584], ""objects"": [{""name"": ""Object_0"", ""shape"": ""cube"", ""size"": 0.7, ""material"": ""metal"", ""3d_coords"": [-0.3138281182390357, 1.2834595713777883, 0.699999988079071], ""rotation"": 355.5685119628906}, {""name"": ""Object_1"", ""shape"": ""cube"", ""size"": 0.351, ""material"": ""rubber"", ""3d_coords"": [0.6886742543302362, -0.2100943277630098, 0.3499999940395355], ""rotation"": 237.75816345214844}, {""name"": ""Object_2"", ""shape"": ""cylinder"", ""size"": 0.351, ""material"": ""rubber"", ""3d_coords"": [-2.149486114392069, -2.0681906909790935, 0.3499999940395355], ""rotation"": 110.10399627685547}, {""name"": ""Object_3"", ""shape"": ""cube"", ""size"": 0.351, ""material"": ""metal"", ""3d_coords"": [-0.9816327550439095, 2.681147747157805, 0.3499999940395355], ""rotation"": 310.6956787109375}, {""name"": ""Object_4"", ""shape"": ""cone"", ""size"": 0.351, ""material"": ""metal"", ""3d_coords"": [-1.4884386999467862, -0.7197050657087278, 0.3499999940395355], ""rotation"": 117.64804077148438}, {""name"": ""Object_5"", ""shape"": ""cylinder"", ""size"": 0.351, ""material"": ""rubber"", ""3d_coords"": [1.9809472928552982, -1.650176778972651, 0.3499999940395355], ""rotation"": 116.19461059570312}, {""name"": ""Object_6"", ""shape"": ""sphere"", ""size"": 0.7, ""material"": ""metal"", ""3d_coords"": [-3.8626438600906785, 0.41156666884776194, 0.699999988079071], ""rotation"": 211.38162231445312}, {""name"": ""Object_7"", ""shape"": ""cylinder"", ""size"": 0.351, ""material"": ""metal"", ""3d_coords"": [1.1232574248978895, 1.7630407664894352, 0.3499999940395355], ""rotation"": 159.710693359375}, {""name"": ""Object_8"", ""shape"": ""sphere"", ""size"": 0.351, ""material"": ""rubber"", ""3d_coords"": [2.9322520483173107, -1.1690032638668204, 0.3499999940395355], ""rotation"": 92.90811157226562}, {""name"": ""Object_9"", ""shape"": ""cube"", ""size"": 0.351, ""material"": ""rubber"", ""3d_coords"": [0.08824379063242094, 3.8244467284438364, 0.3499999940395355], ""rotation"": 258.7905578613281}]}

Which are the 3D coordinates of the blue colored object?  ASSISTANT:
assistant
{""answer"": [-0.3138281182390357, 1.2834595713777883, 0.6999","[-0.3138281182390357, 1.2834595713777883, 0.6999","{""answer"": [0.6886742543302362, -0.2100943277630098, 0.3499999940395355]}",10
32,2.9777231,27.072407,29.058958,29.473085,42.835487,54.39348,76.57675,77.25556,94.66347,98.4999,92.041985,86.58444,94.01436,100.551414,103.25979,106.2878,110.19194,85.69162,88.569374,91.5941,101.58412,117.81593,112.95206,118.33143,119.41049,122.33914,113.417244,120.759605,122.14095,132.74907,141.29732,147.03705,154.49234,143.91792,122.48653,96.21736,13.651266,All tokens,2940,3901,"['user\n USER:  \nThis image shows a minimalist arrangement of 3D geometric shapes made of different materials and colors. The JSON provided contains information about all objects in the scene, including their name, 3D coordinates (represented as [X, Y, Z]), material (metal = shinny, rubber = matte), and other attributes. \nYour job is to identify the cube in the image, match its attributes to identify which of the objects mentioned in the JSON corresponds to that object, and determine its size in the following format: {""answer"": ""SIZE""}\nDo not add any additional text to your answer, provide your answer always in the following format: {""answer"": ""SIZE""}. \n\nUnderstanding the Coordinate System X, Y, Z:\n• X (Depth): Represents the depth relative to the camera. Smaller values indicate objects that are farther away.\n• Y (Horizontal Position): Represents the left-to-right position. A value of zero means the object is centered in the scene, negative values place the object to the left, and positive values to the right.\n• Z (Vertical Position): Represents the height of the object\'s center point. Larger values correspond to higher vertical positions.\n\nHere is the JSON containing details about all objects in the scene in the image:\n\n{""camera_location"": [9.915478112284436, 0, 5.34366512298584], ""objects"": [{""name"": ""Object_0"", ""size"": 0.701, ""material"": ""rubber"", ""3d_coords"": [0.8608939706758446, 2.0427089116421975, 0.699999988079071], ""rotation"": 94.02257537841797, ""color"": ""yellow""}, {""name"": ""Object_1"", ""size"": 0.351, ""material"": ""rubber"", ""3d_coords"": [-0.9901550436971807, -3.3185994739840727, 0.3499999940395355], ""rotation"": 35.750831604003906, ""color"": ""green""}, {""name"": ""Object_2"", ""size"": 0.351, ""material"": ""metal"", ""3d_coords"": [-1.7596166562340632, 0.8732549449433284, 0.3499999940395355], ""rotation"": 22.297504425048828, ""color"": ""cyan""}, {""name"": ""Object_3"", ""size"": 0.7, ""material"": ""metal"", ""3d_coords"": [2.5612906793645402, 0.44714185420046526, 0.699999988079071], ""rotation"": 122.95208740234375, ""color"": ""blue""}, {""name"": ""Object_4"", ""size"": 0.7, ""material"": ""rubber"", ""3d_coords"": [1.8490757103090036, -2.2238161318117298, 0.699999988079071], ""rotation"": 193.9268798828125, ""color"": ""gray""}, {""name"": ""Object_5"", ""size"": 0.7, ""material"": ""metal"", ""3d_coords"": [-2.674383544794651, -0.47466384298827635, 0.699999988079071], ""rotation"": 163.64739990234375, ""color"": ""brown""}, {""name"": ""Object_6"", ""size"": 0.7, ""material"": ""rubber"", ""3d_coords"": [0.10596972153549533, 3.853250527185315, 0.699999988079071], ""rotation"": 154.0433349609375, ""color"": ""purple""}]}\n\nWhat is the size value of the cube?  ASSISTANT:\nassistant\n{""answer"": 0.351}']",0.351,"{""answer"": 0.351}",7,"user
 USER:  
This image shows a minimalist arrangement of 3D geometric shapes made of different materials and colors. The JSON provided contains information about all objects in the scene, including their name, 3D coordinates (represented as [X, Y, Z]), material (metal = shinny, rubber = matte), and other attributes. 
Your job is to identify the cube in the image, match its attributes to identify which of the objects mentioned in the JSON corresponds to that object, and determine its size in the following format: {""answer"": ""SIZE""}
Do not add any additional text to your answer, provide your answer always in the following format: {""answer"": ""SIZE""}. 

Understanding the Coordinate System X, Y, Z:
• X (Depth): Represents the depth relative to the camera. Smaller values indicate objects that are farther away.
• Y (Horizontal Position): Represents the left-to-right position. A value of zero means the object is centered in the scene, negative values place the object to the left, and positive values to the right.
• Z (Vertical Position): Represents the height of the object's center point. Larger values correspond to higher vertical positions.

Here is the JSON containing details about all objects in the scene in the image:

{""camera_location"": [9.915478112284436, 0, 5.34366512298584], ""objects"": [{""name"": ""Object_0"", ""size"": 0.701, ""material"": ""rubber"", ""3d_coords"": [0.8608939706758446, 2.0427089116421975, 0.699999988079071], ""rotation"": 94.02257537841797, ""color"": ""yellow""}, {""name"": ""Object_1"", ""size"": 0.351, ""material"": ""rubber"", ""3d_coords"": [-0.9901550436971807, -3.3185994739840727, 0.3499999940395355], ""rotation"": 35.750831604003906, ""color"": ""green""}, {""name"": ""Object_2"", ""size"": 0.351, ""material"": ""metal"", ""3d_coords"": [-1.7596166562340632, 0.8732549449433284, 0.3499999940395355], ""rotation"": 22.297504425048828, ""color"": ""cyan""}, {""name"": ""Object_3"", ""size"": 0.7, ""material"": ""metal"", ""3d_coords"": [2.5612906793645402, 0.44714185420046526, 0.699999988079071], ""rotation"": 122.95208740234375, ""color"": ""blue""}, {""name"": ""Object_4"", ""size"": 0.7, ""material"": ""rubber"", ""3d_coords"": [1.8490757103090036, -2.2238161318117298, 0.699999988079071], ""rotation"": 193.9268798828125, ""color"": ""gray""}, {""name"": ""Object_5"", ""size"": 0.7, ""material"": ""metal"", ""3d_coords"": [-2.674383544794651, -0.47466384298827635, 0.699999988079071], ""rotation"": 163.64739990234375, ""color"": ""brown""}, {""name"": ""Object_6"", ""size"": 0.7, ""material"": ""rubber"", ""3d_coords"": [0.10596972153549533, 3.853250527185315, 0.699999988079071], ""rotation"": 154.0433349609375, ""color"": ""purple""}]}

What is the size value of the cube?  ASSISTANT:
assistant
{""answer"": ""0.7""}",0.7,"{""answer"": 0.351}",7
33,2.817866,25.496758,27.465603,27.164213,41.072803,54.300232,78.7646,75.118515,93.13654,99.00157,93.949905,88.74879,97.11837,103.68806,107.60846,110.78485,115.48539,88.16351,92.240364,97.13143,107.00707,124.987076,124.36671,130.13734,130.98602,135.27078,129.6278,136.74841,137.39607,148.17677,156.33774,160.4094,167.32219,156.9825,137.75005,109.37864,26.77612,All tokens,2817,3737,"['user\n USER:  \nThis image shows a minimalist arrangement of 3D geometric shapes made of different materials and colors. The JSON provided contains information about all objects in the scene, including their name, 3D coordinates (represented as [X, Y, Z]), material (metal = shinny, rubber = matte), and other attributes. \nYour job is to analyze this information, find the object at coordinates [0.6469775686557244, 3.0000944307161808, 0.699999988079071], use its attributes to identify which object in the image corresponds to that object, and retrieve its color in the following format: {""answer"": ""COLOR""}\nSelect your answer from the following options: gray, red, blue, green, brown, purple, cyan, or yellow. Do not add any additional text to your answer, provide your answer always in the following format: {""answer"": ""COLOR""}. \n\nUnderstanding the Coordinate System X, Y, Z:\n• X (Depth): Represents the depth relative to the camera. Smaller values indicate objects that are farther away.\n• Y (Horizontal Position): Represents the left-to-right position. A value of zero means the object is centered in the scene, negative values place the object to the left, and positive values to the right.\n• Z (Vertical Position): Represents the height of the object\'s center point. Larger values correspond to higher vertical positions.\n\nHere is the JSON containing details about all objects in the scene in the image:\n\n{""camera_location"": [9.915478112284436, 0, 5.34366512298584], ""objects"": [{""name"": ""Object_0"", ""shape"": ""sphere"", ""size"": 0.351, ""material"": ""metal"", ""3d_coords"": [2.9864377992372786, -0.508271320314601, 0.3499999940395355], ""rotation"": 225.76451110839844}, {""name"": ""Object_1"", ""shape"": ""cube"", ""size"": 0.701, ""material"": ""rubber"", ""3d_coords"": [2.1917377989931164, 0.9746332083731362, 0.699999988079071], ""rotation"": 282.093017578125}, {""name"": ""Object_2"", ""shape"": ""cube"", ""size"": 0.7, ""material"": ""metal"", ""3d_coords"": [0.6469775686557244, 3.0000944307161808, 0.699999988079071], ""rotation"": 46.243621826171875}, {""name"": ""Object_3"", ""shape"": ""cylinder"", ""size"": 0.351, ""material"": ""metal"", ""3d_coords"": [-0.54567519604159, -2.2932358205539414, 0.3499999940395355], ""rotation"": 51.136600494384766}, {""name"": ""Object_4"", ""shape"": ""cylinder"", ""size"": 0.7, ""material"": ""metal"", ""3d_coords"": [-0.07591227120983546, -3.76085724684169, 0.699999988079071], ""rotation"": 8.361414909362793}]}\n\nWhat is the color of the object at the coordinates [0.6469775686557244, 3.0000944307161808, 0.699999988079071]?  ASSISTANT:\nassistant\n{""answer"": ""cyan""}']",cyan,"{""answer"": ""cyan""}",5,"user
 USER:  
This image shows a minimalist arrangement of 3D geometric shapes made of different materials and colors. The JSON provided contains information about all objects in the scene, including their name, 3D coordinates (represented as [X, Y, Z]), material (metal = shinny, rubber = matte), and other attributes. 
Your job is to analyze this information, find the object at coordinates [0.6469775686557244, 3.0000944307161808, 0.699999988079071], use its attributes to identify which object in the image corresponds to that object, and retrieve its color in the following format: {""answer"": ""COLOR""}
Select your answer from the following options: gray, red, blue, green, brown, purple, cyan, or yellow. Do not add any additional text to your answer, provide your answer always in the following format: {""answer"": ""COLOR""}. 

Understanding the Coordinate System X, Y, Z:
• X (Depth): Represents the depth relative to the camera. Smaller values indicate objects that are farther away.
• Y (Horizontal Position): Represents the left-to-right position. A value of zero means the object is centered in the scene, negative values place the object to the left, and positive values to the right.
• Z (Vertical Position): Represents the height of the object's center point. Larger values correspond to higher vertical positions.

Here is the JSON containing details about all objects in the scene in the image:

{""camera_location"": [9.915478112284436, 0, 5.34366512298584], ""objects"": [{""name"": ""Object_0"", ""shape"": ""sphere"", ""size"": 0.351, ""material"": ""metal"", ""3d_coords"": [2.9864377992372786, -0.508271320314601, 0.3499999940395355], ""rotation"": 225.76451110839844}, {""name"": ""Object_1"", ""shape"": ""cube"", ""size"": 0.701, ""material"": ""rubber"", ""3d_coords"": [2.1917377989931164, 0.9746332083731362, 0.699999988079071], ""rotation"": 282.093017578125}, {""name"": ""Object_2"", ""shape"": ""cube"", ""size"": 0.7, ""material"": ""metal"", ""3d_coords"": [0.6469775686557244, 3.0000944307161808, 0.699999988079071], ""rotation"": 46.243621826171875}, {""name"": ""Object_3"", ""shape"": ""cylinder"", ""size"": 0.351, ""material"": ""metal"", ""3d_coords"": [-0.54567519604159, -2.2932358205539414, 0.3499999940395355], ""rotation"": 51.136600494384766}, {""name"": ""Object_4"", ""shape"": ""cylinder"", ""size"": 0.7, ""material"": ""metal"", ""3d_coords"": [-0.07591227120983546, -3.76085724684169, 0.699999988079071], ""rotation"": 8.361414909362793}]}

What is the color of the object at the coordinates [0.6469775686557244, 3.0000944307161808, 0.699999988079071]?  ASSISTANT:
assistant
{""answer"": ""blue""}",blue,"{""answer"": ""cyan""}",5
34,2.9787042,24.645319,26.149683,25.336447,40.118248,55.194813,81.146484,61.830948,77.73324,84.76294,80.500145,76.88295,83.741196,88.877235,91.846405,94.655304,97.67768,57.243286,61.245632,66.67153,79.48266,96.31583,99.97878,108.893265,114.67392,120.38601,118.57087,127.75207,129.9341,140.05046,145.68095,147.50516,153.95087,145.94434,126.74442,98.187584,18.968657,All tokens,2166,2893,"['user\n USER:  \nThis image shows a minimalist arrangement of 3D geometric shapes made of different materials and colors. The JSON provided contains information about all objects in the scene, including their name, 3D coordinates (represented as [X, Y, Z]), material (metal = shinny, rubber = matte), and other attributes. \nYour job is to identify the cube in the image, match its attributes to identify which of the objects mentioned in the JSON corresponds to that object, and determine its 3D coordinates in the following format: {""answer"": [X, Y, Z]}\nDo not add any additional text to your answer, provide your answer always in the following format: {""answer"": [X, Y, Z]}. \n\nUnderstanding the Coordinate System X, Y, Z:\n• X (Depth): Represents the depth relative to the camera. Smaller values indicate objects that are farther away.\n• Y (Horizontal Position): Represents the left-to-right position. A value of zero means the object is centered in the scene, negative values place the object to the left, and positive values to the right.\n• Z (Vertical Position): Represents the height of the object\'s center point. Larger values correspond to higher vertical positions.\n\nHere is the JSON containing details about all objects in the scene in the image:\n\n{""camera_location"": [9.915478112284436, 0, 5.34366512298584], ""objects"": [{""name"": ""Object_0"", ""size"": 0.7, ""material"": ""metal"", ""3d_coords"": [-2.131694677187083, -0.22209897524249356, 0.699999988079071], ""rotation"": 27.3023624420166, ""color"": ""red""}, {""name"": ""Object_1"", ""size"": 0.7, ""material"": ""rubber"", ""3d_coords"": [-0.8761827479740485, 1.9276798434515188, 0.699999988079071], ""rotation"": 228.38063049316406, ""color"": ""gray""}, {""name"": ""Object_2"", ""size"": 0.351, ""material"": ""rubber"", ""3d_coords"": [1.7662885733082176, -1.0728616708124625, 0.3499999940395355], ""rotation"": 58.78257369995117, ""color"": ""cyan""}, {""name"": ""Object_3"", ""size"": 0.351, ""material"": ""metal"", ""3d_coords"": [0.6127522422015534, -3.3339822175493667, 0.3499999940395355], ""rotation"": 142.21693420410156, ""color"": ""green""}]}\n\nWhich are the 3D coordinates of the cube?  ASSISTANT:\nassistant\n{""answer"": [1.7662885733082176, -1.0728616708124625, 0.3499']","[1.7662885733082176, -1.0728616708124625, 0.3499","{""answer"": [-0.8761827479740485, 1.9276798434515188, 0.699999988079071]}",4,"user
 USER:  
This image shows a minimalist arrangement of 3D geometric shapes made of different materials and colors. The JSON provided contains information about all objects in the scene, including their name, 3D coordinates (represented as [X, Y, Z]), material (metal = shinny, rubber = matte), and other attributes. 
Your job is to identify the cube in the image, match its attributes to identify which of the objects mentioned in the JSON corresponds to that object, and determine its 3D coordinates in the following format: {""answer"": [X, Y, Z]}
Do not add any additional text to your answer, provide your answer always in the following format: {""answer"": [X, Y, Z]}. 

Understanding the Coordinate System X, Y, Z:
• X (Depth): Represents the depth relative to the camera. Smaller values indicate objects that are farther away.
• Y (Horizontal Position): Represents the left-to-right position. A value of zero means the object is centered in the scene, negative values place the object to the left, and positive values to the right.
• Z (Vertical Position): Represents the height of the object's center point. Larger values correspond to higher vertical positions.

Here is the JSON containing details about all objects in the scene in the image:

{""camera_location"": [9.915478112284436, 0, 5.34366512298584], ""objects"": [{""name"": ""Object_0"", ""size"": 0.7, ""material"": ""metal"", ""3d_coords"": [-2.131694677187083, -0.22209897524249356, 0.699999988079071], ""rotation"": 27.3023624420166, ""color"": ""red""}, {""name"": ""Object_1"", ""size"": 0.7, ""material"": ""rubber"", ""3d_coords"": [-0.8761827479740485, 1.9276798434515188, 0.699999988079071], ""rotation"": 228.38063049316406, ""color"": ""gray""}, {""name"": ""Object_2"", ""size"": 0.351, ""material"": ""rubber"", ""3d_coords"": [1.7662885733082176, -1.0728616708124625, 0.3499999940395355], ""rotation"": 58.78257369995117, ""color"": ""cyan""}, {""name"": ""Object_3"", ""size"": 0.351, ""material"": ""metal"", ""3d_coords"": [0.6127522422015534, -3.3339822175493667, 0.3499999940395355], ""rotation"": 142.21693420410156, ""color"": ""green""}]}

Which are the 3D coordinates of the cube?  ASSISTANT:
assistant
{""answer"": [-2.131694677187083, -0.22209897524249356, 0.6999","[-2.131694677187083, -0.22209897524249356, 0.6999","{""answer"": [-0.8761827479740485, 1.9276798434515188, 0.699999988079071]}",4
35,3.0388165,26.26886,28.04976,25.907675,40.67282,55.872765,82.44986,66.01936,82.37535,89.92146,85.65838,82.15514,89.22628,94.92568,98.44017,101.07862,104.29595,71.667305,75.83434,81.32777,92.91188,109.950554,111.5134,119.01178,122.09356,126.57543,123.45084,131.32993,133.44203,143.15088,149.3534,151.43471,158.20813,149.54309,130.29599,101.24542,21.745512,All tokens,355,501,"['user\n USER:  \nThis image shows a minimalist arrangement of 3D geometric shapes made of different materials and colors. The JSON provided contains information about all objects in the scene, including their name, 3D coordinates (represented as [X, Y, Z]), material (metal = shinny, rubber = matte), and other attributes. \nYour job is to analyze this information, find the object with a size of 0.701, use its attributes to identify which object in the image corresponds to that object, and retrieve its color in the following format: {""answer"": ""COLOR""}\nSelect your answer from the following options: gray, red, blue, green, brown, purple, cyan, or yellow. Do not add any additional text to your answer, provide your answer always in the following format: {""answer"": ""COLOR""}. \n\nUnderstanding the Coordinate System X, Y, Z:\n• X (Depth): Represents the depth relative to the camera. Smaller values indicate objects that are farther away.\n• Y (Horizontal Position): Represents the left-to-right position. A value of zero means the object is centered in the scene, negative values place the object to the left, and positive values to the right.\n• Z (Vertical Position): Represents the height of the object\'s center point. Larger values correspond to higher vertical positions.\n\nHere is the JSON containing details about all objects in the scene in the image:\n\n{""camera_location"": [9.915478112284436, 0, 5.34366512298584], ""objects"": [{""name"": ""Object_0"", ""shape"": ""cube"", ""size"": 0.701, ""material"": ""metal"", ""3d_coords"": [3.35164778681164, 0.7038406071180323, 0.699999988079071], ""rotation"": 55.94513702392578}, {""name"": ""Object_1"", ""shape"": ""cube"", ""size"": 0.351, ""material"": ""rubber"", ""3d_coords"": [-0.10143494557505583, -1.5074461373753052, 0.3499999940395355], ""rotation"": 74.72120666503906}, {""name"": ""Object_2"", ""shape"": ""cube"", ""size"": 0.351, ""material"": ""rubber"", ""3d_coords"": [-0.5991660463573638, 3.093075744628287, 0.3499999940395355], ""rotation"": 260.12261962890625}, {""name"": ""Object_3"", ""shape"": ""cylinder"", ""size"": 0.7, ""material"": ""rubber"", ""3d_coords"": [-1.291800448418818, 1.1705420815636267, 0.699999988079071], ""rotation"": 321.3998718261719}]}\n\nWhat is the color of the object with a size of 0.701?  ASSISTANT:\nassistant\n{""answer"": ""purple""}']",purple,"{""answer"": ""purple""}",4,"user
 USER:  
This image shows a minimalist arrangement of 3D geometric shapes made of different materials and colors. The JSON provided contains information about all objects in the scene, including their name, 3D coordinates (represented as [X, Y, Z]), material (metal = shinny, rubber = matte), and other attributes. 
Your job is to analyze this information, find the object with a size of 0.701, use its attributes to identify which object in the image corresponds to that object, and retrieve its color in the following format: {""answer"": ""COLOR""}
Select your answer from the following options: gray, red, blue, green, brown, purple, cyan, or yellow. Do not add any additional text to your answer, provide your answer always in the following format: {""answer"": ""COLOR""}. 

Understanding the Coordinate System X, Y, Z:
• X (Depth): Represents the depth relative to the camera. Smaller values indicate objects that are farther away.
• Y (Horizontal Position): Represents the left-to-right position. A value of zero means the object is centered in the scene, negative values place the object to the left, and positive values to the right.
• Z (Vertical Position): Represents the height of the object's center point. Larger values correspond to higher vertical positions.

Here is the JSON containing details about all objects in the scene in the image:

{""camera_location"": [9.915478112284436, 0, 5.34366512298584], ""objects"": [{""name"": ""Object_0"", ""shape"": ""cube"", ""size"": 0.701, ""material"": ""metal"", ""3d_coords"": [3.35164778681164, 0.7038406071180323, 0.699999988079071], ""rotation"": 55.94513702392578}, {""name"": ""Object_1"", ""shape"": ""cube"", ""size"": 0.351, ""material"": ""rubber"", ""3d_coords"": [-0.10143494557505583, -1.5074461373753052, 0.3499999940395355], ""rotation"": 74.72120666503906}, {""name"": ""Object_2"", ""shape"": ""cube"", ""size"": 0.351, ""material"": ""rubber"", ""3d_coords"": [-0.5991660463573638, 3.093075744628287, 0.3499999940395355], ""rotation"": 260.12261962890625}, {""name"": ""Object_3"", ""shape"": ""cylinder"", ""size"": 0.7, ""material"": ""rubber"", ""3d_coords"": [-1.291800448418818, 1.1705420815636267, 0.699999988079071], ""rotation"": 321.3998718261719}]}

What is the color of the object with a size of 0.701?  ASSISTANT:
assistant
{""answer"": ""red""}",red,"{""answer"": ""purple""}",4
36,3.2304883,31.79206,36.23073,37.144863,49.39494,58.466404,78.40782,89.9677,107.31729,109.02565,100.04708,93.24493,100.43046,107.498955,109.90774,113.10573,117.74797,100.60733,102.12492,103.61437,113.33695,129.10342,119.427734,124.3625,123.44762,126.32195,115.133545,121.68247,123.18812,133.76982,143.1134,150.14041,158.97934,147.46,125.66685,99.988846,13.602727,All tokens,3763,4988,"['user\n USER:  \nThis image shows a minimalist arrangement of 3D geometric shapes made of different materials and colors. The JSON provided contains information about all objects in the scene, including their name, 3D coordinates (represented as [X, Y, Z]), material (metal = shinny, rubber = matte), and other attributes. \nYour job is to analyze this information, find the object named \'Object_4\', use its attributes to identify which object in the image corresponds to that object, and retrieve its color in the following format: {""answer"": ""COLOR""}\nSelect your answer from the following options: gray, red, blue, green, brown, purple, cyan, or yellow. Do not add any additional text to your answer, provide your answer always in the following format: {""answer"": ""COLOR""}. \n\nUnderstanding the Coordinate System X, Y, Z:\n• X (Depth): Represents the depth relative to the camera. Smaller values indicate objects that are farther away.\n• Y (Horizontal Position): Represents the left-to-right position. A value of zero means the object is centered in the scene, negative values place the object to the left, and positive values to the right.\n• Z (Vertical Position): Represents the height of the object\'s center point. Larger values correspond to higher vertical positions.\n\nHere is the JSON containing details about all objects in the scene in the image:\n\n{""camera_location"": [9.915478112284436, 0, 5.34366512298584], ""objects"": [{""name"": ""Object_0"", ""shape"": ""cone"", ""size"": 0.351, ""material"": ""rubber"", ""3d_coords"": [0.46484034094585647, 2.083423755575094, 0.3499999940395355], ""rotation"": 315.49658203125}, {""name"": ""Object_1"", ""shape"": ""sphere"", ""size"": 0.7, ""material"": ""rubber"", ""3d_coords"": [-2.711839621566087, 0.2866005843362365, 0.699999988079071], ""rotation"": 58.76243591308594}, {""name"": ""Object_2"", ""shape"": ""cylinder"", ""size"": 0.351, ""material"": ""rubber"", ""3d_coords"": [-0.309677523040193, -1.854774260307945, 0.3499999940395355], ""rotation"": 116.93511962890625}, {""name"": ""Object_3"", ""shape"": ""cube"", ""size"": 0.7, ""material"": ""rubber"", ""3d_coords"": [2.6733629443496456, 0.8134564474804973, 0.699999988079071], ""rotation"": 184.6195831298828}, {""name"": ""Object_4"", ""shape"": ""cylinder"", ""size"": 0.701, ""material"": ""metal"", ""3d_coords"": [-1.2203400769844812, 2.6530951723396834, 0.699999988079071], ""rotation"": 253.9947052001953}, {""name"": ""Object_5"", ""shape"": ""sphere"", ""size"": 0.7, ""material"": ""metal"", ""3d_coords"": [1.610043040858324, -2.389451942257979, 0.699999988079071], ""rotation"": 335.37835693359375}, {""name"": ""Object_6"", ""shape"": ""cylinder"", ""size"": 0.7, ""material"": ""metal"", ""3d_coords"": [3.1409926315007177, -1.1071335254949883, 0.699999988079071], ""rotation"": 146.85739135742188}, {""name"": ""Object_7"", ""shape"": ""cube"", ""size"": 0.7, ""material"": ""metal"", ""3d_coords"": [1.1452443708675122, -0.27262920788340506, 0.699999988079071], ""rotation"": 265.3296203613281}, {""name"": ""Object_8"", ""shape"": ""cylinder"", ""size"": 0.351, ""material"": ""metal"", ""3d_coords"": [-1.6625752303313914, -0.6826348438314609, 0.3499999940395355], ""rotation"": 342.11083984375}, {""name"": ""Object_9"", ""shape"": ""sphere"", ""size"": 0.7, ""material"": ""rubber"", ""3d_coords"": [-0.7800068116773411, -3.633591768151023, 0.699999988079071], ""rotation"": 223.64723205566406}]}\n\nWhat is the color of the object named \'Object_4\'?  ASSISTANT:\nassistant\n{""answer"": ""yellow""}']",yellow,"{""answer"": ""gray""}",10,"user
 USER:  
This image shows a minimalist arrangement of 3D geometric shapes made of different materials and colors. The JSON provided contains information about all objects in the scene, including their name, 3D coordinates (represented as [X, Y, Z]), material (metal = shinny, rubber = matte), and other attributes. 
Your job is to analyze this information, find the object named 'Object_4', use its attributes to identify which object in the image corresponds to that object, and retrieve its color in the following format: {""answer"": ""COLOR""}
Select your answer from the following options: gray, red, blue, green, brown, purple, cyan, or yellow. Do not add any additional text to your answer, provide your answer always in the following format: {""answer"": ""COLOR""}. 

Understanding the Coordinate System X, Y, Z:
• X (Depth): Represents the depth relative to the camera. Smaller values indicate objects that are farther away.
• Y (Horizontal Position): Represents the left-to-right position. A value of zero means the object is centered in the scene, negative values place the object to the left, and positive values to the right.
• Z (Vertical Position): Represents the height of the object's center point. Larger values correspond to higher vertical positions.

Here is the JSON containing details about all objects in the scene in the image:

{""camera_location"": [9.915478112284436, 0, 5.34366512298584], ""objects"": [{""name"": ""Object_0"", ""shape"": ""cone"", ""size"": 0.351, ""material"": ""rubber"", ""3d_coords"": [0.46484034094585647, 2.083423755575094, 0.3499999940395355], ""rotation"": 315.49658203125}, {""name"": ""Object_1"", ""shape"": ""sphere"", ""size"": 0.7, ""material"": ""rubber"", ""3d_coords"": [-2.711839621566087, 0.2866005843362365, 0.699999988079071], ""rotation"": 58.76243591308594}, {""name"": ""Object_2"", ""shape"": ""cylinder"", ""size"": 0.351, ""material"": ""rubber"", ""3d_coords"": [-0.309677523040193, -1.854774260307945, 0.3499999940395355], ""rotation"": 116.93511962890625}, {""name"": ""Object_3"", ""shape"": ""cube"", ""size"": 0.7, ""material"": ""rubber"", ""3d_coords"": [2.6733629443496456, 0.8134564474804973, 0.699999988079071], ""rotation"": 184.6195831298828}, {""name"": ""Object_4"", ""shape"": ""cylinder"", ""size"": 0.701, ""material"": ""metal"", ""3d_coords"": [-1.2203400769844812, 2.6530951723396834, 0.699999988079071], ""rotation"": 253.9947052001953}, {""name"": ""Object_5"", ""shape"": ""sphere"", ""size"": 0.7, ""material"": ""metal"", ""3d_coords"": [1.610043040858324, -2.389451942257979, 0.699999988079071], ""rotation"": 335.37835693359375}, {""name"": ""Object_6"", ""shape"": ""cylinder"", ""size"": 0.7, ""material"": ""metal"", ""3d_coords"": [3.1409926315007177, -1.1071335254949883, 0.699999988079071], ""rotation"": 146.85739135742188}, {""name"": ""Object_7"", ""shape"": ""cube"", ""size"": 0.7, ""material"": ""metal"", ""3d_coords"": [1.1452443708675122, -0.27262920788340506, 0.699999988079071], ""rotation"": 265.3296203613281}, {""name"": ""Object_8"", ""shape"": ""cylinder"", ""size"": 0.351, ""material"": ""metal"", ""3d_coords"": [-1.6625752303313914, -0.6826348438314609, 0.3499999940395355], ""rotation"": 342.11083984375}, {""name"": ""Object_9"", ""shape"": ""sphere"", ""size"": 0.7, ""material"": ""rubber"", ""3d_coords"": [-0.7800068116773411, -3.633591768151023, 0.699999988079071], ""rotation"": 223.64723205566406}]}

What is the color of the object named 'Object_4'?  ASSISTANT:
assistant
{""answer"": ""gray""}",gray,"{""answer"": ""gray""}",10
37,3.343035,31.911211,35.521206,36.301113,48.092556,56.43721,75.76867,86.67879,103.36591,104.49925,95.826706,89.31584,96.7057,103.37827,105.57524,108.744865,113.20382,95.989426,97.65482,99.253975,108.9358,124.6542,115.04997,120.21282,119.48106,122.49213,110.92339,117.36652,119.048965,129.59364,139.00842,145.6218,154.39879,142.74197,122.05643,97.001144,13.953642,All tokens,1022,1401,"['user\n USER:  \nThis image shows a minimalist arrangement of 3D geometric shapes made of different materials and colors. The JSON provided contains information about all objects in the scene, including their name, 3D coordinates (represented as [X, Y, Z]), material (metal = shinny, rubber = matte), and other attributes. \nYour job is to identify the yellow colored object in the image, match its attributes to identify which of the objects mentioned in the JSON corresponds to that object, and determine its size in the following format: {""answer"": ""SIZE""}\nDo not add any additional text to your answer, provide your answer always in the following format: {""answer"": ""SIZE""}. \n\nUnderstanding the Coordinate System X, Y, Z:\n• X (Depth): Represents the depth relative to the camera. Smaller values indicate objects that are farther away.\n• Y (Horizontal Position): Represents the left-to-right position. A value of zero means the object is centered in the scene, negative values place the object to the left, and positive values to the right.\n• Z (Vertical Position): Represents the height of the object\'s center point. Larger values correspond to higher vertical positions.\n\nHere is the JSON containing details about all objects in the scene in the image:\n\n{""camera_location"": [9.915478112284436, 0, 5.34366512298584], ""objects"": [{""name"": ""Object_0"", ""shape"": ""cylinder"", ""size"": 0.351, ""material"": ""rubber"", ""3d_coords"": [1.5875971270164562, -2.0748144814017824, 0.3499999940395355], ""rotation"": 350.1144714355469}, {""name"": ""Object_1"", ""shape"": ""cone"", ""size"": 0.7, ""material"": ""metal"", ""3d_coords"": [-0.5003622235086083, -0.6906166261839943, 0.699999988079071], ""rotation"": 245.90460205078125}, {""name"": ""Object_2"", ""shape"": ""cube"", ""size"": 0.351, ""material"": ""metal"", ""3d_coords"": [1.0376477063374476, 1.4350828780878087, 0.3499999940395355], ""rotation"": 127.98993682861328}, {""name"": ""Object_3"", ""shape"": ""cone"", ""size"": 0.7, ""material"": ""metal"", ""3d_coords"": [-1.1535950173878304, -2.4838037071823686, 0.699999988079071], ""rotation"": 114.01488494873047}, {""name"": ""Object_4"", ""shape"": ""cylinder"", ""size"": 0.351, ""material"": ""rubber"", ""3d_coords"": [3.4307354030877635, 0.561606502364866, 0.3499999940395355], ""rotation"": 187.4977569580078}, {""name"": ""Object_5"", ""shape"": ""cylinder"", ""size"": 0.7, ""material"": ""rubber"", ""3d_coords"": [-0.0515892348558622, 3.8395363367590525, 0.699999988079071], ""rotation"": 169.93116760253906}, {""name"": ""Object_6"", ""shape"": ""cone"", ""size"": 0.351, ""material"": ""rubber"", ""3d_coords"": [2.180456987535454, -0.019286643111459112, 0.3499999940395355], ""rotation"": 252.6161346435547}, {""name"": ""Object_7"", ""shape"": ""cube"", ""size"": 0.351, ""material"": ""rubber"", ""3d_coords"": [0.45168607109808656, 2.6291046818664534, 0.3499999940395355], ""rotation"": 281.9902648925781}, {""name"": ""Object_8"", ""shape"": ""sphere"", ""size"": 0.351, ""material"": ""rubber"", ""3d_coords"": [2.8527672306553895, -1.4525014180715619, 0.3499999940395355], ""rotation"": 59.09893798828125}, {""name"": ""Object_9"", ""shape"": ""cylinder"", ""size"": 0.701, ""material"": ""metal"", ""3d_coords"": [-1.9757282114270003, 2.0692379782388683, 0.699999988079071], ""rotation"": 156.546142578125}]}\n\nWhat is the size value of the yellow colored object?  ASSISTANT:\nassistant\n{""answer"": 0.7}']",0.7,"{""answer"": 0.7}",10,"user
 USER:  
This image shows a minimalist arrangement of 3D geometric shapes made of different materials and colors. The JSON provided contains information about all objects in the scene, including their name, 3D coordinates (represented as [X, Y, Z]), material (metal = shinny, rubber = matte), and other attributes. 
Your job is to identify the yellow colored object in the image, match its attributes to identify which of the objects mentioned in the JSON corresponds to that object, and determine its size in the following format: {""answer"": ""SIZE""}
Do not add any additional text to your answer, provide your answer always in the following format: {""answer"": ""SIZE""}. 

Understanding the Coordinate System X, Y, Z:
• X (Depth): Represents the depth relative to the camera. Smaller values indicate objects that are farther away.
• Y (Horizontal Position): Represents the left-to-right position. A value of zero means the object is centered in the scene, negative values place the object to the left, and positive values to the right.
• Z (Vertical Position): Represents the height of the object's center point. Larger values correspond to higher vertical positions.

Here is the JSON containing details about all objects in the scene in the image:

{""camera_location"": [9.915478112284436, 0, 5.34366512298584], ""objects"": [{""name"": ""Object_0"", ""shape"": ""cylinder"", ""size"": 0.351, ""material"": ""rubber"", ""3d_coords"": [1.5875971270164562, -2.0748144814017824, 0.3499999940395355], ""rotation"": 350.1144714355469}, {""name"": ""Object_1"", ""shape"": ""cone"", ""size"": 0.7, ""material"": ""metal"", ""3d_coords"": [-0.5003622235086083, -0.6906166261839943, 0.699999988079071], ""rotation"": 245.90460205078125}, {""name"": ""Object_2"", ""shape"": ""cube"", ""size"": 0.351, ""material"": ""metal"", ""3d_coords"": [1.0376477063374476, 1.4350828780878087, 0.3499999940395355], ""rotation"": 127.98993682861328}, {""name"": ""Object_3"", ""shape"": ""cone"", ""size"": 0.7, ""material"": ""metal"", ""3d_coords"": [-1.1535950173878304, -2.4838037071823686, 0.699999988079071], ""rotation"": 114.01488494873047}, {""name"": ""Object_4"", ""shape"": ""cylinder"", ""size"": 0.351, ""material"": ""rubber"", ""3d_coords"": [3.4307354030877635, 0.561606502364866, 0.3499999940395355], ""rotation"": 187.4977569580078}, {""name"": ""Object_5"", ""shape"": ""cylinder"", ""size"": 0.7, ""material"": ""rubber"", ""3d_coords"": [-0.0515892348558622, 3.8395363367590525, 0.699999988079071], ""rotation"": 169.93116760253906}, {""name"": ""Object_6"", ""shape"": ""cone"", ""size"": 0.351, ""material"": ""rubber"", ""3d_coords"": [2.180456987535454, -0.019286643111459112, 0.3499999940395355], ""rotation"": 252.6161346435547}, {""name"": ""Object_7"", ""shape"": ""cube"", ""size"": 0.351, ""material"": ""rubber"", ""3d_coords"": [0.45168607109808656, 2.6291046818664534, 0.3499999940395355], ""rotation"": 281.9902648925781}, {""name"": ""Object_8"", ""shape"": ""sphere"", ""size"": 0.351, ""material"": ""rubber"", ""3d_coords"": [2.8527672306553895, -1.4525014180715619, 0.3499999940395355], ""rotation"": 59.09893798828125}, {""name"": ""Object_9"", ""shape"": ""cylinder"", ""size"": 0.701, ""material"": ""metal"", ""3d_coords"": [-1.9757282114270003, 2.0692379782388683, 0.699999988079071], ""rotation"": 156.546142578125}]}

What is the size value of the yellow colored object?  ASSISTANT:
assistant
{""answer"": ""0.351""}",0.351,"{""answer"": 0.7}",10
38,2.9840877,26.476435,28.787342,28.707294,42.403797,54.91633,78.14173,73.22247,90.32158,95.59951,89.99456,85.180595,92.839455,98.812584,101.3658,104.23579,107.69151,81.671074,84.91238,88.79201,99.75502,116.32258,112.11,118.85531,119.78609,122.72922,115.15535,122.41821,124.001114,134.45511,142.23558,146.38309,153.95763,144.27843,124.61794,98.598434,15.588632,All tokens,3100,4112,"['user\n USER:  \nThis image shows a minimalist arrangement of 3D geometric shapes made of different materials and colors. The JSON provided contains information about all objects in the scene, including their name, 3D coordinates (represented as [X, Y, Z]), material (metal = shinny, rubber = matte), and other attributes. \nYour job is to identify the cyan colored object in the image, match its attributes to identify which of the objects mentioned in the JSON corresponds to that object, and determine its size in the following format: {""answer"": ""SIZE""}\nDo not add any additional text to your answer, provide your answer always in the following format: {""answer"": ""SIZE""}. \n\nUnderstanding the Coordinate System X, Y, Z:\n• X (Depth): Represents the depth relative to the camera. Smaller values indicate objects that are farther away.\n• Y (Horizontal Position): Represents the left-to-right position. A value of zero means the object is centered in the scene, negative values place the object to the left, and positive values to the right.\n• Z (Vertical Position): Represents the height of the object\'s center point. Larger values correspond to higher vertical positions.\n\nHere is the JSON containing details about all objects in the scene in the image:\n\n{""camera_location"": [9.915478112284436, 0, 5.34366512298584], ""objects"": [{""name"": ""Object_0"", ""shape"": ""cylinder"", ""size"": 0.7, ""material"": ""rubber"", ""3d_coords"": [0.9415380444114277, -0.35747080355695293, 0.699999988079071], ""rotation"": 81.65936279296875}, {""name"": ""Object_1"", ""shape"": ""cone"", ""size"": 0.351, ""material"": ""metal"", ""3d_coords"": [-0.9097890914903412, -2.4817475373115165, 0.3499999940395355], ""rotation"": 52.98750305175781}, {""name"": ""Object_2"", ""shape"": ""cube"", ""size"": 0.7, ""material"": ""metal"", ""3d_coords"": [-1.657513190211954, 2.1426429107175333, 0.699999988079071], ""rotation"": 124.86630249023438}, {""name"": ""Object_3"", ""shape"": ""sphere"", ""size"": 0.351, ""material"": ""metal"", ""3d_coords"": [-0.4650004532634814, 1.6021075115280292, 0.3499999940395355], ""rotation"": 327.89031982421875}, {""name"": ""Object_4"", ""shape"": ""cylinder"", ""size"": 0.701, ""material"": ""rubber"", ""3d_coords"": [-2.9427470978568513, 0.3522299226137795, 0.699999988079071], ""rotation"": 317.8857116699219}, {""name"": ""Object_5"", ""shape"": ""cube"", ""size"": 0.351, ""material"": ""metal"", ""3d_coords"": [2.0548341538721058, 0.9529909997114034, 0.3499999940395355], ""rotation"": 13.019908905029297}]}\n\nWhat is the size value of the cyan colored object?  ASSISTANT:\nassistant\n{""answer"": ""0.351""}']",0.351,"{""answer"": 0.351}",6,"user
 USER:  
This image shows a minimalist arrangement of 3D geometric shapes made of different materials and colors. The JSON provided contains information about all objects in the scene, including their name, 3D coordinates (represented as [X, Y, Z]), material (metal = shinny, rubber = matte), and other attributes. 
Your job is to identify the cyan colored object in the image, match its attributes to identify which of the objects mentioned in the JSON corresponds to that object, and determine its size in the following format: {""answer"": ""SIZE""}
Do not add any additional text to your answer, provide your answer always in the following format: {""answer"": ""SIZE""}. 

Understanding the Coordinate System X, Y, Z:
• X (Depth): Represents the depth relative to the camera. Smaller values indicate objects that are farther away.
• Y (Horizontal Position): Represents the left-to-right position. A value of zero means the object is centered in the scene, negative values place the object to the left, and positive values to the right.
• Z (Vertical Position): Represents the height of the object's center point. Larger values correspond to higher vertical positions.

Here is the JSON containing details about all objects in the scene in the image:

{""camera_location"": [9.915478112284436, 0, 5.34366512298584], ""objects"": [{""name"": ""Object_0"", ""shape"": ""cylinder"", ""size"": 0.7, ""material"": ""rubber"", ""3d_coords"": [0.9415380444114277, -0.35747080355695293, 0.699999988079071], ""rotation"": 81.65936279296875}, {""name"": ""Object_1"", ""shape"": ""cone"", ""size"": 0.351, ""material"": ""metal"", ""3d_coords"": [-0.9097890914903412, -2.4817475373115165, 0.3499999940395355], ""rotation"": 52.98750305175781}, {""name"": ""Object_2"", ""shape"": ""cube"", ""size"": 0.7, ""material"": ""metal"", ""3d_coords"": [-1.657513190211954, 2.1426429107175333, 0.699999988079071], ""rotation"": 124.86630249023438}, {""name"": ""Object_3"", ""shape"": ""sphere"", ""size"": 0.351, ""material"": ""metal"", ""3d_coords"": [-0.4650004532634814, 1.6021075115280292, 0.3499999940395355], ""rotation"": 327.89031982421875}, {""name"": ""Object_4"", ""shape"": ""cylinder"", ""size"": 0.701, ""material"": ""rubber"", ""3d_coords"": [-2.9427470978568513, 0.3522299226137795, 0.699999988079071], ""rotation"": 317.8857116699219}, {""name"": ""Object_5"", ""shape"": ""cube"", ""size"": 0.351, ""material"": ""metal"", ""3d_coords"": [2.0548341538721058, 0.9529909997114034, 0.3499999940395355], ""rotation"": 13.019908905029297}]}

What is the size value of the cyan colored object?  ASSISTANT:
assistant
{""answer"": 0.7}",0.7,"{""answer"": 0.351}",6
39,3.013559,29.483297,33.344456,34.179424,47.339455,58.025417,79.30446,87.68774,105.11957,107.87412,99.62891,93.03268,100.47803,107.58106,110.44076,113.52491,118.196945,96.961555,99.20477,100.97735,111.23161,127.71291,119.790695,124.456116,123.99059,127.24582,117.06403,123.94572,125.2103,135.55508,145.03464,151.8105,160.5439,149.54965,128.29117,102.8277,14.323086,All tokens,645,894,"['user\n USER:  \nThis image shows a minimalist arrangement of 3D geometric shapes made of different materials and colors. The JSON provided contains information about all objects in the scene, including their name, 3D coordinates (represented as [X, Y, Z]), material (metal = shinny, rubber = matte), and other attributes. \nYour job is to analyze this information, find the object named \'Object_7\', use its attributes to identify which object in the image corresponds to that object, and retrieve its color in the following format: {""answer"": ""COLOR""}\nSelect your answer from the following options: gray, red, blue, green, brown, purple, cyan, or yellow. Do not add any additional text to your answer, provide your answer always in the following format: {""answer"": ""COLOR""}. \n\nUnderstanding the Coordinate System X, Y, Z:\n• X (Depth): Represents the depth relative to the camera. Smaller values indicate objects that are farther away.\n• Y (Horizontal Position): Represents the left-to-right position. A value of zero means the object is centered in the scene, negative values place the object to the left, and positive values to the right.\n• Z (Vertical Position): Represents the height of the object\'s center point. Larger values correspond to higher vertical positions.\n\nHere is the JSON containing details about all objects in the scene in the image:\n\n{""camera_location"": [9.915478112284436, 0, 5.34366512298584], ""objects"": [{""name"": ""Object_0"", ""shape"": ""sphere"", ""size"": 0.351, ""material"": ""metal"", ""3d_coords"": [0.06684000145976632, -3.3477017332445973, 0.3499999940395355], ""rotation"": 174.85931396484375}, {""name"": ""Object_1"", ""shape"": ""cone"", ""size"": 0.701, ""material"": ""rubber"", ""3d_coords"": [-1.0946259232486302, -0.7659727487150643, 0.699999988079071], ""rotation"": 52.344520568847656}, {""name"": ""Object_2"", ""shape"": ""cylinder"", ""size"": 0.351, ""material"": ""rubber"", ""3d_coords"": [1.0793513901121412, -2.5673405656317763, 0.3499999940395355], ""rotation"": 103.62200927734375}, {""name"": ""Object_3"", ""shape"": ""cylinder"", ""size"": 0.351, ""material"": ""rubber"", ""3d_coords"": [0.678286640175445, 3.6379316658639977, 0.3499999940395355], ""rotation"": 354.0093994140625}, {""name"": ""Object_4"", ""shape"": ""cube"", ""size"": 0.7, ""material"": ""metal"", ""3d_coords"": [-3.167876209502915, -0.2501118045468609, 0.699999988079071], ""rotation"": 150.0198211669922}, {""name"": ""Object_5"", ""shape"": ""sphere"", ""size"": 0.351, ""material"": ""rubber"", ""3d_coords"": [1.9432565533440416, -2.1110418655864605, 0.3499999940395355], ""rotation"": 303.41156005859375}, {""name"": ""Object_6"", ""shape"": ""cube"", ""size"": 0.351, ""material"": ""metal"", ""3d_coords"": [-2.338861805347964, 1.5118612648168583, 0.3499999940395355], ""rotation"": 174.140625}, {""name"": ""Object_7"", ""shape"": ""cylinder"", ""size"": 0.7, ""material"": ""rubber"", ""3d_coords"": [2.511847530873951, 0.28729693816841473, 0.699999988079071], ""rotation"": 156.7460174560547}, {""name"": ""Object_8"", ""shape"": ""cube"", ""size"": 0.701, ""material"": ""metal"", ""3d_coords"": [1.4812915036740941, 2.2907316805760143, 0.699999988079071], ""rotation"": 161.34979248046875}]}\n\nWhat is the color of the object named \'Object_7\'?  ASSISTANT:\nassistant\n{""answer"": ""purple""}']",purple,"{""answer"": ""yellow""}",9,"user
 USER:  
This image shows a minimalist arrangement of 3D geometric shapes made of different materials and colors. The JSON provided contains information about all objects in the scene, including their name, 3D coordinates (represented as [X, Y, Z]), material (metal = shinny, rubber = matte), and other attributes. 
Your job is to analyze this information, find the object named 'Object_7', use its attributes to identify which object in the image corresponds to that object, and retrieve its color in the following format: {""answer"": ""COLOR""}
Select your answer from the following options: gray, red, blue, green, brown, purple, cyan, or yellow. Do not add any additional text to your answer, provide your answer always in the following format: {""answer"": ""COLOR""}. 

Understanding the Coordinate System X, Y, Z:
• X (Depth): Represents the depth relative to the camera. Smaller values indicate objects that are farther away.
• Y (Horizontal Position): Represents the left-to-right position. A value of zero means the object is centered in the scene, negative values place the object to the left, and positive values to the right.
• Z (Vertical Position): Represents the height of the object's center point. Larger values correspond to higher vertical positions.

Here is the JSON containing details about all objects in the scene in the image:

{""camera_location"": [9.915478112284436, 0, 5.34366512298584], ""objects"": [{""name"": ""Object_0"", ""shape"": ""sphere"", ""size"": 0.351, ""material"": ""metal"", ""3d_coords"": [0.06684000145976632, -3.3477017332445973, 0.3499999940395355], ""rotation"": 174.85931396484375}, {""name"": ""Object_1"", ""shape"": ""cone"", ""size"": 0.701, ""material"": ""rubber"", ""3d_coords"": [-1.0946259232486302, -0.7659727487150643, 0.699999988079071], ""rotation"": 52.344520568847656}, {""name"": ""Object_2"", ""shape"": ""cylinder"", ""size"": 0.351, ""material"": ""rubber"", ""3d_coords"": [1.0793513901121412, -2.5673405656317763, 0.3499999940395355], ""rotation"": 103.62200927734375}, {""name"": ""Object_3"", ""shape"": ""cylinder"", ""size"": 0.351, ""material"": ""rubber"", ""3d_coords"": [0.678286640175445, 3.6379316658639977, 0.3499999940395355], ""rotation"": 354.0093994140625}, {""name"": ""Object_4"", ""shape"": ""cube"", ""size"": 0.7, ""material"": ""metal"", ""3d_coords"": [-3.167876209502915, -0.2501118045468609, 0.699999988079071], ""rotation"": 150.0198211669922}, {""name"": ""Object_5"", ""shape"": ""sphere"", ""size"": 0.351, ""material"": ""rubber"", ""3d_coords"": [1.9432565533440416, -2.1110418655864605, 0.3499999940395355], ""rotation"": 303.41156005859375}, {""name"": ""Object_6"", ""shape"": ""cube"", ""size"": 0.351, ""material"": ""metal"", ""3d_coords"": [-2.338861805347964, 1.5118612648168583, 0.3499999940395355], ""rotation"": 174.140625}, {""name"": ""Object_7"", ""shape"": ""cylinder"", ""size"": 0.7, ""material"": ""rubber"", ""3d_coords"": [2.511847530873951, 0.28729693816841473, 0.699999988079071], ""rotation"": 156.7460174560547}, {""name"": ""Object_8"", ""shape"": ""cube"", ""size"": 0.701, ""material"": ""metal"", ""3d_coords"": [1.4812915036740941, 2.2907316805760143, 0.699999988079071], ""rotation"": 161.34979248046875}]}

What is the color of the object named 'Object_7'?  ASSISTANT:
assistant
{""answer"": ""red""}",red,"{""answer"": ""yellow""}",9
40,2.8701372,22.72087,23.97988,22.84912,36.85645,52.062458,78.92811,56.134495,70.621506,79.06786,76.2071,73.28922,79.65503,84.94931,88.3018,91.23448,93.77308,64.076004,68.643906,74.217445,85.90556,102.06529,106.23395,113.94413,119.56073,124.52004,123.933266,132.50502,134.29037,142.8794,147.82469,148.68085,154.27097,147.6449,130.3142,101.2001,24.094822,All tokens,2401,3184,"['user\n USER:  \nThis image shows a minimalist arrangement of 3D geometric shapes made of different materials and colors. The JSON provided contains information about all objects in the scene, including their name, 3D coordinates (represented as [X, Y, Z]), material (metal = shinny, rubber = matte), and other attributes. \nYour job is to analyze this information, find the object named \'Object_0\', use its attributes to identify which object in the image corresponds to that object, and retrieve its shape in the following format: {""answer"": ""SHAPE""}\nSelect your answer from the following options: cylinder, sphere, cone, or cube. Do not add any additional text to your answer, provide your answer always in the following format: {""answer"": ""SHAPE""}. \n\nUnderstanding the Coordinate System X, Y, Z:\n• X (Depth): Represents the depth relative to the camera. Smaller values indicate objects that are farther away.\n• Y (Horizontal Position): Represents the left-to-right position. A value of zero means the object is centered in the scene, negative values place the object to the left, and positive values to the right.\n• Z (Vertical Position): Represents the height of the object\'s center point. Larger values correspond to higher vertical positions.\n\nHere is the JSON containing details about all objects in the scene in the image:\n\n{""camera_location"": [9.915478112284436, 0, 5.34366512298584], ""objects"": [{""name"": ""Object_0"", ""size"": 0.701, ""material"": ""metal"", ""3d_coords"": [0.4337781531687439, -2.6611781942048514, 0.699999988079071], ""rotation"": 356.5661926269531, ""color"": ""blue""}, {""name"": ""Object_1"", ""size"": 0.351, ""material"": ""metal"", ""3d_coords"": [-0.05450640608078694, 2.198914454081084, 0.3499999940395355], ""rotation"": 237.0992431640625, ""color"": ""brown""}, {""name"": ""Object_2"", ""size"": 0.351, ""material"": ""metal"", ""3d_coords"": [-3.1734805579114576, 0.38186470854674437, 0.3499999940395355], ""rotation"": 352.2261962890625, ""color"": ""green""}]}\n\nWhat is the shape of the object named \'Object_0\'?  ASSISTANT:\nassistant\n{""answer"": ""cylinder""}']",cylinder,"{""answer"": ""cylinder""}",3,"user
 USER:  
This image shows a minimalist arrangement of 3D geometric shapes made of different materials and colors. The JSON provided contains information about all objects in the scene, including their name, 3D coordinates (represented as [X, Y, Z]), material (metal = shinny, rubber = matte), and other attributes. 
Your job is to analyze this information, find the object named 'Object_0', use its attributes to identify which object in the image corresponds to that object, and retrieve its shape in the following format: {""answer"": ""SHAPE""}
Select your answer from the following options: cylinder, sphere, cone, or cube. Do not add any additional text to your answer, provide your answer always in the following format: {""answer"": ""SHAPE""}. 

Understanding the Coordinate System X, Y, Z:
• X (Depth): Represents the depth relative to the camera. Smaller values indicate objects that are farther away.
• Y (Horizontal Position): Represents the left-to-right position. A value of zero means the object is centered in the scene, negative values place the object to the left, and positive values to the right.
• Z (Vertical Position): Represents the height of the object's center point. Larger values correspond to higher vertical positions.

Here is the JSON containing details about all objects in the scene in the image:

{""camera_location"": [9.915478112284436, 0, 5.34366512298584], ""objects"": [{""name"": ""Object_0"", ""size"": 0.701, ""material"": ""metal"", ""3d_coords"": [0.4337781531687439, -2.6611781942048514, 0.699999988079071], ""rotation"": 356.5661926269531, ""color"": ""blue""}, {""name"": ""Object_1"", ""size"": 0.351, ""material"": ""metal"", ""3d_coords"": [-0.05450640608078694, 2.198914454081084, 0.3499999940395355], ""rotation"": 237.0992431640625, ""color"": ""brown""}, {""name"": ""Object_2"", ""size"": 0.351, ""material"": ""metal"", ""3d_coords"": [-3.1734805579114576, 0.38186470854674437, 0.3499999940395355], ""rotation"": 352.2261962890625, ""color"": ""green""}]}

What is the shape of the object named 'Object_0'?  ASSISTANT:
assistant
{""answer"": ""cube""}",cube,"{""answer"": ""cylinder""}",3
41,3.1156232,30.62378,34.648056,35.514393,47.589867,56.48718,76.60491,88.43765,105.89519,106.95071,98.47537,91.507614,98.720276,105.68323,108.48694,112.20055,117.58672,99.02607,100.87956,102.40585,111.70594,127.53813,117.82049,121.80694,122.03664,124.60796,113.404526,120.6782,121.24686,132.50172,141.79807,149.71011,158.65128,146.9387,124.6212,97.76076,11.615754,All tokens,2962,3927,"['user\n USER:  \nThis image shows a minimalist arrangement of 3D geometric shapes made of different materials and colors. The JSON provided contains information about all objects in the scene, including their name, 3D coordinates (represented as [X, Y, Z]), material (metal = shinny, rubber = matte), and other attributes. \nYour job is to analyze this information, find the object named \'Object_3\', use its attributes to identify which object in the image corresponds to that object, and retrieve its shape in the following format: {""answer"": ""SHAPE""}\nSelect your answer from the following options: cylinder, sphere, cone, or cube. Do not add any additional text to your answer, provide your answer always in the following format: {""answer"": ""SHAPE""}. \n\nUnderstanding the Coordinate System X, Y, Z:\n• X (Depth): Represents the depth relative to the camera. Smaller values indicate objects that are farther away.\n• Y (Horizontal Position): Represents the left-to-right position. A value of zero means the object is centered in the scene, negative values place the object to the left, and positive values to the right.\n• Z (Vertical Position): Represents the height of the object\'s center point. Larger values correspond to higher vertical positions.\n\nHere is the JSON containing details about all objects in the scene in the image:\n\n{""camera_location"": [9.915478112284436, 0, 5.34366512298584], ""objects"": [{""name"": ""Object_0"", ""size"": 0.351, ""material"": ""rubber"", ""3d_coords"": [-1.6888785111555271, 0.540339075789151, 0.3499999940395355], ""rotation"": 91.23738861083984, ""color"": ""brown""}, {""name"": ""Object_1"", ""size"": 0.701, ""material"": ""rubber"", ""3d_coords"": [-0.9148265253929692, -2.7838065746464196, 0.699999988079071], ""rotation"": 271.3207092285156, ""color"": ""red""}, {""name"": ""Object_2"", ""size"": 0.7, ""material"": ""rubber"", ""3d_coords"": [1.475628933305564, -0.019488729072218436, 0.699999988079071], ""rotation"": 314.40887451171875, ""color"": ""purple""}, {""name"": ""Object_3"", ""size"": 0.351, ""material"": ""rubber"", ""3d_coords"": [2.6169532545284273, 1.186243615549199, 0.3499999940395355], ""rotation"": 291.8819274902344, ""color"": ""blue""}, {""name"": ""Object_4"", ""size"": 0.351, ""material"": ""metal"", ""3d_coords"": [0.5733596462810078, -3.358965683522768, 0.3499999940395355], ""rotation"": 92.6231689453125, ""color"": ""green""}, {""name"": ""Object_5"", ""size"": 0.7, ""material"": ""rubber"", ""3d_coords"": [2.113236097176041, -1.9734188774614947, 0.699999988079071], ""rotation"": 48.73370361328125, ""color"": ""blue""}, {""name"": ""Object_6"", ""size"": 0.7, ""material"": ""rubber"", ""3d_coords"": [3.7850884581391826, -0.4626334917723809, 0.699999988079071], ""rotation"": 84.19384765625, ""color"": ""gray""}, {""name"": ""Object_7"", ""size"": 0.351, ""material"": ""metal"", ""3d_coords"": [-0.4861812070912641, 2.856572250346188, 0.3499999940395355], ""rotation"": 178.0629119873047, ""color"": ""yellow""}, {""name"": ""Object_8"", ""size"": 0.7, ""material"": ""rubber"", ""3d_coords"": [-0.0817124487712576, 1.6070718035183964, 0.699999988079071], ""rotation"": 317.31939697265625, ""color"": ""yellow""}, {""name"": ""Object_9"", ""size"": 0.701, ""material"": ""metal"", ""3d_coords"": [0.9933769803388244, 3.2748547863823436, 0.699999988079071], ""rotation"": 328.98602294921875, ""color"": ""cyan""}]}\n\nWhat is the shape of the object named \'Object_3\'?  ASSISTANT:\nassistant\n{""answer"": ""cylinder""}']",cylinder,"{""answer"": ""cylinder""}",10,"user
 USER:  
This image shows a minimalist arrangement of 3D geometric shapes made of different materials and colors. The JSON provided contains information about all objects in the scene, including their name, 3D coordinates (represented as [X, Y, Z]), material (metal = shinny, rubber = matte), and other attributes. 
Your job is to analyze this information, find the object named 'Object_3', use its attributes to identify which object in the image corresponds to that object, and retrieve its shape in the following format: {""answer"": ""SHAPE""}
Select your answer from the following options: cylinder, sphere, cone, or cube. Do not add any additional text to your answer, provide your answer always in the following format: {""answer"": ""SHAPE""}. 

Understanding the Coordinate System X, Y, Z:
• X (Depth): Represents the depth relative to the camera. Smaller values indicate objects that are farther away.
• Y (Horizontal Position): Represents the left-to-right position. A value of zero means the object is centered in the scene, negative values place the object to the left, and positive values to the right.
• Z (Vertical Position): Represents the height of the object's center point. Larger values correspond to higher vertical positions.

Here is the JSON containing details about all objects in the scene in the image:

{""camera_location"": [9.915478112284436, 0, 5.34366512298584], ""objects"": [{""name"": ""Object_0"", ""size"": 0.351, ""material"": ""rubber"", ""3d_coords"": [-1.6888785111555271, 0.540339075789151, 0.3499999940395355], ""rotation"": 91.23738861083984, ""color"": ""brown""}, {""name"": ""Object_1"", ""size"": 0.701, ""material"": ""rubber"", ""3d_coords"": [-0.9148265253929692, -2.7838065746464196, 0.699999988079071], ""rotation"": 271.3207092285156, ""color"": ""red""}, {""name"": ""Object_2"", ""size"": 0.7, ""material"": ""rubber"", ""3d_coords"": [1.475628933305564, -0.019488729072218436, 0.699999988079071], ""rotation"": 314.40887451171875, ""color"": ""purple""}, {""name"": ""Object_3"", ""size"": 0.351, ""material"": ""rubber"", ""3d_coords"": [2.6169532545284273, 1.186243615549199, 0.3499999940395355], ""rotation"": 291.8819274902344, ""color"": ""blue""}, {""name"": ""Object_4"", ""size"": 0.351, ""material"": ""metal"", ""3d_coords"": [0.5733596462810078, -3.358965683522768, 0.3499999940395355], ""rotation"": 92.6231689453125, ""color"": ""green""}, {""name"": ""Object_5"", ""size"": 0.7, ""material"": ""rubber"", ""3d_coords"": [2.113236097176041, -1.9734188774614947, 0.699999988079071], ""rotation"": 48.73370361328125, ""color"": ""blue""}, {""name"": ""Object_6"", ""size"": 0.7, ""material"": ""rubber"", ""3d_coords"": [3.7850884581391826, -0.4626334917723809, 0.699999988079071], ""rotation"": 84.19384765625, ""color"": ""gray""}, {""name"": ""Object_7"", ""size"": 0.351, ""material"": ""metal"", ""3d_coords"": [-0.4861812070912641, 2.856572250346188, 0.3499999940395355], ""rotation"": 178.0629119873047, ""color"": ""yellow""}, {""name"": ""Object_8"", ""size"": 0.7, ""material"": ""rubber"", ""3d_coords"": [-0.0817124487712576, 1.6070718035183964, 0.699999988079071], ""rotation"": 317.31939697265625, ""color"": ""yellow""}, {""name"": ""Object_9"", ""size"": 0.701, ""material"": ""metal"", ""3d_coords"": [0.9933769803388244, 3.2748547863823436, 0.699999988079071], ""rotation"": 328.98602294921875, ""color"": ""cyan""}]}

What is the shape of the object named 'Object_3'?  ASSISTANT:
assistant
{""answer"": ""cube""}",cube,"{""answer"": ""cylinder""}",10
42,3.139295,29.254398,31.664045,32.945225,47.017265,58.465904,80.97274,81.36137,99.62292,103.41929,96.686386,90.435486,97.863884,104.34514,108.142494,110.974396,115.92126,86.107216,89.98572,94.52405,105.88115,123.82452,121.852936,128.7152,130.98003,135.07631,127.792274,135.53395,136.34706,146.85744,155.62944,161.11496,168.78624,158.62239,138.58809,109.877975,18.876118,All tokens,1575,2119,"['user\n USER:  \nThis image shows a minimalist arrangement of 3D geometric shapes made of different materials and colors. The JSON provided contains information about all objects in the scene, including their name, 3D coordinates (represented as [X, Y, Z]), material (metal = shinny, rubber = matte), and other attributes. \nYour job is to analyze this information, find the object at coordinates [0.15616377393066294, -2.6064759026037203, 0.699999988079071], use its attributes to identify which object in the image corresponds to that object, and retrieve its shape in the following format: {""answer"": ""SHAPE""}\nSelect your answer from the following options: cylinder, sphere, cone, or cube. Do not add any additional text to your answer, provide your answer always in the following format: {""answer"": ""SHAPE""}. \n\nUnderstanding the Coordinate System X, Y, Z:\n• X (Depth): Represents the depth relative to the camera. Smaller values indicate objects that are farther away.\n• Y (Horizontal Position): Represents the left-to-right position. A value of zero means the object is centered in the scene, negative values place the object to the left, and positive values to the right.\n• Z (Vertical Position): Represents the height of the object\'s center point. Larger values correspond to higher vertical positions.\n\nHere is the JSON containing details about all objects in the scene in the image:\n\n{""camera_location"": [9.915478112284436, 0, 5.34366512298584], ""objects"": [{""name"": ""Object_0"", ""size"": 0.7, ""material"": ""metal"", ""3d_coords"": [1.7304667975443413, 2.2130057469769695, 0.699999988079071], ""rotation"": 202.48004150390625, ""color"": ""yellow""}, {""name"": ""Object_1"", ""size"": 0.7, ""material"": ""metal"", ""3d_coords"": [-0.5822329313969192, 0.3480977667419922, 0.699999988079071], ""rotation"": 143.5280303955078, ""color"": ""brown""}, {""name"": ""Object_2"", ""size"": 0.701, ""material"": ""metal"", ""3d_coords"": [-2.4888892879332625, 0.815581223543131, 0.699999988079071], ""rotation"": 278.4424743652344, ""color"": ""purple""}, {""name"": ""Object_3"", ""size"": 0.7, ""material"": ""metal"", ""3d_coords"": [0.15616377393066294, -2.6064759026037203, 0.699999988079071], ""rotation"": 44.71331024169922, ""color"": ""gray""}, {""name"": ""Object_4"", ""size"": 0.351, ""material"": ""metal"", ""3d_coords"": [2.341498283759165, -1.031870394110754, 0.3499999940395355], ""rotation"": 223.755615234375, ""color"": ""gray""}, {""name"": ""Object_5"", ""size"": 0.351, ""material"": ""rubber"", ""3d_coords"": [-1.6049152181283342, -1.7266440701270231, 0.3499999940395355], ""rotation"": 73.1736068725586, ""color"": ""blue""}]}\n\nWhat is the shape of the object at the coordinates [0.15616377393066294, -2.6064759026037203, 0.699999988079071]?  ASSISTANT:\nassistant\n{""answer"": ""cylinder""}']",cylinder,"{""answer"": ""cylinder""}",6,"user
 USER:  
This image shows a minimalist arrangement of 3D geometric shapes made of different materials and colors. The JSON provided contains information about all objects in the scene, including their name, 3D coordinates (represented as [X, Y, Z]), material (metal = shinny, rubber = matte), and other attributes. 
Your job is to analyze this information, find the object at coordinates [0.15616377393066294, -2.6064759026037203, 0.699999988079071], use its attributes to identify which object in the image corresponds to that object, and retrieve its shape in the following format: {""answer"": ""SHAPE""}
Select your answer from the following options: cylinder, sphere, cone, or cube. Do not add any additional text to your answer, provide your answer always in the following format: {""answer"": ""SHAPE""}. 

Understanding the Coordinate System X, Y, Z:
• X (Depth): Represents the depth relative to the camera. Smaller values indicate objects that are farther away.
• Y (Horizontal Position): Represents the left-to-right position. A value of zero means the object is centered in the scene, negative values place the object to the left, and positive values to the right.
• Z (Vertical Position): Represents the height of the object's center point. Larger values correspond to higher vertical positions.

Here is the JSON containing details about all objects in the scene in the image:

{""camera_location"": [9.915478112284436, 0, 5.34366512298584], ""objects"": [{""name"": ""Object_0"", ""size"": 0.7, ""material"": ""metal"", ""3d_coords"": [1.7304667975443413, 2.2130057469769695, 0.699999988079071], ""rotation"": 202.48004150390625, ""color"": ""yellow""}, {""name"": ""Object_1"", ""size"": 0.7, ""material"": ""metal"", ""3d_coords"": [-0.5822329313969192, 0.3480977667419922, 0.699999988079071], ""rotation"": 143.5280303955078, ""color"": ""brown""}, {""name"": ""Object_2"", ""size"": 0.701, ""material"": ""metal"", ""3d_coords"": [-2.4888892879332625, 0.815581223543131, 0.699999988079071], ""rotation"": 278.4424743652344, ""color"": ""purple""}, {""name"": ""Object_3"", ""size"": 0.7, ""material"": ""metal"", ""3d_coords"": [0.15616377393066294, -2.6064759026037203, 0.699999988079071], ""rotation"": 44.71331024169922, ""color"": ""gray""}, {""name"": ""Object_4"", ""size"": 0.351, ""material"": ""metal"", ""3d_coords"": [2.341498283759165, -1.031870394110754, 0.3499999940395355], ""rotation"": 223.755615234375, ""color"": ""gray""}, {""name"": ""Object_5"", ""size"": 0.351, ""material"": ""rubber"", ""3d_coords"": [-1.6049152181283342, -1.7266440701270231, 0.3499999940395355], ""rotation"": 73.1736068725586, ""color"": ""blue""}]}

What is the shape of the object at the coordinates [0.15616377393066294, -2.6064759026037203, 0.699999988079071]?  ASSISTANT:
assistant
{""answer"": ""cone""}",cone,"{""answer"": ""cylinder""}",6
43,2.963347,28.644804,31.361294,32.303288,45.864456,56.625988,78.62047,85.02761,102.513885,105.49159,98.130005,91.7757,98.796,106.01336,109.572624,111.71207,117.00839,99.08837,101.411156,103.69943,113.61909,130.07152,122.38838,126.97877,127.3175,130.28339,120.88238,128.09917,129.10133,140.08833,148.82391,155.55183,163.3864,152.53285,131.812,104.707504,16.309357,All tokens,569,797,"['user\n USER:  \nThis image shows a minimalist arrangement of 3D geometric shapes made of different materials and colors. The JSON provided contains information about all objects in the scene, including their name, 3D coordinates (represented as [X, Y, Z]), material (metal = shinny, rubber = matte), and other attributes. \nYour job is to analyze this information, find the object with a rotation of 292.74664306640625, use its attributes to identify which object in the image corresponds to that object, and retrieve its shape in the following format: {""answer"": ""SHAPE""}\nSelect your answer from the following options: cylinder, sphere, cone, or cube. Do not add any additional text to your answer, provide your answer always in the following format: {""answer"": ""SHAPE""}. \n\nUnderstanding the Coordinate System X, Y, Z:\n• X (Depth): Represents the depth relative to the camera. Smaller values indicate objects that are farther away.\n• Y (Horizontal Position): Represents the left-to-right position. A value of zero means the object is centered in the scene, negative values place the object to the left, and positive values to the right.\n• Z (Vertical Position): Represents the height of the object\'s center point. Larger values correspond to higher vertical positions.\n\nHere is the JSON containing details about all objects in the scene in the image:\n\n{""camera_location"": [9.915478112284436, 0, 5.34366512298584], ""objects"": [{""name"": ""Object_0"", ""size"": 0.7, ""material"": ""rubber"", ""3d_coords"": [3.398829362576369, -0.4467946571875667, 0.699999988079071], ""rotation"": 143.14566040039062, ""color"": ""green""}, {""name"": ""Object_1"", ""size"": 0.351, ""material"": ""metal"", ""3d_coords"": [2.9104856875329155, 1.1361884050211255, 0.3499999940395355], ""rotation"": 309.25079345703125, ""color"": ""cyan""}, {""name"": ""Object_2"", ""size"": 0.7, ""material"": ""rubber"", ""3d_coords"": [0.5940934159379294, 1.5451937614164404, 0.699999988079071], ""rotation"": 155.47381591796875, ""color"": ""brown""}, {""name"": ""Object_3"", ""size"": 0.351, ""material"": ""metal"", ""3d_coords"": [-0.7643876386780498, 2.1753909749200764, 0.3499999940395355], ""rotation"": 254.08737182617188, ""color"": ""green""}, {""name"": ""Object_4"", ""size"": 0.7, ""material"": ""metal"", ""3d_coords"": [-1.916502570023806, -1.3471591376759418, 0.699999988079071], ""rotation"": 287.2309265136719, ""color"": ""yellow""}, {""name"": ""Object_5"", ""size"": 0.7, ""material"": ""rubber"", ""3d_coords"": [-3.7753080171725792, 0.686387177850581, 0.699999988079071], ""rotation"": 167.27239990234375, ""color"": ""gray""}, {""name"": ""Object_6"", ""size"": 0.7, ""material"": ""metal"", ""3d_coords"": [-0.16594942284036907, -3.241313056527682, 0.699999988079071], ""rotation"": 292.74664306640625, ""color"": ""green""}, {""name"": ""Object_7"", ""size"": 0.7, ""material"": ""metal"", ""3d_coords"": [1.3581774635280104, -1.9073316611155742, 0.699999988079071], ""rotation"": 211.51966857910156, ""color"": ""blue""}]}\n\nWhat is the shape of the object with a rotation of 292.74664306640625?  ASSISTANT:\nassistant\n{""answer"": ""sphere""}']",sphere,"{""answer"": ""sphere""}",8,"user
 USER:  
This image shows a minimalist arrangement of 3D geometric shapes made of different materials and colors. The JSON provided contains information about all objects in the scene, including their name, 3D coordinates (represented as [X, Y, Z]), material (metal = shinny, rubber = matte), and other attributes. 
Your job is to analyze this information, find the object with a rotation of 292.74664306640625, use its attributes to identify which object in the image corresponds to that object, and retrieve its shape in the following format: {""answer"": ""SHAPE""}
Select your answer from the following options: cylinder, sphere, cone, or cube. Do not add any additional text to your answer, provide your answer always in the following format: {""answer"": ""SHAPE""}. 

Understanding the Coordinate System X, Y, Z:
• X (Depth): Represents the depth relative to the camera. Smaller values indicate objects that are farther away.
• Y (Horizontal Position): Represents the left-to-right position. A value of zero means the object is centered in the scene, negative values place the object to the left, and positive values to the right.
• Z (Vertical Position): Represents the height of the object's center point. Larger values correspond to higher vertical positions.

Here is the JSON containing details about all objects in the scene in the image:

{""camera_location"": [9.915478112284436, 0, 5.34366512298584], ""objects"": [{""name"": ""Object_0"", ""size"": 0.7, ""material"": ""rubber"", ""3d_coords"": [3.398829362576369, -0.4467946571875667, 0.699999988079071], ""rotation"": 143.14566040039062, ""color"": ""green""}, {""name"": ""Object_1"", ""size"": 0.351, ""material"": ""metal"", ""3d_coords"": [2.9104856875329155, 1.1361884050211255, 0.3499999940395355], ""rotation"": 309.25079345703125, ""color"": ""cyan""}, {""name"": ""Object_2"", ""size"": 0.7, ""material"": ""rubber"", ""3d_coords"": [0.5940934159379294, 1.5451937614164404, 0.699999988079071], ""rotation"": 155.47381591796875, ""color"": ""brown""}, {""name"": ""Object_3"", ""size"": 0.351, ""material"": ""metal"", ""3d_coords"": [-0.7643876386780498, 2.1753909749200764, 0.3499999940395355], ""rotation"": 254.08737182617188, ""color"": ""green""}, {""name"": ""Object_4"", ""size"": 0.7, ""material"": ""metal"", ""3d_coords"": [-1.916502570023806, -1.3471591376759418, 0.699999988079071], ""rotation"": 287.2309265136719, ""color"": ""yellow""}, {""name"": ""Object_5"", ""size"": 0.7, ""material"": ""rubber"", ""3d_coords"": [-3.7753080171725792, 0.686387177850581, 0.699999988079071], ""rotation"": 167.27239990234375, ""color"": ""gray""}, {""name"": ""Object_6"", ""size"": 0.7, ""material"": ""metal"", ""3d_coords"": [-0.16594942284036907, -3.241313056527682, 0.699999988079071], ""rotation"": 292.74664306640625, ""color"": ""green""}, {""name"": ""Object_7"", ""size"": 0.7, ""material"": ""metal"", ""3d_coords"": [1.3581774635280104, -1.9073316611155742, 0.699999988079071], ""rotation"": 211.51966857910156, ""color"": ""blue""}]}

What is the shape of the object with a rotation of 292.74664306640625?  ASSISTANT:
assistant
{""answer"": ""cube""}",cube,"{""answer"": ""sphere""}",8
44,3.4406533,33.126026,37.24271,38.62872,50.16807,57.718887,76.43091,89.88357,107.38394,107.94204,99.34688,91.626945,98.93173,106.14366,109.539246,112.849075,118.63658,105.72919,107.96001,109.946205,117.377045,132.5028,125.075134,127.00681,126.41963,128.74263,117.78712,124.57118,125.95476,136.91844,147.35751,153.75725,161.59712,148.87003,127.148964,99.794846,13.796272,All tokens,375,527,"['user\n USER:  \nThis image shows a minimalist arrangement of 3D geometric shapes made of different materials and colors. The JSON provided contains information about all objects in the scene, including their name, 3D coordinates (represented as [X, Y, Z]), material (metal = shinny, rubber = matte), and other attributes. \nYour job is to analyze this information, find the object at coordinates [1.2975885998635, 0.8401339439657924, 0.699999988079071], use its attributes to identify which object in the image corresponds to that object, and retrieve its shape in the following format: {""answer"": ""SHAPE""}\nSelect your answer from the following options: cylinder, sphere, cone, or cube. Do not add any additional text to your answer, provide your answer always in the following format: {""answer"": ""SHAPE""}. \n\nUnderstanding the Coordinate System X, Y, Z:\n• X (Depth): Represents the depth relative to the camera. Smaller values indicate objects that are farther away.\n• Y (Horizontal Position): Represents the left-to-right position. A value of zero means the object is centered in the scene, negative values place the object to the left, and positive values to the right.\n• Z (Vertical Position): Represents the height of the object\'s center point. Larger values correspond to higher vertical positions.\n\nHere is the JSON containing details about all objects in the scene in the image:\n\n{""camera_location"": [9.915478112284436, 0, 5.34366512298584], ""objects"": [{""name"": ""Object_0"", ""size"": 0.7, ""material"": ""metal"", ""3d_coords"": [1.2975885998635, 0.8401339439657924, 0.699999988079071], ""rotation"": 141.06199645996094, ""color"": ""brown""}, {""name"": ""Object_1"", ""size"": 0.351, ""material"": ""metal"", ""3d_coords"": [-1.11097150480081, -0.6451276625650629, 0.3499999940395355], ""rotation"": 210.06138610839844, ""color"": ""blue""}, {""name"": ""Object_2"", ""size"": 0.351, ""material"": ""rubber"", ""3d_coords"": [-3.8298335812795212, 0.3357451414887449, 0.3499999940395355], ""rotation"": 358.92822265625, ""color"": ""red""}, {""name"": ""Object_3"", ""size"": 0.351, ""material"": ""rubber"", ""3d_coords"": [2.0505319966856463, -1.4080122271918298, 0.3499999940395355], ""rotation"": 52.902915954589844, ""color"": ""brown""}, {""name"": ""Object_4"", ""size"": 0.7, ""material"": ""metal"", ""3d_coords"": [-0.28984701928461887, 2.180178895681414, 0.699999988079071], ""rotation"": 49.58009338378906, ""color"": ""cyan""}, {""name"": ""Object_5"", ""size"": 0.351, ""material"": ""rubber"", ""3d_coords"": [0.5374585911402288, -3.071383754879487, 0.3499999940395355], ""rotation"": 296.5390319824219, ""color"": ""red""}, {""name"": ""Object_6"", ""size"": 0.351, ""material"": ""rubber"", ""3d_coords"": [2.5342186305058396, 1.5102809134777464, 0.3499999940395355], ""rotation"": 280.4223327636719, ""color"": ""brown""}, {""name"": ""Object_7"", ""size"": 0.351, ""material"": ""metal"", ""3d_coords"": [0.13396782163879895, 3.4402926143280492, 0.3499999940395355], ""rotation"": 6.088474750518799, ""color"": ""gray""}, {""name"": ""Object_8"", ""size"": 0.7, ""material"": ""metal"", ""3d_coords"": [-1.6510812732315323, -2.43466923881069, 0.699999988079071], ""rotation"": 183.10250854492188, ""color"": ""yellow""}, {""name"": ""Object_9"", ""size"": 0.7, ""material"": ""metal"", ""3d_coords"": [3.923481706678918, -0.23059292614586946, 0.699999988079071], ""rotation"": 63.481056213378906, ""color"": ""brown""}]}\n\nWhat is the shape of the object at the coordinates [1.2975885998635, 0.8401339439657924, 0.699999988079071]?  ASSISTANT:\nassistant\n{""answer"": ""sphere""}']",sphere,"{""answer"": ""cylinder""}",10,"user
 USER:  
This image shows a minimalist arrangement of 3D geometric shapes made of different materials and colors. The JSON provided contains information about all objects in the scene, including their name, 3D coordinates (represented as [X, Y, Z]), material (metal = shinny, rubber = matte), and other attributes. 
Your job is to analyze this information, find the object at coordinates [1.2975885998635, 0.8401339439657924, 0.699999988079071], use its attributes to identify which object in the image corresponds to that object, and retrieve its shape in the following format: {""answer"": ""SHAPE""}
Select your answer from the following options: cylinder, sphere, cone, or cube. Do not add any additional text to your answer, provide your answer always in the following format: {""answer"": ""SHAPE""}. 

Understanding the Coordinate System X, Y, Z:
• X (Depth): Represents the depth relative to the camera. Smaller values indicate objects that are farther away.
• Y (Horizontal Position): Represents the left-to-right position. A value of zero means the object is centered in the scene, negative values place the object to the left, and positive values to the right.
• Z (Vertical Position): Represents the height of the object's center point. Larger values correspond to higher vertical positions.

Here is the JSON containing details about all objects in the scene in the image:

{""camera_location"": [9.915478112284436, 0, 5.34366512298584], ""objects"": [{""name"": ""Object_0"", ""size"": 0.7, ""material"": ""metal"", ""3d_coords"": [1.2975885998635, 0.8401339439657924, 0.699999988079071], ""rotation"": 141.06199645996094, ""color"": ""brown""}, {""name"": ""Object_1"", ""size"": 0.351, ""material"": ""metal"", ""3d_coords"": [-1.11097150480081, -0.6451276625650629, 0.3499999940395355], ""rotation"": 210.06138610839844, ""color"": ""blue""}, {""name"": ""Object_2"", ""size"": 0.351, ""material"": ""rubber"", ""3d_coords"": [-3.8298335812795212, 0.3357451414887449, 0.3499999940395355], ""rotation"": 358.92822265625, ""color"": ""red""}, {""name"": ""Object_3"", ""size"": 0.351, ""material"": ""rubber"", ""3d_coords"": [2.0505319966856463, -1.4080122271918298, 0.3499999940395355], ""rotation"": 52.902915954589844, ""color"": ""brown""}, {""name"": ""Object_4"", ""size"": 0.7, ""material"": ""metal"", ""3d_coords"": [-0.28984701928461887, 2.180178895681414, 0.699999988079071], ""rotation"": 49.58009338378906, ""color"": ""cyan""}, {""name"": ""Object_5"", ""size"": 0.351, ""material"": ""rubber"", ""3d_coords"": [0.5374585911402288, -3.071383754879487, 0.3499999940395355], ""rotation"": 296.5390319824219, ""color"": ""red""}, {""name"": ""Object_6"", ""size"": 0.351, ""material"": ""rubber"", ""3d_coords"": [2.5342186305058396, 1.5102809134777464, 0.3499999940395355], ""rotation"": 280.4223327636719, ""color"": ""brown""}, {""name"": ""Object_7"", ""size"": 0.351, ""material"": ""metal"", ""3d_coords"": [0.13396782163879895, 3.4402926143280492, 0.3499999940395355], ""rotation"": 6.088474750518799, ""color"": ""gray""}, {""name"": ""Object_8"", ""size"": 0.7, ""material"": ""metal"", ""3d_coords"": [-1.6510812732315323, -2.43466923881069, 0.699999988079071], ""rotation"": 183.10250854492188, ""color"": ""yellow""}, {""name"": ""Object_9"", ""size"": 0.7, ""material"": ""metal"", ""3d_coords"": [3.923481706678918, -0.23059292614586946, 0.699999988079071], ""rotation"": 63.481056213378906, ""color"": ""brown""}]}

What is the shape of the object at the coordinates [1.2975885998635, 0.8401339439657924, 0.699999988079071]?  ASSISTANT:
assistant
{""answer"": ""cube""}",cube,"{""answer"": ""cylinder""}",10
45,3.1625264,29.552017,32.00808,32.90198,45.3415,55.375076,75.0483,79.12904,95.53867,97.56373,90.849815,84.84596,92.27463,98.68521,101.612564,104.61497,109.05122,87.83584,90.70135,93.08158,102.428566,118.65479,111.63006,116.35204,116.545494,118.658806,108.43553,114.935875,116.57995,127.11828,135.16716,140.20647,147.29845,136.66641,116.45661,90.90094,12.76324,All tokens,1866,2496,"['user\n USER:  \nThis image shows a minimalist arrangement of 3D geometric shapes made of different materials and colors. The JSON provided contains information about all objects in the scene, including their name, 3D coordinates (represented as [X, Y, Z]), material (metal = shinny, rubber = matte), and other attributes. \nYour job is to identify the sphere in the image, match its attributes to identify which of the objects mentioned in the JSON corresponds to that object, and determine its name in the following format: {""answer"": ""NAME""}\nDo not add any additional text to your answer, provide your answer always in the following format: {""answer"": ""NAME""}. \n\nUnderstanding the Coordinate System X, Y, Z:\n• X (Depth): Represents the depth relative to the camera. Smaller values indicate objects that are farther away.\n• Y (Horizontal Position): Represents the left-to-right position. A value of zero means the object is centered in the scene, negative values place the object to the left, and positive values to the right.\n• Z (Vertical Position): Represents the height of the object\'s center point. Larger values correspond to higher vertical positions.\n\nHere is the JSON containing details about all objects in the scene in the image:\n\n{""camera_location"": [9.915478112284436, 0, 5.34366512298584], ""objects"": [{""name"": ""Object_0"", ""size"": 0.351, ""material"": ""rubber"", ""3d_coords"": [-2.8293878996901167, 0.3909492456312882, 0.3499999940395355], ""rotation"": 49.88738250732422, ""color"": ""green""}, {""name"": ""Object_1"", ""size"": 0.351, ""material"": ""rubber"", ""3d_coords"": [2.1039685623454045, -1.0193898134469384, 0.3499999940395355], ""rotation"": 55.51902389526367, ""color"": ""purple""}, {""name"": ""Object_2"", ""size"": 0.351, ""material"": ""metal"", ""3d_coords"": [-1.0769572940387575, 2.2458004040396533, 0.3499999940395355], ""rotation"": 250.79107666015625, ""color"": ""purple""}, {""name"": ""Object_3"", ""size"": 0.351, ""material"": ""metal"", ""3d_coords"": [0.034745539464317465, -1.9064749141967274, 0.3499999940395355], ""rotation"": 63.2608757019043, ""color"": ""blue""}, {""name"": ""Object_4"", ""size"": 0.351, ""material"": ""metal"", ""3d_coords"": [0.5205568001150827, 2.898294492315145, 0.3499999940395355], ""rotation"": 0.9429035782814026, ""color"": ""blue""}, {""name"": ""Object_5"", ""size"": 0.351, ""material"": ""rubber"", ""3d_coords"": [3.1355925540828053, -0.2558178346951985, 0.3499999940395355], ""rotation"": 26.9901180267334, ""color"": ""brown""}, {""name"": ""Object_6"", ""size"": 0.351, ""material"": ""rubber"", ""3d_coords"": [-0.39602216191556283, 1.2910664044784717, 0.3499999940395355], ""rotation"": 38.762420654296875, ""color"": ""cyan""}, {""name"": ""Object_7"", ""size"": 0.351, ""material"": ""metal"", ""3d_coords"": [1.4291195139115145, 1.7445218192966587, 0.3499999940395355], ""rotation"": 111.04891967773438, ""color"": ""red""}]}\n\nWhat is the name of the sphere?  ASSISTANT:\nassistant\n{""answer"": ""Object_3""}']",Object_3,"{""answer"": ""Object_4""}",8,"user
 USER:  
This image shows a minimalist arrangement of 3D geometric shapes made of different materials and colors. The JSON provided contains information about all objects in the scene, including their name, 3D coordinates (represented as [X, Y, Z]), material (metal = shinny, rubber = matte), and other attributes. 
Your job is to identify the sphere in the image, match its attributes to identify which of the objects mentioned in the JSON corresponds to that object, and determine its name in the following format: {""answer"": ""NAME""}
Do not add any additional text to your answer, provide your answer always in the following format: {""answer"": ""NAME""}. 

Understanding the Coordinate System X, Y, Z:
• X (Depth): Represents the depth relative to the camera. Smaller values indicate objects that are farther away.
• Y (Horizontal Position): Represents the left-to-right position. A value of zero means the object is centered in the scene, negative values place the object to the left, and positive values to the right.
• Z (Vertical Position): Represents the height of the object's center point. Larger values correspond to higher vertical positions.

Here is the JSON containing details about all objects in the scene in the image:

{""camera_location"": [9.915478112284436, 0, 5.34366512298584], ""objects"": [{""name"": ""Object_0"", ""size"": 0.351, ""material"": ""rubber"", ""3d_coords"": [-2.8293878996901167, 0.3909492456312882, 0.3499999940395355], ""rotation"": 49.88738250732422, ""color"": ""green""}, {""name"": ""Object_1"", ""size"": 0.351, ""material"": ""rubber"", ""3d_coords"": [2.1039685623454045, -1.0193898134469384, 0.3499999940395355], ""rotation"": 55.51902389526367, ""color"": ""purple""}, {""name"": ""Object_2"", ""size"": 0.351, ""material"": ""metal"", ""3d_coords"": [-1.0769572940387575, 2.2458004040396533, 0.3499999940395355], ""rotation"": 250.79107666015625, ""color"": ""purple""}, {""name"": ""Object_3"", ""size"": 0.351, ""material"": ""metal"", ""3d_coords"": [0.034745539464317465, -1.9064749141967274, 0.3499999940395355], ""rotation"": 63.2608757019043, ""color"": ""blue""}, {""name"": ""Object_4"", ""size"": 0.351, ""material"": ""metal"", ""3d_coords"": [0.5205568001150827, 2.898294492315145, 0.3499999940395355], ""rotation"": 0.9429035782814026, ""color"": ""blue""}, {""name"": ""Object_5"", ""size"": 0.351, ""material"": ""rubber"", ""3d_coords"": [3.1355925540828053, -0.2558178346951985, 0.3499999940395355], ""rotation"": 26.9901180267334, ""color"": ""brown""}, {""name"": ""Object_6"", ""size"": 0.351, ""material"": ""rubber"", ""3d_coords"": [-0.39602216191556283, 1.2910664044784717, 0.3499999940395355], ""rotation"": 38.762420654296875, ""color"": ""cyan""}, {""name"": ""Object_7"", ""size"": 0.351, ""material"": ""metal"", ""3d_coords"": [1.4291195139115145, 1.7445218192966587, 0.3499999940395355], ""rotation"": 111.04891967773438, ""color"": ""red""}]}

What is the name of the sphere?  ASSISTANT:
assistant
{""answer"": ""Object_0""}",Object_0,"{""answer"": ""Object_4""}",8
46,3.0700552,28.72289,32.252277,32.965874,45.953686,56.66337,78.112526,82.40345,99.012375,101.92186,94.59011,88.73808,96.11208,102.66964,105.40542,108.34632,112.377075,89.862144,92.1763,94.65706,104.76753,121.45038,114.58772,120.65616,120.5761,122.998764,113.58875,120.84025,121.77163,131.90298,140.07544,145.69728,153.59583,143.4159,123.55492,97.97034,14.6951065,All tokens,2370,3146,"['user\n USER:  \nThis image shows a minimalist arrangement of 3D geometric shapes made of different materials and colors. The JSON provided contains information about all objects in the scene, including their name, 3D coordinates (represented as [X, Y, Z]), material (metal = shinny, rubber = matte), and other attributes. \nYour job is to identify the purple colored object in the image, match its attributes to identify which of the objects mentioned in the JSON corresponds to that object, and determine its rotation in the following format: {""answer"": ""ROTATION""}\nDo not add any additional text to your answer, provide your answer always in the following format: {""answer"": ""ROTATION""}. \n\nUnderstanding the Coordinate System X, Y, Z:\n• X (Depth): Represents the depth relative to the camera. Smaller values indicate objects that are farther away.\n• Y (Horizontal Position): Represents the left-to-right position. A value of zero means the object is centered in the scene, negative values place the object to the left, and positive values to the right.\n• Z (Vertical Position): Represents the height of the object\'s center point. Larger values correspond to higher vertical positions.\n\nHere is the JSON containing details about all objects in the scene in the image:\n\n{""camera_location"": [9.915478112284436, 0, 5.34366512298584], ""objects"": [{""name"": ""Object_0"", ""shape"": ""cube"", ""size"": 0.351, ""material"": ""metal"", ""3d_coords"": [1.9663484620281082, 0.6737628441777787, 0.3499999940395355], ""rotation"": 338.184326171875}, {""name"": ""Object_1"", ""shape"": ""cube"", ""size"": 0.7, ""material"": ""rubber"", ""3d_coords"": [-3.271240244512414, -0.7978345519821368, 0.699999988079071], ""rotation"": 217.46292114257812}, {""name"": ""Object_2"", ""shape"": ""cylinder"", ""size"": 0.351, ""material"": ""metal"", ""3d_coords"": [-0.3649995627391712, 2.1916957880724723, 0.3499999940395355], ""rotation"": 154.05128479003906}, {""name"": ""Object_3"", ""shape"": ""cylinder"", ""size"": 0.351, ""material"": ""rubber"", ""3d_coords"": [-1.6472185430346287, -2.3234978468583054, 0.3499999940395355], ""rotation"": 276.61541748046875}, {""name"": ""Object_4"", ""shape"": ""cube"", ""size"": 0.701, ""material"": ""rubber"", ""3d_coords"": [0.4728637110942111, 3.3065382438076103, 0.699999988079071], ""rotation"": 170.52789306640625}, {""name"": ""Object_5"", ""shape"": ""cylinder"", ""size"": 0.351, ""material"": ""metal"", ""3d_coords"": [1.4511502121596336, -1.4304107648260977, 0.3499999940395355], ""rotation"": 359.98016357421875}, {""name"": ""Object_6"", ""shape"": ""cone"", ""size"": 0.351, ""material"": ""rubber"", ""3d_coords"": [-2.657908889193172, 1.091221656619761, 0.3499999940395355], ""rotation"": 84.4705581665039}, {""name"": ""Object_7"", ""shape"": ""sphere"", ""size"": 0.351, ""material"": ""rubber"", ""3d_coords"": [-1.1491699837653946, -3.1571527397532435, 0.3499999940395355], ""rotation"": 179.01307678222656}]}\n\nWhat is the rotation value of the purple colored object?  ASSISTANT:\nassistant\n{""answer"": ""276.61541748046875""}']",276.61541748046875,"{""answer"": 276.61541748046875}",8,"user
 USER:  
This image shows a minimalist arrangement of 3D geometric shapes made of different materials and colors. The JSON provided contains information about all objects in the scene, including their name, 3D coordinates (represented as [X, Y, Z]), material (metal = shinny, rubber = matte), and other attributes. 
Your job is to identify the purple colored object in the image, match its attributes to identify which of the objects mentioned in the JSON corresponds to that object, and determine its rotation in the following format: {""answer"": ""ROTATION""}
Do not add any additional text to your answer, provide your answer always in the following format: {""answer"": ""ROTATION""}. 

Understanding the Coordinate System X, Y, Z:
• X (Depth): Represents the depth relative to the camera. Smaller values indicate objects that are farther away.
• Y (Horizontal Position): Represents the left-to-right position. A value of zero means the object is centered in the scene, negative values place the object to the left, and positive values to the right.
• Z (Vertical Position): Represents the height of the object's center point. Larger values correspond to higher vertical positions.

Here is the JSON containing details about all objects in the scene in the image:

{""camera_location"": [9.915478112284436, 0, 5.34366512298584], ""objects"": [{""name"": ""Object_0"", ""shape"": ""cube"", ""size"": 0.351, ""material"": ""metal"", ""3d_coords"": [1.9663484620281082, 0.6737628441777787, 0.3499999940395355], ""rotation"": 338.184326171875}, {""name"": ""Object_1"", ""shape"": ""cube"", ""size"": 0.7, ""material"": ""rubber"", ""3d_coords"": [-3.271240244512414, -0.7978345519821368, 0.699999988079071], ""rotation"": 217.46292114257812}, {""name"": ""Object_2"", ""shape"": ""cylinder"", ""size"": 0.351, ""material"": ""metal"", ""3d_coords"": [-0.3649995627391712, 2.1916957880724723, 0.3499999940395355], ""rotation"": 154.05128479003906}, {""name"": ""Object_3"", ""shape"": ""cylinder"", ""size"": 0.351, ""material"": ""rubber"", ""3d_coords"": [-1.6472185430346287, -2.3234978468583054, 0.3499999940395355], ""rotation"": 276.61541748046875}, {""name"": ""Object_4"", ""shape"": ""cube"", ""size"": 0.701, ""material"": ""rubber"", ""3d_coords"": [0.4728637110942111, 3.3065382438076103, 0.699999988079071], ""rotation"": 170.52789306640625}, {""name"": ""Object_5"", ""shape"": ""cylinder"", ""size"": 0.351, ""material"": ""metal"", ""3d_coords"": [1.4511502121596336, -1.4304107648260977, 0.3499999940395355], ""rotation"": 359.98016357421875}, {""name"": ""Object_6"", ""shape"": ""cone"", ""size"": 0.351, ""material"": ""rubber"", ""3d_coords"": [-2.657908889193172, 1.091221656619761, 0.3499999940395355], ""rotation"": 84.4705581665039}, {""name"": ""Object_7"", ""shape"": ""sphere"", ""size"": 0.351, ""material"": ""rubber"", ""3d_coords"": [-1.1491699837653946, -3.1571527397532435, 0.3499999940395355], ""rotation"": 179.01307678222656}]}

What is the rotation value of the purple colored object?  ASSISTANT:
assistant
{""answer"": ""359.98016357421875""}",359.98016357421875,"{""answer"": 276.61541748046875}",8
47,3.3001134,32.055244,36.653427,38.176216,49.723774,58.20688,77.514114,89.17839,106.140076,107.59491,98.56717,91.51504,98.58414,105.5995,108.2191,111.452995,116.498604,99.58588,101.23655,102.6273,111.54583,127.41625,117.940216,122.72021,121.88439,124.45351,113.062325,119.99033,121.12274,131.86833,141.64944,148.93002,158.12585,147.01994,125.49512,99.57481,13.223182,All tokens,653,904,"['user\n USER:  \nThis image shows a minimalist arrangement of 3D geometric shapes made of different materials and colors. The JSON provided contains information about all objects in the scene, including their name, 3D coordinates (represented as [X, Y, Z]), material (metal = shinny, rubber = matte), and other attributes. \nYour job is to analyze this information, find the object named \'Object_1\', use its attributes to identify which object in the image corresponds to that object, and retrieve its color in the following format: {""answer"": ""COLOR""}\nSelect your answer from the following options: gray, red, blue, green, brown, purple, cyan, or yellow. Do not add any additional text to your answer, provide your answer always in the following format: {""answer"": ""COLOR""}. \n\nUnderstanding the Coordinate System X, Y, Z:\n• X (Depth): Represents the depth relative to the camera. Smaller values indicate objects that are farther away.\n• Y (Horizontal Position): Represents the left-to-right position. A value of zero means the object is centered in the scene, negative values place the object to the left, and positive values to the right.\n• Z (Vertical Position): Represents the height of the object\'s center point. Larger values correspond to higher vertical positions.\n\nHere is the JSON containing details about all objects in the scene in the image:\n\n{""camera_location"": [9.915478112284436, 0, 5.34366512298584], ""objects"": [{""name"": ""Object_0"", ""shape"": ""cube"", ""size"": 0.7, ""material"": ""metal"", ""3d_coords"": [2.468893733175896, 0.6475625329632908, 0.699999988079071], ""rotation"": 214.92543029785156}, {""name"": ""Object_1"", ""shape"": ""cube"", ""size"": 0.701, ""material"": ""metal"", ""3d_coords"": [-2.9831698799206667, -0.6553149165423653, 0.699999988079071], ""rotation"": 229.62783813476562}, {""name"": ""Object_2"", ""shape"": ""cube"", ""size"": 0.351, ""material"": ""rubber"", ""3d_coords"": [-1.3304890428772906, 2.5164709815520183, 0.3499999940395355], ""rotation"": 47.335845947265625}, {""name"": ""Object_3"", ""shape"": ""sphere"", ""size"": 0.351, ""material"": ""metal"", ""3d_coords"": [1.8759228890785624, -1.915727289698401, 0.3499999940395355], ""rotation"": 316.53289794921875}, {""name"": ""Object_4"", ""shape"": ""cube"", ""size"": 0.7, ""material"": ""rubber"", ""3d_coords"": [0.6253883379347603, -1.234844054914235, 0.699999988079071], ""rotation"": 349.3927917480469}, {""name"": ""Object_5"", ""shape"": ""cube"", ""size"": 0.351, ""material"": ""metal"", ""3d_coords"": [-0.5381954167312486, -2.685302591057071, 0.3499999940395355], ""rotation"": 72.37040710449219}, {""name"": ""Object_6"", ""shape"": ""sphere"", ""size"": 0.701, ""material"": ""metal"", ""3d_coords"": [-2.1331535273034694, 1.359566973962019, 0.699999988079071], ""rotation"": 111.71510314941406}, {""name"": ""Object_7"", ""shape"": ""cube"", ""size"": 0.351, ""material"": ""rubber"", ""3d_coords"": [4.090673359637737, -0.19905459538621417, 0.3499999940395355], ""rotation"": 16.654754638671875}, {""name"": ""Object_8"", ""shape"": ""cylinder"", ""size"": 0.351, ""material"": ""rubber"", ""3d_coords"": [0.12796171044970683, 3.3528768890315352, 0.3499999940395355], ""rotation"": 190.52114868164062}, {""name"": ""Object_9"", ""shape"": ""cube"", ""size"": 0.351, ""material"": ""metal"", ""3d_coords"": [1.2002038196780207, 2.0730008204385344, 0.3499999940395355], ""rotation"": 62.013465881347656}]}\n\nWhat is the color of the object named \'Object_1\'?  ASSISTANT:\nassistant\n{""answer"": ""red""}']",red,"{""answer"": ""purple""}",10,"user
 USER:  
This image shows a minimalist arrangement of 3D geometric shapes made of different materials and colors. The JSON provided contains information about all objects in the scene, including their name, 3D coordinates (represented as [X, Y, Z]), material (metal = shinny, rubber = matte), and other attributes. 
Your job is to analyze this information, find the object named 'Object_1', use its attributes to identify which object in the image corresponds to that object, and retrieve its color in the following format: {""answer"": ""COLOR""}
Select your answer from the following options: gray, red, blue, green, brown, purple, cyan, or yellow. Do not add any additional text to your answer, provide your answer always in the following format: {""answer"": ""COLOR""}. 

Understanding the Coordinate System X, Y, Z:
• X (Depth): Represents the depth relative to the camera. Smaller values indicate objects that are farther away.
• Y (Horizontal Position): Represents the left-to-right position. A value of zero means the object is centered in the scene, negative values place the object to the left, and positive values to the right.
• Z (Vertical Position): Represents the height of the object's center point. Larger values correspond to higher vertical positions.

Here is the JSON containing details about all objects in the scene in the image:

{""camera_location"": [9.915478112284436, 0, 5.34366512298584], ""objects"": [{""name"": ""Object_0"", ""shape"": ""cube"", ""size"": 0.7, ""material"": ""metal"", ""3d_coords"": [2.468893733175896, 0.6475625329632908, 0.699999988079071], ""rotation"": 214.92543029785156}, {""name"": ""Object_1"", ""shape"": ""cube"", ""size"": 0.701, ""material"": ""metal"", ""3d_coords"": [-2.9831698799206667, -0.6553149165423653, 0.699999988079071], ""rotation"": 229.62783813476562}, {""name"": ""Object_2"", ""shape"": ""cube"", ""size"": 0.351, ""material"": ""rubber"", ""3d_coords"": [-1.3304890428772906, 2.5164709815520183, 0.3499999940395355], ""rotation"": 47.335845947265625}, {""name"": ""Object_3"", ""shape"": ""sphere"", ""size"": 0.351, ""material"": ""metal"", ""3d_coords"": [1.8759228890785624, -1.915727289698401, 0.3499999940395355], ""rotation"": 316.53289794921875}, {""name"": ""Object_4"", ""shape"": ""cube"", ""size"": 0.7, ""material"": ""rubber"", ""3d_coords"": [0.6253883379347603, -1.234844054914235, 0.699999988079071], ""rotation"": 349.3927917480469}, {""name"": ""Object_5"", ""shape"": ""cube"", ""size"": 0.351, ""material"": ""metal"", ""3d_coords"": [-0.5381954167312486, -2.685302591057071, 0.3499999940395355], ""rotation"": 72.37040710449219}, {""name"": ""Object_6"", ""shape"": ""sphere"", ""size"": 0.701, ""material"": ""metal"", ""3d_coords"": [-2.1331535273034694, 1.359566973962019, 0.699999988079071], ""rotation"": 111.71510314941406}, {""name"": ""Object_7"", ""shape"": ""cube"", ""size"": 0.351, ""material"": ""rubber"", ""3d_coords"": [4.090673359637737, -0.19905459538621417, 0.3499999940395355], ""rotation"": 16.654754638671875}, {""name"": ""Object_8"", ""shape"": ""cylinder"", ""size"": 0.351, ""material"": ""rubber"", ""3d_coords"": [0.12796171044970683, 3.3528768890315352, 0.3499999940395355], ""rotation"": 190.52114868164062}, {""name"": ""Object_9"", ""shape"": ""cube"", ""size"": 0.351, ""material"": ""metal"", ""3d_coords"": [1.2002038196780207, 2.0730008204385344, 0.3499999940395355], ""rotation"": 62.013465881347656}]}

What is the color of the object named 'Object_1'?  ASSISTANT:
assistant
{""answer"": ""gray""}",gray,"{""answer"": ""purple""}",10
48,3.0124285,28.46314,31.289322,32.736206,46.80353,58.715313,80.88896,80.50075,98.12696,102.46491,96.15246,90.19862,98.2137,104.927956,108.58652,111.78575,116.786766,92.54492,96.18525,100.461494,110.41975,127.7109,125.8084,130.813,130.45345,134.21283,126.36713,133.30988,134.0649,144.9975,153.61444,158.5897,166.41272,155.83766,135.67445,106.96132,15.8147335,All tokens,1907,2555,"['user\n USER:  \nThis image shows a minimalist arrangement of 3D geometric shapes made of different materials and colors. The JSON provided contains information about all objects in the scene, including their name, 3D coordinates (represented as [X, Y, Z]), material (metal = shinny, rubber = matte), and other attributes. \nYour job is to analyze this information, find the object at coordinates [-2.8131915532347005, 0.6306127206967702, 0.3499999940395355], use its attributes to identify which object in the image corresponds to that object, and retrieve its color in the following format: {""answer"": ""COLOR""}\nSelect your answer from the following options: gray, red, blue, green, brown, purple, cyan, or yellow. Do not add any additional text to your answer, provide your answer always in the following format: {""answer"": ""COLOR""}. \n\nUnderstanding the Coordinate System X, Y, Z:\n• X (Depth): Represents the depth relative to the camera. Smaller values indicate objects that are farther away.\n• Y (Horizontal Position): Represents the left-to-right position. A value of zero means the object is centered in the scene, negative values place the object to the left, and positive values to the right.\n• Z (Vertical Position): Represents the height of the object\'s center point. Larger values correspond to higher vertical positions.\n\nHere is the JSON containing details about all objects in the scene in the image:\n\n{""camera_location"": [9.915478112284436, 0, 5.34366512298584], ""objects"": [{""name"": ""Object_0"", ""shape"": ""cube"", ""size"": 0.7, ""material"": ""metal"", ""3d_coords"": [-1.7828730279593046, -1.3411680427935528, 0.699999988079071], ""rotation"": 149.7908477783203}, {""name"": ""Object_1"", ""shape"": ""sphere"", ""size"": 0.351, ""material"": ""rubber"", ""3d_coords"": [2.3706766406912316, -0.5190709781155874, 0.3499999940395355], ""rotation"": 245.1148223876953}, {""name"": ""Object_2"", ""shape"": ""cylinder"", ""size"": 0.7, ""material"": ""metal"", ""3d_coords"": [1.46345807397663, 1.2092484180082783, 0.699999988079071], ""rotation"": 179.79295349121094}, {""name"": ""Object_3"", ""shape"": ""cylinder"", ""size"": 0.7, ""material"": ""metal"", ""3d_coords"": [-0.36899799130067734, 2.001334104339421, 0.699999988079071], ""rotation"": 206.95492553710938}, {""name"": ""Object_4"", ""shape"": ""cube"", ""size"": 0.351, ""material"": ""metal"", ""3d_coords"": [-2.8131915532347005, 0.6306127206967702, 0.3499999940395355], ""rotation"": 267.2264099121094}, {""name"": ""Object_5"", ""shape"": ""cube"", ""size"": 0.701, ""material"": ""metal"", ""3d_coords"": [0.7406729224835793, -2.9179719471443826, 0.699999988079071], ""rotation"": 181.2461395263672}]}\n\nWhat is the color of the object at the coordinates [-2.8131915532347005, 0.6306127206967702, 0.3499999940395355]?  ASSISTANT:\nassistant\n{""answer"": ""purple""}']",purple,"{""answer"": ""green""}",6,"user
 USER:  
This image shows a minimalist arrangement of 3D geometric shapes made of different materials and colors. The JSON provided contains information about all objects in the scene, including their name, 3D coordinates (represented as [X, Y, Z]), material (metal = shinny, rubber = matte), and other attributes. 
Your job is to analyze this information, find the object at coordinates [-2.8131915532347005, 0.6306127206967702, 0.3499999940395355], use its attributes to identify which object in the image corresponds to that object, and retrieve its color in the following format: {""answer"": ""COLOR""}
Select your answer from the following options: gray, red, blue, green, brown, purple, cyan, or yellow. Do not add any additional text to your answer, provide your answer always in the following format: {""answer"": ""COLOR""}. 

Understanding the Coordinate System X, Y, Z:
• X (Depth): Represents the depth relative to the camera. Smaller values indicate objects that are farther away.
• Y (Horizontal Position): Represents the left-to-right position. A value of zero means the object is centered in the scene, negative values place the object to the left, and positive values to the right.
• Z (Vertical Position): Represents the height of the object's center point. Larger values correspond to higher vertical positions.

Here is the JSON containing details about all objects in the scene in the image:

{""camera_location"": [9.915478112284436, 0, 5.34366512298584], ""objects"": [{""name"": ""Object_0"", ""shape"": ""cube"", ""size"": 0.7, ""material"": ""metal"", ""3d_coords"": [-1.7828730279593046, -1.3411680427935528, 0.699999988079071], ""rotation"": 149.7908477783203}, {""name"": ""Object_1"", ""shape"": ""sphere"", ""size"": 0.351, ""material"": ""rubber"", ""3d_coords"": [2.3706766406912316, -0.5190709781155874, 0.3499999940395355], ""rotation"": 245.1148223876953}, {""name"": ""Object_2"", ""shape"": ""cylinder"", ""size"": 0.7, ""material"": ""metal"", ""3d_coords"": [1.46345807397663, 1.2092484180082783, 0.699999988079071], ""rotation"": 179.79295349121094}, {""name"": ""Object_3"", ""shape"": ""cylinder"", ""size"": 0.7, ""material"": ""metal"", ""3d_coords"": [-0.36899799130067734, 2.001334104339421, 0.699999988079071], ""rotation"": 206.95492553710938}, {""name"": ""Object_4"", ""shape"": ""cube"", ""size"": 0.351, ""material"": ""metal"", ""3d_coords"": [-2.8131915532347005, 0.6306127206967702, 0.3499999940395355], ""rotation"": 267.2264099121094}, {""name"": ""Object_5"", ""shape"": ""cube"", ""size"": 0.701, ""material"": ""metal"", ""3d_coords"": [0.7406729224835793, -2.9179719471443826, 0.699999988079071], ""rotation"": 181.2461395263672}]}

What is the color of the object at the coordinates [-2.8131915532347005, 0.6306127206967702, 0.3499999940395355]?  ASSISTANT:
assistant
{""answer"": ""gray""}",gray,"{""answer"": ""green""}",6
49,2.914639,26.416796,28.409208,28.943365,43.027374,55.58139,79.2924,74.59207,92.55476,97.793816,92.564606,87.34246,95.20778,101.478195,105.42226,108.667885,113.22018,78.94546,82.946724,88.181885,99.1327,116.91185,118.246895,124.866325,127.32242,131.65948,127.11745,135.01057,136.18015,146.36061,154.65552,158.5894,164.57445,154.30922,134.63185,106.2649,18.37364,All tokens,827,1134,"['user\n USER:  \nThis image shows a minimalist arrangement of 3D geometric shapes made of different materials and colors. The JSON provided contains information about all objects in the scene, including their name, 3D coordinates (represented as [X, Y, Z]), material (metal = shinny, rubber = matte), and other attributes. \nYour job is to analyze this information, find the object at coordinates [0.9484090381630061, 3.1665474089203434, 0.3499999940395355], use its attributes to identify which object in the image corresponds to that object, and retrieve its shape in the following format: {""answer"": ""SHAPE""}\nSelect your answer from the following options: cylinder, sphere, cone, or cube. Do not add any additional text to your answer, provide your answer always in the following format: {""answer"": ""SHAPE""}. \n\nUnderstanding the Coordinate System X, Y, Z:\n• X (Depth): Represents the depth relative to the camera. Smaller values indicate objects that are farther away.\n• Y (Horizontal Position): Represents the left-to-right position. A value of zero means the object is centered in the scene, negative values place the object to the left, and positive values to the right.\n• Z (Vertical Position): Represents the height of the object\'s center point. Larger values correspond to higher vertical positions.\n\nHere is the JSON containing details about all objects in the scene in the image:\n\n{""camera_location"": [9.915478112284436, 0, 5.34366512298584], ""objects"": [{""name"": ""Object_0"", ""size"": 0.7, ""material"": ""metal"", ""3d_coords"": [-2.4358176633221835, -0.14474980779099433, 0.699999988079071], ""rotation"": 241.5412139892578, ""color"": ""red""}, {""name"": ""Object_1"", ""size"": 0.351, ""material"": ""metal"", ""3d_coords"": [0.9484090381630061, 3.1665474089203434, 0.3499999940395355], ""rotation"": 165.46043395996094, ""color"": ""brown""}, {""name"": ""Object_2"", ""size"": 0.7, ""material"": ""metal"", ""3d_coords"": [-0.45198480568860677, -2.0688121519251093, 0.699999988079071], ""rotation"": 256.3016662597656, ""color"": ""purple""}, {""name"": ""Object_3"", ""size"": 0.7, ""material"": ""rubber"", ""3d_coords"": [3.47779817229479, -0.5732526572707033, 0.699999988079071], ""rotation"": 235.2708740234375, ""color"": ""yellow""}, {""name"": ""Object_4"", ""size"": 0.7, ""material"": ""metal"", ""3d_coords"": [1.681514428102919, 1.0692129673033115, 0.699999988079071], ""rotation"": 280.19952392578125, ""color"": ""blue""}]}\n\nWhat is the shape of the object at the coordinates [0.9484090381630061, 3.1665474089203434, 0.3499999940395355]?  ASSISTANT:\nassistant\n{""answer"": ""cylinder""}']",cylinder,"{""answer"": ""cylinder""}",5,"user
 USER:  
This image shows a minimalist arrangement of 3D geometric shapes made of different materials and colors. The JSON provided contains information about all objects in the scene, including their name, 3D coordinates (represented as [X, Y, Z]), material (metal = shinny, rubber = matte), and other attributes. 
Your job is to analyze this information, find the object at coordinates [0.9484090381630061, 3.1665474089203434, 0.3499999940395355], use its attributes to identify which object in the image corresponds to that object, and retrieve its shape in the following format: {""answer"": ""SHAPE""}
Select your answer from the following options: cylinder, sphere, cone, or cube. Do not add any additional text to your answer, provide your answer always in the following format: {""answer"": ""SHAPE""}. 

Understanding the Coordinate System X, Y, Z:
• X (Depth): Represents the depth relative to the camera. Smaller values indicate objects that are farther away.
• Y (Horizontal Position): Represents the left-to-right position. A value of zero means the object is centered in the scene, negative values place the object to the left, and positive values to the right.
• Z (Vertical Position): Represents the height of the object's center point. Larger values correspond to higher vertical positions.

Here is the JSON containing details about all objects in the scene in the image:

{""camera_location"": [9.915478112284436, 0, 5.34366512298584], ""objects"": [{""name"": ""Object_0"", ""size"": 0.7, ""material"": ""metal"", ""3d_coords"": [-2.4358176633221835, -0.14474980779099433, 0.699999988079071], ""rotation"": 241.5412139892578, ""color"": ""red""}, {""name"": ""Object_1"", ""size"": 0.351, ""material"": ""metal"", ""3d_coords"": [0.9484090381630061, 3.1665474089203434, 0.3499999940395355], ""rotation"": 165.46043395996094, ""color"": ""brown""}, {""name"": ""Object_2"", ""size"": 0.7, ""material"": ""metal"", ""3d_coords"": [-0.45198480568860677, -2.0688121519251093, 0.699999988079071], ""rotation"": 256.3016662597656, ""color"": ""purple""}, {""name"": ""Object_3"", ""size"": 0.7, ""material"": ""rubber"", ""3d_coords"": [3.47779817229479, -0.5732526572707033, 0.699999988079071], ""rotation"": 235.2708740234375, ""color"": ""yellow""}, {""name"": ""Object_4"", ""size"": 0.7, ""material"": ""metal"", ""3d_coords"": [1.681514428102919, 1.0692129673033115, 0.699999988079071], ""rotation"": 280.19952392578125, ""color"": ""blue""}]}

What is the shape of the object at the coordinates [0.9484090381630061, 3.1665474089203434, 0.3499999940395355]?  ASSISTANT:
assistant
{""answer"": ""cone""}",cone,"{""answer"": ""cylinder""}",5
0,22.492697,32.93194,35.750835,34.675373,35.33868,34.39408,33.719337,33.646698,33.551117,35.131664,35.117878,36.403034,37.756905,39.186436,39.10111,40.43074,41.457314,40.85378,41.365307,42.61555,41.27749,42.304825,43.476772,41.596375,41.8493,40.950714,41.672062,42.323128,42.257637,42.108864,42.579178,40.235603,42.400665,44.706734,46.806255,46.68869,54.144173,Img tokens,912,1249,"['user\n USER:  \nThis image shows a minimalist arrangement of 3D geometric shapes made of different materials and colors. The JSON provided contains information about all objects in the scene, including their name, 3D coordinates (represented as [X, Y, Z]), material (metal = shinny, rubber = matte), and other attributes. \nYour job is to analyze this information, find the object with a rotation of 142.7777862548828, use its attributes to identify which object in the image corresponds to that object, and retrieve its color in the following format: {""answer"": ""COLOR""}\nSelect your answer from the following options: gray, red, blue, green, brown, purple, cyan, or yellow. Do not add any additional text to your answer, provide your answer always in the following format: {""answer"": ""COLOR""}. \n\nUnderstanding the Coordinate System X, Y, Z:\n• X (Depth): Represents the depth relative to the camera. Smaller values indicate objects that are farther away.\n• Y (Horizontal Position): Represents the left-to-right position. A value of zero means the object is centered in the scene, negative values place the object to the left, and positive values to the right.\n• Z (Vertical Position): Represents the height of the object\'s center point. Larger values correspond to higher vertical positions.\n\nHere is the JSON containing details about all objects in the scene in the image:\n\n{""camera_location"": [9.915478112284436, 0, 5.34366512298584], ""objects"": [{""name"": ""Object_0"", ""shape"": ""cube"", ""size"": 0.351, ""material"": ""metal"", ""3d_coords"": [2.3536632351292663, 0.952007264055984, 0.3499999940395355], ""rotation"": 84.46160888671875}, {""name"": ""Object_1"", ""shape"": ""sphere"", ""size"": 0.351, ""material"": ""rubber"", ""3d_coords"": [-0.9998282437705074, -0.693655230758135, 0.3499999940395355], ""rotation"": 66.35546112060547}, {""name"": ""Object_2"", ""shape"": ""cube"", ""size"": 0.351, ""material"": ""rubber"", ""3d_coords"": [-0.1259371872487077, 0.5501897864010687, 0.3499999940395355], ""rotation"": 142.7777862548828}, {""name"": ""Object_3"", ""shape"": ""sphere"", ""size"": 0.351, ""material"": ""rubber"", ""3d_coords"": [0.3493462079171443, -2.6219429427556094, 0.3499999940395355], ""rotation"": 162.52687072753906}, {""name"": ""Object_4"", ""shape"": ""cylinder"", ""size"": 0.701, ""material"": ""rubber"", ""3d_coords"": [-2.6018151926406943, 0.11180601124584455, 0.699999988079071], ""rotation"": 315.1466979980469}, {""name"": ""Object_5"", ""shape"": ""cube"", ""size"": 0.7, ""material"": ""metal"", ""3d_coords"": [1.0946402931144936, 2.5168990564568983, 0.699999988079071], ""rotation"": 101.67021942138672}, {""name"": ""Object_6"", ""shape"": ""cone"", ""size"": 0.7, ""material"": ""metal"", ""3d_coords"": [1.9116613587829956, -1.508412165444093, 0.699999988079071], ""rotation"": 47.72618865966797}, {""name"": ""Object_7"", ""shape"": ""cube"", ""size"": 0.7, ""material"": ""metal"", ""3d_coords"": [-1.9338468668905113, 1.669799905085533, 0.699999988079071], ""rotation"": 230.21990966796875}]}\n\nWhat is the color of the object with a rotation of 142.7777862548828?  ASSISTANT:\nassistant\n{""answer"": ""yellow""}']",yellow,"{""answer"": ""yellow""}",8,"user
 USER:  
This image shows a minimalist arrangement of 3D geometric shapes made of different materials and colors. The JSON provided contains information about all objects in the scene, including their name, 3D coordinates (represented as [X, Y, Z]), material (metal = shinny, rubber = matte), and other attributes. 
Your job is to analyze this information, find the object with a rotation of 142.7777862548828, use its attributes to identify which object in the image corresponds to that object, and retrieve its color in the following format: {""answer"": ""COLOR""}
Select your answer from the following options: gray, red, blue, green, brown, purple, cyan, or yellow. Do not add any additional text to your answer, provide your answer always in the following format: {""answer"": ""COLOR""}. 

Understanding the Coordinate System X, Y, Z:
• X (Depth): Represents the depth relative to the camera. Smaller values indicate objects that are farther away.
• Y (Horizontal Position): Represents the left-to-right position. A value of zero means the object is centered in the scene, negative values place the object to the left, and positive values to the right.
• Z (Vertical Position): Represents the height of the object's center point. Larger values correspond to higher vertical positions.

Here is the JSON containing details about all objects in the scene in the image:

{""camera_location"": [9.915478112284436, 0, 5.34366512298584], ""objects"": [{""name"": ""Object_0"", ""shape"": ""cube"", ""size"": 0.351, ""material"": ""metal"", ""3d_coords"": [2.3536632351292663, 0.952007264055984, 0.3499999940395355], ""rotation"": 84.46160888671875}, {""name"": ""Object_1"", ""shape"": ""sphere"", ""size"": 0.351, ""material"": ""rubber"", ""3d_coords"": [-0.9998282437705074, -0.693655230758135, 0.3499999940395355], ""rotation"": 66.35546112060547}, {""name"": ""Object_2"", ""shape"": ""cube"", ""size"": 0.351, ""material"": ""rubber"", ""3d_coords"": [-0.1259371872487077, 0.5501897864010687, 0.3499999940395355], ""rotation"": 142.7777862548828}, {""name"": ""Object_3"", ""shape"": ""sphere"", ""size"": 0.351, ""material"": ""rubber"", ""3d_coords"": [0.3493462079171443, -2.6219429427556094, 0.3499999940395355], ""rotation"": 162.52687072753906}, {""name"": ""Object_4"", ""shape"": ""cylinder"", ""size"": 0.701, ""material"": ""rubber"", ""3d_coords"": [-2.6018151926406943, 0.11180601124584455, 0.699999988079071], ""rotation"": 315.1466979980469}, {""name"": ""Object_5"", ""shape"": ""cube"", ""size"": 0.7, ""material"": ""metal"", ""3d_coords"": [1.0946402931144936, 2.5168990564568983, 0.699999988079071], ""rotation"": 101.67021942138672}, {""name"": ""Object_6"", ""shape"": ""cone"", ""size"": 0.7, ""material"": ""metal"", ""3d_coords"": [1.9116613587829956, -1.508412165444093, 0.699999988079071], ""rotation"": 47.72618865966797}, {""name"": ""Object_7"", ""shape"": ""cube"", ""size"": 0.7, ""material"": ""metal"", ""3d_coords"": [-1.9338468668905113, 1.669799905085533, 0.699999988079071], ""rotation"": 230.21990966796875}]}

What is the color of the object with a rotation of 142.7777862548828?  ASSISTANT:
assistant
{""answer"": ""blue""}",blue,"{""answer"": ""yellow""}",8
1,23.439743,33.562542,37.020477,36.09153,36.792892,36.040375,35.589817,35.944393,36.025356,37.149166,36.814175,37.3705,38.381676,39.504826,38.840626,40.13774,41.479904,40.59639,40.813763,41.824066,41.004463,41.86816,43.000355,41.253487,40.96297,40.448677,40.902306,42.006603,41.847294,41.88364,41.841915,40.639317,42.152218,44.704613,46.993515,46.055912,56.245316,Img tokens,204,287,"['user\n USER:  \nThis image shows a minimalist arrangement of 3D geometric shapes made of different materials and colors. The JSON provided contains information about all objects in the scene, including their name, 3D coordinates (represented as [X, Y, Z]), material (metal = shinny, rubber = matte), and other attributes. \nYour job is to analyze this information, find the object with a rotation of 336.83026123046875, use its attributes to identify which object in the image corresponds to that object, and retrieve its shape in the following format: {""answer"": ""SHAPE""}\nSelect your answer from the following options: cylinder, sphere, cone, or cube. Do not add any additional text to your answer, provide your answer always in the following format: {""answer"": ""SHAPE""}. \n\nUnderstanding the Coordinate System X, Y, Z:\n• X (Depth): Represents the depth relative to the camera. Smaller values indicate objects that are farther away.\n• Y (Horizontal Position): Represents the left-to-right position. A value of zero means the object is centered in the scene, negative values place the object to the left, and positive values to the right.\n• Z (Vertical Position): Represents the height of the object\'s center point. Larger values correspond to higher vertical positions.\n\nHere is the JSON containing details about all objects in the scene in the image:\n\n{""camera_location"": [9.915478112284436, 0, 5.34366512298584], ""objects"": [{""name"": ""Object_0"", ""size"": 0.7, ""material"": ""metal"", ""3d_coords"": [-3.1138944411725773, 1.1307545095965894, 0.699999988079071], ""rotation"": 320.1335754394531, ""color"": ""gray""}, {""name"": ""Object_1"", ""size"": 0.701, ""material"": ""rubber"", ""3d_coords"": [1.7476166617749986, -1.0149978739204633, 0.699999988079071], ""rotation"": 39.312774658203125, ""color"": ""cyan""}, {""name"": ""Object_2"", ""size"": 0.351, ""material"": ""metal"", ""3d_coords"": [0.6388566137913576, -1.7924203462864052, 0.3499999940395355], ""rotation"": 44.0419921875, ""color"": ""blue""}, {""name"": ""Object_3"", ""size"": 0.351, ""material"": ""rubber"", ""3d_coords"": [1.1571736570054623, 0.6396773137842781, 0.3499999940395355], ""rotation"": 106.93251037597656, ""color"": ""brown""}, {""name"": ""Object_4"", ""size"": 0.351, ""material"": ""rubber"", ""3d_coords"": [-0.18343920391914548, 2.522241180519531, 0.3499999940395355], ""rotation"": 348.177001953125, ""color"": ""yellow""}, {""name"": ""Object_5"", ""size"": 0.351, ""material"": ""rubber"", ""3d_coords"": [-1.615542802863906, -2.3301278355790487, 0.3499999940395355], ""rotation"": 9.999037742614746, ""color"": ""red""}, {""name"": ""Object_6"", ""size"": 0.351, ""material"": ""rubber"", ""3d_coords"": [3.2114168998826247, -0.6147687060059956, 0.3499999940395355], ""rotation"": 321.2648620605469, ""color"": ""red""}, {""name"": ""Object_7"", ""size"": 0.701, ""material"": ""rubber"", ""3d_coords"": [2.3346300424821598, 1.7558490576662746, 0.699999988079071], ""rotation"": 124.95408630371094, ""color"": ""green""}, {""name"": ""Object_8"", ""size"": 0.7, ""material"": ""metal"", ""3d_coords"": [-0.891931062878993, 0.13132574381698464, 0.699999988079071], ""rotation"": 272.32666015625, ""color"": ""red""}, {""name"": ""Object_9"", ""size"": 0.351, ""material"": ""metal"", ""3d_coords"": [0.22428628109618098, 4.164682034279698, 0.3499999940395355], ""rotation"": 336.83026123046875, ""color"": ""gray""}]}\n\nWhat is the shape of the object with a rotation of 336.83026123046875?  ASSISTANT:\nassistant\n{""answer"": ""sphere""}']",sphere,"{""answer"": ""sphere""}",10,"user
 USER:  
This image shows a minimalist arrangement of 3D geometric shapes made of different materials and colors. The JSON provided contains information about all objects in the scene, including their name, 3D coordinates (represented as [X, Y, Z]), material (metal = shinny, rubber = matte), and other attributes. 
Your job is to analyze this information, find the object with a rotation of 336.83026123046875, use its attributes to identify which object in the image corresponds to that object, and retrieve its shape in the following format: {""answer"": ""SHAPE""}
Select your answer from the following options: cylinder, sphere, cone, or cube. Do not add any additional text to your answer, provide your answer always in the following format: {""answer"": ""SHAPE""}. 

Understanding the Coordinate System X, Y, Z:
• X (Depth): Represents the depth relative to the camera. Smaller values indicate objects that are farther away.
• Y (Horizontal Position): Represents the left-to-right position. A value of zero means the object is centered in the scene, negative values place the object to the left, and positive values to the right.
• Z (Vertical Position): Represents the height of the object's center point. Larger values correspond to higher vertical positions.

Here is the JSON containing details about all objects in the scene in the image:

{""camera_location"": [9.915478112284436, 0, 5.34366512298584], ""objects"": [{""name"": ""Object_0"", ""size"": 0.7, ""material"": ""metal"", ""3d_coords"": [-3.1138944411725773, 1.1307545095965894, 0.699999988079071], ""rotation"": 320.1335754394531, ""color"": ""gray""}, {""name"": ""Object_1"", ""size"": 0.701, ""material"": ""rubber"", ""3d_coords"": [1.7476166617749986, -1.0149978739204633, 0.699999988079071], ""rotation"": 39.312774658203125, ""color"": ""cyan""}, {""name"": ""Object_2"", ""size"": 0.351, ""material"": ""metal"", ""3d_coords"": [0.6388566137913576, -1.7924203462864052, 0.3499999940395355], ""rotation"": 44.0419921875, ""color"": ""blue""}, {""name"": ""Object_3"", ""size"": 0.351, ""material"": ""rubber"", ""3d_coords"": [1.1571736570054623, 0.6396773137842781, 0.3499999940395355], ""rotation"": 106.93251037597656, ""color"": ""brown""}, {""name"": ""Object_4"", ""size"": 0.351, ""material"": ""rubber"", ""3d_coords"": [-0.18343920391914548, 2.522241180519531, 0.3499999940395355], ""rotation"": 348.177001953125, ""color"": ""yellow""}, {""name"": ""Object_5"", ""size"": 0.351, ""material"": ""rubber"", ""3d_coords"": [-1.615542802863906, -2.3301278355790487, 0.3499999940395355], ""rotation"": 9.999037742614746, ""color"": ""red""}, {""name"": ""Object_6"", ""size"": 0.351, ""material"": ""rubber"", ""3d_coords"": [3.2114168998826247, -0.6147687060059956, 0.3499999940395355], ""rotation"": 321.2648620605469, ""color"": ""red""}, {""name"": ""Object_7"", ""size"": 0.701, ""material"": ""rubber"", ""3d_coords"": [2.3346300424821598, 1.7558490576662746, 0.699999988079071], ""rotation"": 124.95408630371094, ""color"": ""green""}, {""name"": ""Object_8"", ""size"": 0.7, ""material"": ""metal"", ""3d_coords"": [-0.891931062878993, 0.13132574381698464, 0.699999988079071], ""rotation"": 272.32666015625, ""color"": ""red""}, {""name"": ""Object_9"", ""size"": 0.351, ""material"": ""metal"", ""3d_coords"": [0.22428628109618098, 4.164682034279698, 0.3499999940395355], ""rotation"": 336.83026123046875, ""color"": ""gray""}]}

What is the shape of the object with a rotation of 336.83026123046875?  ASSISTANT:
assistant
{""answer"": ""cube""}",cube,"{""answer"": ""sphere""}",10
2,21.762178,32.314285,36.678402,35.82224,36.455322,35.686657,35.258194,35.303295,35.310947,36.597523,36.43098,36.859455,38.04596,38.988537,38.74985,39.79801,41.04129,39.961494,40.65225,41.95858,41.07046,42.143692,43.401657,41.775517,41.351448,40.127766,40.914722,41.34618,41.004967,41.07043,40.836205,38.941044,40.634144,42.72705,44.974506,43.78374,52.131268,Img tokens,2253,3006,"['user\n USER:  \nThis image shows a minimalist arrangement of 3D geometric shapes made of different materials and colors. The JSON provided contains information about all objects in the scene, including their name, 3D coordinates (represented as [X, Y, Z]), material (metal = shinny, rubber = matte), and other attributes. \nYour job is to analyze this information, find the object with a size of 0.35, use its attributes to identify which object in the image corresponds to that object, and retrieve its shape in the following format: {""answer"": ""SHAPE""}\nSelect your answer from the following options: cylinder, sphere, cone, or cube. Do not add any additional text to your answer, provide your answer always in the following format: {""answer"": ""SHAPE""}. \n\nUnderstanding the Coordinate System X, Y, Z:\n• X (Depth): Represents the depth relative to the camera. Smaller values indicate objects that are farther away.\n• Y (Horizontal Position): Represents the left-to-right position. A value of zero means the object is centered in the scene, negative values place the object to the left, and positive values to the right.\n• Z (Vertical Position): Represents the height of the object\'s center point. Larger values correspond to higher vertical positions.\n\nHere is the JSON containing details about all objects in the scene in the image:\n\n{""camera_location"": [9.915478112284436, 0, 5.34366512298584], ""objects"": [{""name"": ""Object_0"", ""size"": 0.351, ""material"": ""rubber"", ""3d_coords"": [2.41178171801114, -1.5903019375179108, 0.3499999940395355], ""rotation"": 220.596923828125, ""color"": ""yellow""}, {""name"": ""Object_1"", ""size"": 0.35, ""material"": ""metal"", ""3d_coords"": [-1.1150844761488397, -0.2700704820691121, 0.3499999940395355], ""rotation"": 49.46784591674805, ""color"": ""purple""}, {""name"": ""Object_2"", ""size"": 0.351, ""material"": ""rubber"", ""3d_coords"": [0.02936943395910685, -3.0228724652037906, 0.3499999940395355], ""rotation"": 95.05706787109375, ""color"": ""red""}, {""name"": ""Object_3"", ""size"": 0.351, ""material"": ""metal"", ""3d_coords"": [1.964361037760023, 1.4433033998308198, 0.3499999940395355], ""rotation"": 90.87294006347656, ""color"": ""gray""}, {""name"": ""Object_4"", ""size"": 0.7, ""material"": ""rubber"", ""3d_coords"": [2.867967219769418, 0.21751024269134134, 0.699999988079071], ""rotation"": 263.740966796875, ""color"": ""gray""}, {""name"": ""Object_5"", ""size"": 0.7, ""material"": ""rubber"", ""3d_coords"": [-1.657704710848841, 2.06534903783686, 0.699999988079071], ""rotation"": 257.38519287109375, ""color"": ""cyan""}, {""name"": ""Object_6"", ""size"": 0.351, ""material"": ""rubber"", ""3d_coords"": [0.9940713514063191, 3.2229483663574827, 0.3499999940395355], ""rotation"": 230.9080352783203, ""color"": ""green""}, {""name"": ""Object_7"", ""size"": 0.351, ""material"": ""rubber"", ""3d_coords"": [0.5925566323035294, 0.6210391827826285, 0.3499999940395355], ""rotation"": 27.29384994506836, ""color"": ""yellow""}, {""name"": ""Object_8"", ""size"": 0.351, ""material"": ""rubber"", ""3d_coords"": [1.4270695627617622, -0.7989700249140843, 0.3499999940395355], ""rotation"": 80.9874038696289, ""color"": ""brown""}]}\n\nWhat is the shape of the object with a size of 0.35?  ASSISTANT:\nassistant\n{""answer"": ""sphere""}']",sphere,"{""answer"": ""sphere""}",9,"user
 USER:  
This image shows a minimalist arrangement of 3D geometric shapes made of different materials and colors. The JSON provided contains information about all objects in the scene, including their name, 3D coordinates (represented as [X, Y, Z]), material (metal = shinny, rubber = matte), and other attributes. 
Your job is to analyze this information, find the object with a size of 0.35, use its attributes to identify which object in the image corresponds to that object, and retrieve its shape in the following format: {""answer"": ""SHAPE""}
Select your answer from the following options: cylinder, sphere, cone, or cube. Do not add any additional text to your answer, provide your answer always in the following format: {""answer"": ""SHAPE""}. 

Understanding the Coordinate System X, Y, Z:
• X (Depth): Represents the depth relative to the camera. Smaller values indicate objects that are farther away.
• Y (Horizontal Position): Represents the left-to-right position. A value of zero means the object is centered in the scene, negative values place the object to the left, and positive values to the right.
• Z (Vertical Position): Represents the height of the object's center point. Larger values correspond to higher vertical positions.

Here is the JSON containing details about all objects in the scene in the image:

{""camera_location"": [9.915478112284436, 0, 5.34366512298584], ""objects"": [{""name"": ""Object_0"", ""size"": 0.351, ""material"": ""rubber"", ""3d_coords"": [2.41178171801114, -1.5903019375179108, 0.3499999940395355], ""rotation"": 220.596923828125, ""color"": ""yellow""}, {""name"": ""Object_1"", ""size"": 0.35, ""material"": ""metal"", ""3d_coords"": [-1.1150844761488397, -0.2700704820691121, 0.3499999940395355], ""rotation"": 49.46784591674805, ""color"": ""purple""}, {""name"": ""Object_2"", ""size"": 0.351, ""material"": ""rubber"", ""3d_coords"": [0.02936943395910685, -3.0228724652037906, 0.3499999940395355], ""rotation"": 95.05706787109375, ""color"": ""red""}, {""name"": ""Object_3"", ""size"": 0.351, ""material"": ""metal"", ""3d_coords"": [1.964361037760023, 1.4433033998308198, 0.3499999940395355], ""rotation"": 90.87294006347656, ""color"": ""gray""}, {""name"": ""Object_4"", ""size"": 0.7, ""material"": ""rubber"", ""3d_coords"": [2.867967219769418, 0.21751024269134134, 0.699999988079071], ""rotation"": 263.740966796875, ""color"": ""gray""}, {""name"": ""Object_5"", ""size"": 0.7, ""material"": ""rubber"", ""3d_coords"": [-1.657704710848841, 2.06534903783686, 0.699999988079071], ""rotation"": 257.38519287109375, ""color"": ""cyan""}, {""name"": ""Object_6"", ""size"": 0.351, ""material"": ""rubber"", ""3d_coords"": [0.9940713514063191, 3.2229483663574827, 0.3499999940395355], ""rotation"": 230.9080352783203, ""color"": ""green""}, {""name"": ""Object_7"", ""size"": 0.351, ""material"": ""rubber"", ""3d_coords"": [0.5925566323035294, 0.6210391827826285, 0.3499999940395355], ""rotation"": 27.29384994506836, ""color"": ""yellow""}, {""name"": ""Object_8"", ""size"": 0.351, ""material"": ""rubber"", ""3d_coords"": [1.4270695627617622, -0.7989700249140843, 0.3499999940395355], ""rotation"": 80.9874038696289, ""color"": ""brown""}]}

What is the shape of the object with a size of 0.35?  ASSISTANT:
assistant
{""answer"": ""cube""}",cube,"{""answer"": ""sphere""}",9
3,19.281412,29.37333,33.604256,32.35191,32.826054,31.860914,30.898523,31.030996,30.630526,31.276823,30.719297,31.712957,32.558132,34.769463,34.926426,36.295826,37.33688,36.951023,37.473263,38.800632,37.86908,38.866898,39.319855,37.999218,37.2684,35.849922,36.876198,36.973267,37.12468,37.16155,36.12878,35.394753,36.34442,38.174885,40.639492,40.651497,46.373627,Img tokens,2006,2683,"['user\n USER:  \nThis image shows a minimalist arrangement of 3D geometric shapes made of different materials and colors. The JSON provided contains information about all objects in the scene, including their name, 3D coordinates (represented as [X, Y, Z]), material (metal = shinny, rubber = matte), and other attributes. \nYour job is to analyze this information, find the object with a rotation of 344.3285217285156, use its attributes to identify which object in the image corresponds to that object, and retrieve its color in the following format: {""answer"": ""COLOR""}\nSelect your answer from the following options: gray, red, blue, green, brown, purple, cyan, or yellow. Do not add any additional text to your answer, provide your answer always in the following format: {""answer"": ""COLOR""}. \n\nUnderstanding the Coordinate System X, Y, Z:\n• X (Depth): Represents the depth relative to the camera. Smaller values indicate objects that are farther away.\n• Y (Horizontal Position): Represents the left-to-right position. A value of zero means the object is centered in the scene, negative values place the object to the left, and positive values to the right.\n• Z (Vertical Position): Represents the height of the object\'s center point. Larger values correspond to higher vertical positions.\n\nHere is the JSON containing details about all objects in the scene in the image:\n\n{""camera_location"": [9.915478112284436, 0, 5.34366512298584], ""objects"": [{""name"": ""Object_0"", ""shape"": ""sphere"", ""size"": 0.7, ""material"": ""metal"", ""3d_coords"": [1.497525784656313, -1.2016221186309874, 0.699999988079071], ""rotation"": 56.16063690185547}, {""name"": ""Object_1"", ""shape"": ""cylinder"", ""size"": 0.351, ""material"": ""metal"", ""3d_coords"": [-1.2142698866447477, 0.8072733349906838, 0.3499999940395355], ""rotation"": 344.3285217285156}, {""name"": ""Object_2"", ""shape"": ""cone"", ""size"": 0.7, ""material"": ""rubber"", ""3d_coords"": [2.2784915234151724, 1.3039251074495044, 0.699999988079071], ""rotation"": 267.6826477050781}]}\n\nWhat is the color of the object with a rotation of 344.3285217285156?  ASSISTANT:\nassistant\n{""answer"": ""cyan""}']",cyan,"{""answer"": ""cyan""}",3,"user
 USER:  
This image shows a minimalist arrangement of 3D geometric shapes made of different materials and colors. The JSON provided contains information about all objects in the scene, including their name, 3D coordinates (represented as [X, Y, Z]), material (metal = shinny, rubber = matte), and other attributes. 
Your job is to analyze this information, find the object with a rotation of 344.3285217285156, use its attributes to identify which object in the image corresponds to that object, and retrieve its color in the following format: {""answer"": ""COLOR""}
Select your answer from the following options: gray, red, blue, green, brown, purple, cyan, or yellow. Do not add any additional text to your answer, provide your answer always in the following format: {""answer"": ""COLOR""}. 

Understanding the Coordinate System X, Y, Z:
• X (Depth): Represents the depth relative to the camera. Smaller values indicate objects that are farther away.
• Y (Horizontal Position): Represents the left-to-right position. A value of zero means the object is centered in the scene, negative values place the object to the left, and positive values to the right.
• Z (Vertical Position): Represents the height of the object's center point. Larger values correspond to higher vertical positions.

Here is the JSON containing details about all objects in the scene in the image:

{""camera_location"": [9.915478112284436, 0, 5.34366512298584], ""objects"": [{""name"": ""Object_0"", ""shape"": ""sphere"", ""size"": 0.7, ""material"": ""metal"", ""3d_coords"": [1.497525784656313, -1.2016221186309874, 0.699999988079071], ""rotation"": 56.16063690185547}, {""name"": ""Object_1"", ""shape"": ""cylinder"", ""size"": 0.351, ""material"": ""metal"", ""3d_coords"": [-1.2142698866447477, 0.8072733349906838, 0.3499999940395355], ""rotation"": 344.3285217285156}, {""name"": ""Object_2"", ""shape"": ""cone"", ""size"": 0.7, ""material"": ""rubber"", ""3d_coords"": [2.2784915234151724, 1.3039251074495044, 0.699999988079071], ""rotation"": 267.6826477050781}]}

What is the color of the object with a rotation of 344.3285217285156?  ASSISTANT:
assistant
{""answer"": ""red""}",red,"{""answer"": ""cyan""}",3
4,21.1322,31.137094,35.400974,34.926056,35.35572,34.332233,33.61206,33.6948,33.45972,34.885086,34.653294,35.366478,36.281506,37.82193,37.510063,38.87663,40.02805,39.322918,40.292843,41.728695,40.74262,41.670624,42.86394,41.02732,40.874603,39.90919,40.282883,40.730217,40.44508,40.364494,40.352978,37.794518,39.408092,41.756096,43.392662,43.37782,50.9638,Img tokens,1828,2447,"['user\n USER:  \nThis image shows a minimalist arrangement of 3D geometric shapes made of different materials and colors. The JSON provided contains information about all objects in the scene, including their name, 3D coordinates (represented as [X, Y, Z]), material (metal = shinny, rubber = matte), and other attributes. \nYour job is to analyze this information, find the object with a rotation of 266.7427062988281, use its attributes to identify which object in the image corresponds to that object, and retrieve its shape in the following format: {""answer"": ""SHAPE""}\nSelect your answer from the following options: cylinder, sphere, cone, or cube. Do not add any additional text to your answer, provide your answer always in the following format: {""answer"": ""SHAPE""}. \n\nUnderstanding the Coordinate System X, Y, Z:\n• X (Depth): Represents the depth relative to the camera. Smaller values indicate objects that are farther away.\n• Y (Horizontal Position): Represents the left-to-right position. A value of zero means the object is centered in the scene, negative values place the object to the left, and positive values to the right.\n• Z (Vertical Position): Represents the height of the object\'s center point. Larger values correspond to higher vertical positions.\n\nHere is the JSON containing details about all objects in the scene in the image:\n\n{""camera_location"": [9.915478112284436, 0, 5.34366512298584], ""objects"": [{""name"": ""Object_0"", ""size"": 0.7, ""material"": ""metal"", ""3d_coords"": [-0.3380178052039913, -2.483322091111213, 0.699999988079071], ""rotation"": 239.54417419433594, ""color"": ""blue""}, {""name"": ""Object_1"", ""size"": 0.351, ""material"": ""metal"", ""3d_coords"": [0.5312415383620793, 0.19042798748615572, 0.3499999940395355], ""rotation"": 177.96139526367188, ""color"": ""gray""}, {""name"": ""Object_2"", ""size"": 0.701, ""material"": ""metal"", ""3d_coords"": [0.1281794912912222, 2.9063478793575346, 0.699999988079071], ""rotation"": 188.2201690673828, ""color"": ""blue""}, {""name"": ""Object_3"", ""size"": 0.7, ""material"": ""rubber"", ""3d_coords"": [1.230897884748495, -1.1591846420722012, 0.699999988079071], ""rotation"": 231.28123474121094, ""color"": ""red""}, {""name"": ""Object_4"", ""size"": 0.351, ""material"": ""metal"", ""3d_coords"": [-1.1372918382544395, 2.3543588709491408, 0.3499999940395355], ""rotation"": 184.23097229003906, ""color"": ""cyan""}, {""name"": ""Object_5"", ""size"": 0.351, ""material"": ""metal"", ""3d_coords"": [1.6870485262144728, 1.4359277315031316, 0.3499999940395355], ""rotation"": 117.2706069946289, ""color"": ""yellow""}, {""name"": ""Object_6"", ""size"": 0.701, ""material"": ""metal"", ""3d_coords"": [-2.822109329598531, 0.94552631347138, 0.699999988079071], ""rotation"": 75.410400390625, ""color"": ""purple""}, {""name"": ""Object_7"", ""size"": 0.351, ""material"": ""metal"", ""3d_coords"": [-2.2777359416841203, -0.33507919623223203, 0.3499999940395355], ""rotation"": 266.7427062988281, ""color"": ""cyan""}]}\n\nWhat is the shape of the object with a rotation of 266.7427062988281?  ASSISTANT:\nassistant\n{""answer"": ""sphere""}']",sphere,"{""answer"": ""cube""}",8,"user
 USER:  
This image shows a minimalist arrangement of 3D geometric shapes made of different materials and colors. The JSON provided contains information about all objects in the scene, including their name, 3D coordinates (represented as [X, Y, Z]), material (metal = shinny, rubber = matte), and other attributes. 
Your job is to analyze this information, find the object with a rotation of 266.7427062988281, use its attributes to identify which object in the image corresponds to that object, and retrieve its shape in the following format: {""answer"": ""SHAPE""}
Select your answer from the following options: cylinder, sphere, cone, or cube. Do not add any additional text to your answer, provide your answer always in the following format: {""answer"": ""SHAPE""}. 

Understanding the Coordinate System X, Y, Z:
• X (Depth): Represents the depth relative to the camera. Smaller values indicate objects that are farther away.
• Y (Horizontal Position): Represents the left-to-right position. A value of zero means the object is centered in the scene, negative values place the object to the left, and positive values to the right.
• Z (Vertical Position): Represents the height of the object's center point. Larger values correspond to higher vertical positions.

Here is the JSON containing details about all objects in the scene in the image:

{""camera_location"": [9.915478112284436, 0, 5.34366512298584], ""objects"": [{""name"": ""Object_0"", ""size"": 0.7, ""material"": ""metal"", ""3d_coords"": [-0.3380178052039913, -2.483322091111213, 0.699999988079071], ""rotation"": 239.54417419433594, ""color"": ""blue""}, {""name"": ""Object_1"", ""size"": 0.351, ""material"": ""metal"", ""3d_coords"": [0.5312415383620793, 0.19042798748615572, 0.3499999940395355], ""rotation"": 177.96139526367188, ""color"": ""gray""}, {""name"": ""Object_2"", ""size"": 0.701, ""material"": ""metal"", ""3d_coords"": [0.1281794912912222, 2.9063478793575346, 0.699999988079071], ""rotation"": 188.2201690673828, ""color"": ""blue""}, {""name"": ""Object_3"", ""size"": 0.7, ""material"": ""rubber"", ""3d_coords"": [1.230897884748495, -1.1591846420722012, 0.699999988079071], ""rotation"": 231.28123474121094, ""color"": ""red""}, {""name"": ""Object_4"", ""size"": 0.351, ""material"": ""metal"", ""3d_coords"": [-1.1372918382544395, 2.3543588709491408, 0.3499999940395355], ""rotation"": 184.23097229003906, ""color"": ""cyan""}, {""name"": ""Object_5"", ""size"": 0.351, ""material"": ""metal"", ""3d_coords"": [1.6870485262144728, 1.4359277315031316, 0.3499999940395355], ""rotation"": 117.2706069946289, ""color"": ""yellow""}, {""name"": ""Object_6"", ""size"": 0.701, ""material"": ""metal"", ""3d_coords"": [-2.822109329598531, 0.94552631347138, 0.699999988079071], ""rotation"": 75.410400390625, ""color"": ""purple""}, {""name"": ""Object_7"", ""size"": 0.351, ""material"": ""metal"", ""3d_coords"": [-2.2777359416841203, -0.33507919623223203, 0.3499999940395355], ""rotation"": 266.7427062988281, ""color"": ""cyan""}]}

What is the shape of the object with a rotation of 266.7427062988281?  ASSISTANT:
assistant
{""answer"": ""cube""}",cube,"{""answer"": ""cube""}",8
5,19.93528,30.34346,33.82209,33.01134,33.48922,32.60727,31.885948,32.018635,31.65575,32.983124,32.927204,33.910137,34.970715,36.47245,36.590607,38.09759,39.241447,38.583103,39.298943,40.557903,39.507442,40.431408,41.239353,39.772118,39.343307,38.17892,38.95086,39.326313,39.355278,39.324795,38.417637,37.046646,38.4282,41.086052,43.96022,44.170647,49.992424,Img tokens,1143,1558,"['user\n USER:  \nThis image shows a minimalist arrangement of 3D geometric shapes made of different materials and colors. The JSON provided contains information about all objects in the scene, including their name, 3D coordinates (represented as [X, Y, Z]), material (metal = shinny, rubber = matte), and other attributes. \nYour job is to analyze this information, find the object with a size of 0.701, use its attributes to identify which object in the image corresponds to that object, and retrieve its shape in the following format: {""answer"": ""SHAPE""}\nSelect your answer from the following options: cylinder, sphere, cone, or cube. Do not add any additional text to your answer, provide your answer always in the following format: {""answer"": ""SHAPE""}. \n\nUnderstanding the Coordinate System X, Y, Z:\n• X (Depth): Represents the depth relative to the camera. Smaller values indicate objects that are farther away.\n• Y (Horizontal Position): Represents the left-to-right position. A value of zero means the object is centered in the scene, negative values place the object to the left, and positive values to the right.\n• Z (Vertical Position): Represents the height of the object\'s center point. Larger values correspond to higher vertical positions.\n\nHere is the JSON containing details about all objects in the scene in the image:\n\n{""camera_location"": [9.915478112284436, 0, 5.34366512298584], ""objects"": [{""name"": ""Object_0"", ""size"": 0.7, ""material"": ""rubber"", ""3d_coords"": [-1.8287743121011344, 0.9630842804711663, 0.699999988079071], ""rotation"": 44.579105377197266, ""color"": ""cyan""}, {""name"": ""Object_1"", ""size"": 0.351, ""material"": ""rubber"", ""3d_coords"": [0.7234988567325598, -1.4373095209071598, 0.3499999940395355], ""rotation"": 81.98535919189453, ""color"": ""purple""}, {""name"": ""Object_2"", ""size"": 0.701, ""material"": ""metal"", ""3d_coords"": [1.7988713982083362, 2.050012565814665, 0.699999988079071], ""rotation"": 64.80811309814453, ""color"": ""yellow""}, {""name"": ""Object_3"", ""size"": 0.351, ""material"": ""rubber"", ""3d_coords"": [1.3952332136843588, -0.18657051697186045, 0.3499999940395355], ""rotation"": 196.43255615234375, ""color"": ""red""}]}\n\nWhat is the shape of the object with a size of 0.701?  ASSISTANT:\nassistant\n{""answer"": ""cone""}']",cone,"{""answer"": ""cone""}",4,"user
 USER:  
This image shows a minimalist arrangement of 3D geometric shapes made of different materials and colors. The JSON provided contains information about all objects in the scene, including their name, 3D coordinates (represented as [X, Y, Z]), material (metal = shinny, rubber = matte), and other attributes. 
Your job is to analyze this information, find the object with a size of 0.701, use its attributes to identify which object in the image corresponds to that object, and retrieve its shape in the following format: {""answer"": ""SHAPE""}
Select your answer from the following options: cylinder, sphere, cone, or cube. Do not add any additional text to your answer, provide your answer always in the following format: {""answer"": ""SHAPE""}. 

Understanding the Coordinate System X, Y, Z:
• X (Depth): Represents the depth relative to the camera. Smaller values indicate objects that are farther away.
• Y (Horizontal Position): Represents the left-to-right position. A value of zero means the object is centered in the scene, negative values place the object to the left, and positive values to the right.
• Z (Vertical Position): Represents the height of the object's center point. Larger values correspond to higher vertical positions.

Here is the JSON containing details about all objects in the scene in the image:

{""camera_location"": [9.915478112284436, 0, 5.34366512298584], ""objects"": [{""name"": ""Object_0"", ""size"": 0.7, ""material"": ""rubber"", ""3d_coords"": [-1.8287743121011344, 0.9630842804711663, 0.699999988079071], ""rotation"": 44.579105377197266, ""color"": ""cyan""}, {""name"": ""Object_1"", ""size"": 0.351, ""material"": ""rubber"", ""3d_coords"": [0.7234988567325598, -1.4373095209071598, 0.3499999940395355], ""rotation"": 81.98535919189453, ""color"": ""purple""}, {""name"": ""Object_2"", ""size"": 0.701, ""material"": ""metal"", ""3d_coords"": [1.7988713982083362, 2.050012565814665, 0.699999988079071], ""rotation"": 64.80811309814453, ""color"": ""yellow""}, {""name"": ""Object_3"", ""size"": 0.351, ""material"": ""rubber"", ""3d_coords"": [1.3952332136843588, -0.18657051697186045, 0.3499999940395355], ""rotation"": 196.43255615234375, ""color"": ""red""}]}

What is the shape of the object with a size of 0.701?  ASSISTANT:
assistant
{""answer"": ""cube""}",cube,"{""answer"": ""cone""}",4
6,21.010298,30.535248,34.843327,33.468887,33.93879,33.100426,32.496605,32.680607,32.47954,33.41324,33.098232,33.811787,34.45275,36.022373,35.83129,37.275665,38.69531,38.038624,38.785698,40.515854,39.52228,40.80249,41.60192,40.253273,39.908886,38.293224,39.032967,39.60799,39.297485,39.386604,38.83869,36.965794,39.368126,41.294926,43.8924,43.470097,51.119057,Img tokens,839,1154,"['user\n USER:  \nThis image shows a minimalist arrangement of 3D geometric shapes made of different materials and colors. The JSON provided contains information about all objects in the scene, including their name, 3D coordinates (represented as [X, Y, Z]), material (metal = shinny, rubber = matte), and other attributes. \nYour job is to analyze this information, find the object with a rotation of 25.02638816833496, use its attributes to identify which object in the image corresponds to that object, and retrieve its shape in the following format: {""answer"": ""SHAPE""}\nSelect your answer from the following options: cylinder, sphere, cone, or cube. Do not add any additional text to your answer, provide your answer always in the following format: {""answer"": ""SHAPE""}. \n\nUnderstanding the Coordinate System X, Y, Z:\n• X (Depth): Represents the depth relative to the camera. Smaller values indicate objects that are farther away.\n• Y (Horizontal Position): Represents the left-to-right position. A value of zero means the object is centered in the scene, negative values place the object to the left, and positive values to the right.\n• Z (Vertical Position): Represents the height of the object\'s center point. Larger values correspond to higher vertical positions.\n\nHere is the JSON containing details about all objects in the scene in the image:\n\n{""camera_location"": [9.915478112284436, 0, 5.34366512298584], ""objects"": [{""name"": ""Object_0"", ""size"": 0.351, ""material"": ""rubber"", ""3d_coords"": [-0.7688406121808127, 0.2578378438427226, 0.3499999940395355], ""rotation"": 25.02638816833496, ""color"": ""red""}, {""name"": ""Object_1"", ""size"": 0.351, ""material"": ""rubber"", ""3d_coords"": [-0.28359972572667824, 1.7809464408694078, 0.3499999940395355], ""rotation"": 1.1826918125152588, ""color"": ""red""}, {""name"": ""Object_2"", ""size"": 0.701, ""material"": ""rubber"", ""3d_coords"": [1.5589756765256029, 2.4842512511159267, 0.699999988079071], ""rotation"": 151.97024536132812, ""color"": ""blue""}, {""name"": ""Object_3"", ""size"": 0.7, ""material"": ""metal"", ""3d_coords"": [2.793549618900461, -0.750153045601017, 0.699999988079071], ""rotation"": 267.00469970703125, ""color"": ""yellow""}, {""name"": ""Object_4"", ""size"": 0.7, ""material"": ""metal"", ""3d_coords"": [-2.8544007779019, -0.22235948344020784, 0.699999988079071], ""rotation"": 275.3589172363281, ""color"": ""cyan""}]}\n\nWhat is the shape of the object with a rotation of 25.02638816833496?  ASSISTANT:\nassistant\n{""answer"": ""sphere""}']",sphere,"{""answer"": ""sphere""}",5,"user
 USER:  
This image shows a minimalist arrangement of 3D geometric shapes made of different materials and colors. The JSON provided contains information about all objects in the scene, including their name, 3D coordinates (represented as [X, Y, Z]), material (metal = shinny, rubber = matte), and other attributes. 
Your job is to analyze this information, find the object with a rotation of 25.02638816833496, use its attributes to identify which object in the image corresponds to that object, and retrieve its shape in the following format: {""answer"": ""SHAPE""}
Select your answer from the following options: cylinder, sphere, cone, or cube. Do not add any additional text to your answer, provide your answer always in the following format: {""answer"": ""SHAPE""}. 

Understanding the Coordinate System X, Y, Z:
• X (Depth): Represents the depth relative to the camera. Smaller values indicate objects that are farther away.
• Y (Horizontal Position): Represents the left-to-right position. A value of zero means the object is centered in the scene, negative values place the object to the left, and positive values to the right.
• Z (Vertical Position): Represents the height of the object's center point. Larger values correspond to higher vertical positions.

Here is the JSON containing details about all objects in the scene in the image:

{""camera_location"": [9.915478112284436, 0, 5.34366512298584], ""objects"": [{""name"": ""Object_0"", ""size"": 0.351, ""material"": ""rubber"", ""3d_coords"": [-0.7688406121808127, 0.2578378438427226, 0.3499999940395355], ""rotation"": 25.02638816833496, ""color"": ""red""}, {""name"": ""Object_1"", ""size"": 0.351, ""material"": ""rubber"", ""3d_coords"": [-0.28359972572667824, 1.7809464408694078, 0.3499999940395355], ""rotation"": 1.1826918125152588, ""color"": ""red""}, {""name"": ""Object_2"", ""size"": 0.701, ""material"": ""rubber"", ""3d_coords"": [1.5589756765256029, 2.4842512511159267, 0.699999988079071], ""rotation"": 151.97024536132812, ""color"": ""blue""}, {""name"": ""Object_3"", ""size"": 0.7, ""material"": ""metal"", ""3d_coords"": [2.793549618900461, -0.750153045601017, 0.699999988079071], ""rotation"": 267.00469970703125, ""color"": ""yellow""}, {""name"": ""Object_4"", ""size"": 0.7, ""material"": ""metal"", ""3d_coords"": [-2.8544007779019, -0.22235948344020784, 0.699999988079071], ""rotation"": 275.3589172363281, ""color"": ""cyan""}]}

What is the shape of the object with a rotation of 25.02638816833496?  ASSISTANT:
assistant
{""answer"": ""cylinder""}",cylinder,"{""answer"": ""sphere""}",5
7,20.507832,30.6786,35.734478,34.734432,35.163765,34.448303,33.787483,33.993668,33.627964,34.617077,34.22792,34.744705,35.290764,36.927685,36.709908,37.96005,39.09586,38.491554,39.1061,40.343258,39.24708,40.059525,40.84582,39.20167,38.51619,37.820274,38.500732,38.83914,38.68606,38.740402,38.40279,37.13678,39.11375,41.211834,43.666252,43.782455,49.662403,Img tokens,712,981,"['user\n USER:  \nThis image shows a minimalist arrangement of 3D geometric shapes made of different materials and colors. The JSON provided contains information about all objects in the scene, including their name, 3D coordinates (represented as [X, Y, Z]), material (metal = shinny, rubber = matte), and other attributes. \nYour job is to analyze this information, find the object with a rotation of 232.12574768066406, use its attributes to identify which object in the image corresponds to that object, and retrieve its color in the following format: {""answer"": ""COLOR""}\nSelect your answer from the following options: gray, red, blue, green, brown, purple, cyan, or yellow. Do not add any additional text to your answer, provide your answer always in the following format: {""answer"": ""COLOR""}. \n\nUnderstanding the Coordinate System X, Y, Z:\n• X (Depth): Represents the depth relative to the camera. Smaller values indicate objects that are farther away.\n• Y (Horizontal Position): Represents the left-to-right position. A value of zero means the object is centered in the scene, negative values place the object to the left, and positive values to the right.\n• Z (Vertical Position): Represents the height of the object\'s center point. Larger values correspond to higher vertical positions.\n\nHere is the JSON containing details about all objects in the scene in the image:\n\n{""camera_location"": [9.915478112284436, 0, 5.34366512298584], ""objects"": [{""name"": ""Object_0"", ""shape"": ""cylinder"", ""size"": 0.351, ""material"": ""rubber"", ""3d_coords"": [-2.3552189178942275, 1.5669382954008868, 0.3499999940395355], ""rotation"": 142.60064697265625}, {""name"": ""Object_1"", ""shape"": ""cube"", ""size"": 0.351, ""material"": ""rubber"", ""3d_coords"": [3.657640995446757, -0.1797719977988197, 0.3499999940395355], ""rotation"": 87.7704086303711}, {""name"": ""Object_2"", ""shape"": ""cone"", ""size"": 0.351, ""material"": ""metal"", ""3d_coords"": [-0.3371564845738526, 2.8053122648321462, 0.3499999940395355], ""rotation"": 23.406627655029297}, {""name"": ""Object_3"", ""shape"": ""sphere"", ""size"": 0.351, ""material"": ""rubber"", ""3d_coords"": [0.7765062641414797, -1.8289825434107936, 0.3499999940395355], ""rotation"": 232.12574768066406}]}\n\nWhat is the color of the object with a rotation of 232.12574768066406?  ASSISTANT:\nassistant\n{""answer"": ""brown""}']",brown,"{""answer"": ""brown""}",4,"user
 USER:  
This image shows a minimalist arrangement of 3D geometric shapes made of different materials and colors. The JSON provided contains information about all objects in the scene, including their name, 3D coordinates (represented as [X, Y, Z]), material (metal = shinny, rubber = matte), and other attributes. 
Your job is to analyze this information, find the object with a rotation of 232.12574768066406, use its attributes to identify which object in the image corresponds to that object, and retrieve its color in the following format: {""answer"": ""COLOR""}
Select your answer from the following options: gray, red, blue, green, brown, purple, cyan, or yellow. Do not add any additional text to your answer, provide your answer always in the following format: {""answer"": ""COLOR""}. 

Understanding the Coordinate System X, Y, Z:
• X (Depth): Represents the depth relative to the camera. Smaller values indicate objects that are farther away.
• Y (Horizontal Position): Represents the left-to-right position. A value of zero means the object is centered in the scene, negative values place the object to the left, and positive values to the right.
• Z (Vertical Position): Represents the height of the object's center point. Larger values correspond to higher vertical positions.

Here is the JSON containing details about all objects in the scene in the image:

{""camera_location"": [9.915478112284436, 0, 5.34366512298584], ""objects"": [{""name"": ""Object_0"", ""shape"": ""cylinder"", ""size"": 0.351, ""material"": ""rubber"", ""3d_coords"": [-2.3552189178942275, 1.5669382954008868, 0.3499999940395355], ""rotation"": 142.60064697265625}, {""name"": ""Object_1"", ""shape"": ""cube"", ""size"": 0.351, ""material"": ""rubber"", ""3d_coords"": [3.657640995446757, -0.1797719977988197, 0.3499999940395355], ""rotation"": 87.7704086303711}, {""name"": ""Object_2"", ""shape"": ""cone"", ""size"": 0.351, ""material"": ""metal"", ""3d_coords"": [-0.3371564845738526, 2.8053122648321462, 0.3499999940395355], ""rotation"": 23.406627655029297}, {""name"": ""Object_3"", ""shape"": ""sphere"", ""size"": 0.351, ""material"": ""rubber"", ""3d_coords"": [0.7765062641414797, -1.8289825434107936, 0.3499999940395355], ""rotation"": 232.12574768066406}]}

What is the color of the object with a rotation of 232.12574768066406?  ASSISTANT:
assistant
{""answer"": ""gray""}",gray,"{""answer"": ""brown""}",4
8,23.04157,33.802345,37.694466,36.911034,37.249626,36.246418,35.397118,35.28633,34.858017,35.8809,35.478233,36.147797,36.90732,38.244366,37.96649,39.096848,39.996872,39.34887,39.958023,41.27936,40.138054,41.070282,42.044308,40.129463,40.08669,39.203793,39.689484,40.42971,40.368683,40.353073,40.63021,38.256916,40.737736,43.21066,45.61758,44.570553,51.025734,Img tokens,3456,4589,"['user\n USER:  \nThis image shows a minimalist arrangement of 3D geometric shapes made of different materials and colors. The JSON provided contains information about all objects in the scene, including their name, 3D coordinates (represented as [X, Y, Z]), material (metal = shinny, rubber = matte), and other attributes. \nYour job is to analyze this information, find the object with a size of 0.7, use its attributes to identify which object in the image corresponds to that object, and retrieve its color in the following format: {""answer"": ""COLOR""}\nSelect your answer from the following options: gray, red, blue, green, brown, purple, cyan, or yellow. Do not add any additional text to your answer, provide your answer always in the following format: {""answer"": ""COLOR""}. \n\nUnderstanding the Coordinate System X, Y, Z:\n• X (Depth): Represents the depth relative to the camera. Smaller values indicate objects that are farther away.\n• Y (Horizontal Position): Represents the left-to-right position. A value of zero means the object is centered in the scene, negative values place the object to the left, and positive values to the right.\n• Z (Vertical Position): Represents the height of the object\'s center point. Larger values correspond to higher vertical positions.\n\nHere is the JSON containing details about all objects in the scene in the image:\n\n{""camera_location"": [9.915478112284436, 0, 5.34366512298584], ""objects"": [{""name"": ""Object_0"", ""shape"": ""cylinder"", ""size"": 0.351, ""material"": ""rubber"", ""3d_coords"": [-3.446815868707599, 0.49101349714508413, 0.3499999940395355], ""rotation"": 276.2140808105469}, {""name"": ""Object_1"", ""shape"": ""cube"", ""size"": 0.351, ""material"": ""rubber"", ""3d_coords"": [0.08797373323654215, -0.587972585849492, 0.3499999940395355], ""rotation"": 244.6030731201172}, {""name"": ""Object_2"", ""shape"": ""cube"", ""size"": 0.351, ""material"": ""metal"", ""3d_coords"": [1.8430990976848145, 0.9086803791781174, 0.3499999940395355], ""rotation"": 252.8525848388672}, {""name"": ""Object_3"", ""shape"": ""cube"", ""size"": 0.701, ""material"": ""metal"", ""3d_coords"": [-0.3911008323149323, 3.2310678358222127, 0.699999988079071], ""rotation"": 61.00957489013672}, {""name"": ""Object_4"", ""shape"": ""cone"", ""size"": 0.7, ""material"": ""rubber"", ""3d_coords"": [-2.0973957199323965, -1.8260851007782561, 0.699999988079071], ""rotation"": 26.510316848754883}, {""name"": ""Object_5"", ""shape"": ""sphere"", ""size"": 0.351, ""material"": ""metal"", ""3d_coords"": [0.494945610865555, -2.829583241246721, 0.3499999940395355], ""rotation"": 275.87396240234375}]}\n\nWhat is the color of the object with a size of 0.7?  ASSISTANT:\nassistant\n{""answer"": ""green""}']",green,"{""answer"": ""green""}",6,"user
 USER:  
This image shows a minimalist arrangement of 3D geometric shapes made of different materials and colors. The JSON provided contains information about all objects in the scene, including their name, 3D coordinates (represented as [X, Y, Z]), material (metal = shinny, rubber = matte), and other attributes. 
Your job is to analyze this information, find the object with a size of 0.7, use its attributes to identify which object in the image corresponds to that object, and retrieve its color in the following format: {""answer"": ""COLOR""}
Select your answer from the following options: gray, red, blue, green, brown, purple, cyan, or yellow. Do not add any additional text to your answer, provide your answer always in the following format: {""answer"": ""COLOR""}. 

Understanding the Coordinate System X, Y, Z:
• X (Depth): Represents the depth relative to the camera. Smaller values indicate objects that are farther away.
• Y (Horizontal Position): Represents the left-to-right position. A value of zero means the object is centered in the scene, negative values place the object to the left, and positive values to the right.
• Z (Vertical Position): Represents the height of the object's center point. Larger values correspond to higher vertical positions.

Here is the JSON containing details about all objects in the scene in the image:

{""camera_location"": [9.915478112284436, 0, 5.34366512298584], ""objects"": [{""name"": ""Object_0"", ""shape"": ""cylinder"", ""size"": 0.351, ""material"": ""rubber"", ""3d_coords"": [-3.446815868707599, 0.49101349714508413, 0.3499999940395355], ""rotation"": 276.2140808105469}, {""name"": ""Object_1"", ""shape"": ""cube"", ""size"": 0.351, ""material"": ""rubber"", ""3d_coords"": [0.08797373323654215, -0.587972585849492, 0.3499999940395355], ""rotation"": 244.6030731201172}, {""name"": ""Object_2"", ""shape"": ""cube"", ""size"": 0.351, ""material"": ""metal"", ""3d_coords"": [1.8430990976848145, 0.9086803791781174, 0.3499999940395355], ""rotation"": 252.8525848388672}, {""name"": ""Object_3"", ""shape"": ""cube"", ""size"": 0.701, ""material"": ""metal"", ""3d_coords"": [-0.3911008323149323, 3.2310678358222127, 0.699999988079071], ""rotation"": 61.00957489013672}, {""name"": ""Object_4"", ""shape"": ""cone"", ""size"": 0.7, ""material"": ""rubber"", ""3d_coords"": [-2.0973957199323965, -1.8260851007782561, 0.699999988079071], ""rotation"": 26.510316848754883}, {""name"": ""Object_5"", ""shape"": ""sphere"", ""size"": 0.351, ""material"": ""metal"", ""3d_coords"": [0.494945610865555, -2.829583241246721, 0.3499999940395355], ""rotation"": 275.87396240234375}]}

What is the color of the object with a size of 0.7?  ASSISTANT:
assistant
{""answer"": ""red""}",red,"{""answer"": ""green""}",6
9,20.004,30.132057,33.438324,32.192425,32.649776,31.751034,31.122265,31.54348,31.261755,33.065956,32.953766,34.35529,35.7969,37.76978,37.922184,39.22102,40.203056,39.701862,40.393417,41.660877,40.360935,41.340336,41.944866,40.366337,40.376633,38.880585,39.75613,40.110817,39.967983,40.13332,40.382294,38.245033,39.685776,42.131466,44.80904,44.201603,51.481533,Img tokens,260,370,"['user\n USER:  \nThis image shows a minimalist arrangement of 3D geometric shapes made of different materials and colors. The JSON provided contains information about all objects in the scene, including their name, 3D coordinates (represented as [X, Y, Z]), material (metal = shinny, rubber = matte), and other attributes. \nYour job is to identify the purple colored object in the image, match its attributes to identify which of the objects mentioned in the JSON corresponds to that object, and determine its rotation in the following format: {""answer"": ""ROTATION""}\nDo not add any additional text to your answer, provide your answer always in the following format: {""answer"": ""ROTATION""}. \n\nUnderstanding the Coordinate System X, Y, Z:\n• X (Depth): Represents the depth relative to the camera. Smaller values indicate objects that are farther away.\n• Y (Horizontal Position): Represents the left-to-right position. A value of zero means the object is centered in the scene, negative values place the object to the left, and positive values to the right.\n• Z (Vertical Position): Represents the height of the object\'s center point. Larger values correspond to higher vertical positions.\n\nHere is the JSON containing details about all objects in the scene in the image:\n\n{""camera_location"": [9.915478112284436, 0, 5.34366512298584], ""objects"": [{""name"": ""Object_0"", ""shape"": ""cylinder"", ""size"": 0.7, ""material"": ""metal"", ""3d_coords"": [-1.591942043143291, -1.2496840973818253, 0.699999988079071], ""rotation"": 312.8865966796875}, {""name"": ""Object_1"", ""shape"": ""cube"", ""size"": 0.7, ""material"": ""metal"", ""3d_coords"": [0.9189972099466277, 0.02540872099204111, 0.699999988079071], ""rotation"": 270.5379943847656}, {""name"": ""Object_2"", ""shape"": ""cone"", ""size"": 0.351, ""material"": ""metal"", ""3d_coords"": [0.21770528477874906, 1.6116442638476218, 0.3499999940395355], ""rotation"": 218.63015747070312}, {""name"": ""Object_3"", ""shape"": ""cube"", ""size"": 0.351, ""material"": ""rubber"", ""3d_coords"": [2.711817340900719, 1.0510211384077992, 0.3499999940395355], ""rotation"": 209.48934936523438}, {""name"": ""Object_4"", ""shape"": ""sphere"", ""size"": 0.351, ""material"": ""rubber"", ""3d_coords"": [-4.006284979065889, 0.4837366025901044, 0.3499999940395355], ""rotation"": 182.2911376953125}]}\n\nWhat is the rotation value of the purple colored object?  ASSISTANT:\nassistant\n{""answer"": ""182.2911376953125""}']",182.2911376953125,"{""answer"": 182.2911376953125}",5,"user
 USER:  
This image shows a minimalist arrangement of 3D geometric shapes made of different materials and colors. The JSON provided contains information about all objects in the scene, including their name, 3D coordinates (represented as [X, Y, Z]), material (metal = shinny, rubber = matte), and other attributes. 
Your job is to identify the purple colored object in the image, match its attributes to identify which of the objects mentioned in the JSON corresponds to that object, and determine its rotation in the following format: {""answer"": ""ROTATION""}
Do not add any additional text to your answer, provide your answer always in the following format: {""answer"": ""ROTATION""}. 

Understanding the Coordinate System X, Y, Z:
• X (Depth): Represents the depth relative to the camera. Smaller values indicate objects that are farther away.
• Y (Horizontal Position): Represents the left-to-right position. A value of zero means the object is centered in the scene, negative values place the object to the left, and positive values to the right.
• Z (Vertical Position): Represents the height of the object's center point. Larger values correspond to higher vertical positions.

Here is the JSON containing details about all objects in the scene in the image:

{""camera_location"": [9.915478112284436, 0, 5.34366512298584], ""objects"": [{""name"": ""Object_0"", ""shape"": ""cylinder"", ""size"": 0.7, ""material"": ""metal"", ""3d_coords"": [-1.591942043143291, -1.2496840973818253, 0.699999988079071], ""rotation"": 312.8865966796875}, {""name"": ""Object_1"", ""shape"": ""cube"", ""size"": 0.7, ""material"": ""metal"", ""3d_coords"": [0.9189972099466277, 0.02540872099204111, 0.699999988079071], ""rotation"": 270.5379943847656}, {""name"": ""Object_2"", ""shape"": ""cone"", ""size"": 0.351, ""material"": ""metal"", ""3d_coords"": [0.21770528477874906, 1.6116442638476218, 0.3499999940395355], ""rotation"": 218.63015747070312}, {""name"": ""Object_3"", ""shape"": ""cube"", ""size"": 0.351, ""material"": ""rubber"", ""3d_coords"": [2.711817340900719, 1.0510211384077992, 0.3499999940395355], ""rotation"": 209.48934936523438}, {""name"": ""Object_4"", ""shape"": ""sphere"", ""size"": 0.351, ""material"": ""rubber"", ""3d_coords"": [-4.006284979065889, 0.4837366025901044, 0.3499999940395355], ""rotation"": 182.2911376953125}]}

What is the rotation value of the purple colored object?  ASSISTANT:
assistant
{""answer"": ""209.48934936523438""}",209.48934936523438,"{""answer"": 182.2911376953125}",5
10,22.689938,32.371254,37.921124,37.19029,37.731556,36.93178,36.427475,36.453922,36.49837,37.824444,37.454967,37.945686,38.527935,39.719078,39.1755,40.018543,40.812202,40.146084,40.621174,41.577892,41.087982,41.900936,42.880753,41.031673,40.95373,39.96374,40.24112,41.01891,41.033676,41.32496,40.945213,38.997192,40.566395,43.379765,46.41224,46.259735,53.985237,Img tokens,244,346,"['user\n USER:  \nThis image shows a minimalist arrangement of 3D geometric shapes made of different materials and colors. The JSON provided contains information about all objects in the scene, including their name, 3D coordinates (represented as [X, Y, Z]), material (metal = shinny, rubber = matte), and other attributes. \nYour job is to analyze this information, find the object with a rotation of 165.31961059570312, use its attributes to identify which object in the image corresponds to that object, and retrieve its color in the following format: {""answer"": ""COLOR""}\nSelect your answer from the following options: gray, red, blue, green, brown, purple, cyan, or yellow. Do not add any additional text to your answer, provide your answer always in the following format: {""answer"": ""COLOR""}. \n\nUnderstanding the Coordinate System X, Y, Z:\n• X (Depth): Represents the depth relative to the camera. Smaller values indicate objects that are farther away.\n• Y (Horizontal Position): Represents the left-to-right position. A value of zero means the object is centered in the scene, negative values place the object to the left, and positive values to the right.\n• Z (Vertical Position): Represents the height of the object\'s center point. Larger values correspond to higher vertical positions.\n\nHere is the JSON containing details about all objects in the scene in the image:\n\n{""camera_location"": [9.915478112284436, 0, 5.34366512298584], ""objects"": [{""name"": ""Object_0"", ""shape"": ""cylinder"", ""size"": 0.7, ""material"": ""rubber"", ""3d_coords"": [-0.5963509222103384, 0.8555032788134402, 0.699999988079071], ""rotation"": 132.22984313964844}, {""name"": ""Object_1"", ""shape"": ""cube"", ""size"": 0.351, ""material"": ""metal"", ""3d_coords"": [1.9596953268473278, 1.6035558370661513, 0.3499999940395355], ""rotation"": 236.74391174316406}, {""name"": ""Object_2"", ""shape"": ""sphere"", ""size"": 0.351, ""material"": ""metal"", ""3d_coords"": [-0.09404706331348178, -3.6358951907994457, 0.3499999940395355], ""rotation"": 182.56710815429688}, {""name"": ""Object_3"", ""shape"": ""cube"", ""size"": 0.7, ""material"": ""rubber"", ""3d_coords"": [3.572088971725676, -0.8319100495066869, 0.699999988079071], ""rotation"": 165.31961059570312}, {""name"": ""Object_4"", ""shape"": ""cylinder"", ""size"": 0.351, ""material"": ""rubber"", ""3d_coords"": [-1.6291685567126233, -2.4808526061745293, 0.3499999940395355], ""rotation"": 338.7406005859375}, {""name"": ""Object_5"", ""shape"": ""cube"", ""size"": 0.351, ""material"": ""metal"", ""3d_coords"": [-2.919907584340635, 0.28883501029226144, 0.3499999940395355], ""rotation"": 122.74473571777344}, {""name"": ""Object_6"", ""shape"": ""cone"", ""size"": 0.7, ""material"": ""metal"", ""3d_coords"": [0.9624861426391786, 3.320220364933027, 0.699999988079071], ""rotation"": 126.17110443115234}, {""name"": ""Object_7"", ""shape"": ""cylinder"", ""size"": 0.7, ""material"": ""rubber"", ""3d_coords"": [0.32033794700094187, -1.304318842496162, 0.699999988079071], ""rotation"": 256.7774658203125}, {""name"": ""Object_8"", ""shape"": ""cylinder"", ""size"": 0.351, ""material"": ""metal"", ""3d_coords"": [1.558059913609951, -1.9835437383531422, 0.3499999940395355], ""rotation"": 354.0904846191406}, {""name"": ""Object_9"", ""shape"": ""cylinder"", ""size"": 0.351, ""material"": ""metal"", ""3d_coords"": [-1.1460673783001005, 2.8807531222174294, 0.3499999940395355], ""rotation"": 32.034080505371094}]}\n\nWhat is the color of the object with a rotation of 165.31961059570312?  ASSISTANT:\nassistant\n{""answer"": ""gray""}']",gray,"{""answer"": ""blue""}",10,"user
 USER:  
This image shows a minimalist arrangement of 3D geometric shapes made of different materials and colors. The JSON provided contains information about all objects in the scene, including their name, 3D coordinates (represented as [X, Y, Z]), material (metal = shinny, rubber = matte), and other attributes. 
Your job is to analyze this information, find the object with a rotation of 165.31961059570312, use its attributes to identify which object in the image corresponds to that object, and retrieve its color in the following format: {""answer"": ""COLOR""}
Select your answer from the following options: gray, red, blue, green, brown, purple, cyan, or yellow. Do not add any additional text to your answer, provide your answer always in the following format: {""answer"": ""COLOR""}. 

Understanding the Coordinate System X, Y, Z:
• X (Depth): Represents the depth relative to the camera. Smaller values indicate objects that are farther away.
• Y (Horizontal Position): Represents the left-to-right position. A value of zero means the object is centered in the scene, negative values place the object to the left, and positive values to the right.
• Z (Vertical Position): Represents the height of the object's center point. Larger values correspond to higher vertical positions.

Here is the JSON containing details about all objects in the scene in the image:

{""camera_location"": [9.915478112284436, 0, 5.34366512298584], ""objects"": [{""name"": ""Object_0"", ""shape"": ""cylinder"", ""size"": 0.7, ""material"": ""rubber"", ""3d_coords"": [-0.5963509222103384, 0.8555032788134402, 0.699999988079071], ""rotation"": 132.22984313964844}, {""name"": ""Object_1"", ""shape"": ""cube"", ""size"": 0.351, ""material"": ""metal"", ""3d_coords"": [1.9596953268473278, 1.6035558370661513, 0.3499999940395355], ""rotation"": 236.74391174316406}, {""name"": ""Object_2"", ""shape"": ""sphere"", ""size"": 0.351, ""material"": ""metal"", ""3d_coords"": [-0.09404706331348178, -3.6358951907994457, 0.3499999940395355], ""rotation"": 182.56710815429688}, {""name"": ""Object_3"", ""shape"": ""cube"", ""size"": 0.7, ""material"": ""rubber"", ""3d_coords"": [3.572088971725676, -0.8319100495066869, 0.699999988079071], ""rotation"": 165.31961059570312}, {""name"": ""Object_4"", ""shape"": ""cylinder"", ""size"": 0.351, ""material"": ""rubber"", ""3d_coords"": [-1.6291685567126233, -2.4808526061745293, 0.3499999940395355], ""rotation"": 338.7406005859375}, {""name"": ""Object_5"", ""shape"": ""cube"", ""size"": 0.351, ""material"": ""metal"", ""3d_coords"": [-2.919907584340635, 0.28883501029226144, 0.3499999940395355], ""rotation"": 122.74473571777344}, {""name"": ""Object_6"", ""shape"": ""cone"", ""size"": 0.7, ""material"": ""metal"", ""3d_coords"": [0.9624861426391786, 3.320220364933027, 0.699999988079071], ""rotation"": 126.17110443115234}, {""name"": ""Object_7"", ""shape"": ""cylinder"", ""size"": 0.7, ""material"": ""rubber"", ""3d_coords"": [0.32033794700094187, -1.304318842496162, 0.699999988079071], ""rotation"": 256.7774658203125}, {""name"": ""Object_8"", ""shape"": ""cylinder"", ""size"": 0.351, ""material"": ""metal"", ""3d_coords"": [1.558059913609951, -1.9835437383531422, 0.3499999940395355], ""rotation"": 354.0904846191406}, {""name"": ""Object_9"", ""shape"": ""cylinder"", ""size"": 0.351, ""material"": ""metal"", ""3d_coords"": [-1.1460673783001005, 2.8807531222174294, 0.3499999940395355], ""rotation"": 32.034080505371094}]}

What is the color of the object with a rotation of 165.31961059570312?  ASSISTANT:
assistant
{""answer"": ""red""}",red,"{""answer"": ""blue""}",10
11,20.750996,30.658085,34.469006,33.80506,34.342957,33.393223,32.553616,32.622417,32.33273,33.233185,33.13319,33.82204,35.015987,36.578926,36.997093,38.31532,39.940193,39.363583,40.11764,41.283665,40.28471,41.321724,42.453434,40.69957,40.381104,38.94698,39.690315,40.23192,40.027428,40.36156,40.004826,37.931232,39.72312,42.182625,44.67021,44.450233,51.300484,Img tokens,767,1052,"['user\n USER:  \nThis image shows a minimalist arrangement of 3D geometric shapes made of different materials and colors. The JSON provided contains information about all objects in the scene, including their name, 3D coordinates (represented as [X, Y, Z]), material (metal = shinny, rubber = matte), and other attributes. \nYour job is to identify the green colored object in the image, match its attributes to identify which of the objects mentioned in the JSON corresponds to that object, and determine its name in the following format: {""answer"": ""NAME""}\nDo not add any additional text to your answer, provide your answer always in the following format: {""answer"": ""NAME""}. \n\nUnderstanding the Coordinate System X, Y, Z:\n• X (Depth): Represents the depth relative to the camera. Smaller values indicate objects that are farther away.\n• Y (Horizontal Position): Represents the left-to-right position. A value of zero means the object is centered in the scene, negative values place the object to the left, and positive values to the right.\n• Z (Vertical Position): Represents the height of the object\'s center point. Larger values correspond to higher vertical positions.\n\nHere is the JSON containing details about all objects in the scene in the image:\n\n{""camera_location"": [9.915478112284436, 0, 5.34366512298584], ""objects"": [{""name"": ""Object_0"", ""shape"": ""cube"", ""size"": 0.7, ""material"": ""metal"", ""3d_coords"": [-2.6366885926928822, 1.4068235439295704, 0.699999988079071], ""rotation"": 52.96209716796875}, {""name"": ""Object_1"", ""shape"": ""cone"", ""size"": 0.7, ""material"": ""rubber"", ""3d_coords"": [2.014599868522229, -1.8843249357854348, 0.699999988079071], ""rotation"": 64.84207153320312}, {""name"": ""Object_2"", ""shape"": ""cylinder"", ""size"": 0.351, ""material"": ""rubber"", ""3d_coords"": [-1.1145251997780832, -2.9610925303406983, 0.3499999940395355], ""rotation"": 306.3620300292969}, {""name"": ""Object_3"", ""shape"": ""cylinder"", ""size"": 0.7, ""material"": ""metal"", ""3d_coords"": [-3.0675586520596037, -0.8788965394173738, 0.699999988079071], ""rotation"": 211.88417053222656}, {""name"": ""Object_4"", ""shape"": ""cylinder"", ""size"": 0.351, ""material"": ""metal"", ""3d_coords"": [0.35434264486983497, 0.3345610617670085, 0.3499999940395355], ""rotation"": 71.63798522949219}, {""name"": ""Object_5"", ""shape"": ""cone"", ""size"": 0.7, ""material"": ""rubber"", ""3d_coords"": [-0.5104371021398848, 2.614751106687411, 0.699999988079071], ""rotation"": 25.481096267700195}]}\n\nWhat is the name of the green colored object?  ASSISTANT:\nassistant\n{""answer"": ""Object_4""}']",Object_4,"{""answer"": ""Object_4""}",6,"user
 USER:  
This image shows a minimalist arrangement of 3D geometric shapes made of different materials and colors. The JSON provided contains information about all objects in the scene, including their name, 3D coordinates (represented as [X, Y, Z]), material (metal = shinny, rubber = matte), and other attributes. 
Your job is to identify the green colored object in the image, match its attributes to identify which of the objects mentioned in the JSON corresponds to that object, and determine its name in the following format: {""answer"": ""NAME""}
Do not add any additional text to your answer, provide your answer always in the following format: {""answer"": ""NAME""}. 

Understanding the Coordinate System X, Y, Z:
• X (Depth): Represents the depth relative to the camera. Smaller values indicate objects that are farther away.
• Y (Horizontal Position): Represents the left-to-right position. A value of zero means the object is centered in the scene, negative values place the object to the left, and positive values to the right.
• Z (Vertical Position): Represents the height of the object's center point. Larger values correspond to higher vertical positions.

Here is the JSON containing details about all objects in the scene in the image:

{""camera_location"": [9.915478112284436, 0, 5.34366512298584], ""objects"": [{""name"": ""Object_0"", ""shape"": ""cube"", ""size"": 0.7, ""material"": ""metal"", ""3d_coords"": [-2.6366885926928822, 1.4068235439295704, 0.699999988079071], ""rotation"": 52.96209716796875}, {""name"": ""Object_1"", ""shape"": ""cone"", ""size"": 0.7, ""material"": ""rubber"", ""3d_coords"": [2.014599868522229, -1.8843249357854348, 0.699999988079071], ""rotation"": 64.84207153320312}, {""name"": ""Object_2"", ""shape"": ""cylinder"", ""size"": 0.351, ""material"": ""rubber"", ""3d_coords"": [-1.1145251997780832, -2.9610925303406983, 0.3499999940395355], ""rotation"": 306.3620300292969}, {""name"": ""Object_3"", ""shape"": ""cylinder"", ""size"": 0.7, ""material"": ""metal"", ""3d_coords"": [-3.0675586520596037, -0.8788965394173738, 0.699999988079071], ""rotation"": 211.88417053222656}, {""name"": ""Object_4"", ""shape"": ""cylinder"", ""size"": 0.351, ""material"": ""metal"", ""3d_coords"": [0.35434264486983497, 0.3345610617670085, 0.3499999940395355], ""rotation"": 71.63798522949219}, {""name"": ""Object_5"", ""shape"": ""cone"", ""size"": 0.7, ""material"": ""rubber"", ""3d_coords"": [-0.5104371021398848, 2.614751106687411, 0.699999988079071], ""rotation"": 25.481096267700195}]}

What is the name of the green colored object?  ASSISTANT:
assistant
{""answer"": ""Object_5""}",Object_5,"{""answer"": ""Object_4""}",6
12,20.636522,31.67418,37.055305,36.808002,37.3526,36.54236,36.0307,35.943935,35.84641,37.12879,36.862495,37.500175,38.171707,39.330074,39.094437,40.110493,41.432667,40.89435,41.611454,42.955063,41.989933,42.985283,44.102867,42.235645,42.01747,40.876762,41.52221,42.05731,42.148235,42.446533,42.26725,40.191364,43.68353,45.64345,47.62797,47.049927,55.483654,Img tokens,1791,2395,"['user\n USER:  \nThis image shows a minimalist arrangement of 3D geometric shapes made of different materials and colors. The JSON provided contains information about all objects in the scene, including their name, 3D coordinates (represented as [X, Y, Z]), material (metal = shinny, rubber = matte), and other attributes. \nYour job is to identify the sphere in the image, match its attributes to identify which of the objects mentioned in the JSON corresponds to that object, and determine its rotation in the following format: {""answer"": ""ROTATION""}\nDo not add any additional text to your answer, provide your answer always in the following format: {""answer"": ""ROTATION""}. \n\nUnderstanding the Coordinate System X, Y, Z:\n• X (Depth): Represents the depth relative to the camera. Smaller values indicate objects that are farther away.\n• Y (Horizontal Position): Represents the left-to-right position. A value of zero means the object is centered in the scene, negative values place the object to the left, and positive values to the right.\n• Z (Vertical Position): Represents the height of the object\'s center point. Larger values correspond to higher vertical positions.\n\nHere is the JSON containing details about all objects in the scene in the image:\n\n{""camera_location"": [9.915478112284436, 0, 5.34366512298584], ""objects"": [{""name"": ""Object_0"", ""size"": 0.351, ""material"": ""metal"", ""3d_coords"": [-2.372398505046415, -0.39747873069195594, 0.3499999940395355], ""rotation"": 211.63101196289062, ""color"": ""green""}, {""name"": ""Object_1"", ""size"": 0.7, ""material"": ""rubber"", ""3d_coords"": [0.6232362519755055, 0.4957048187076219, 0.699999988079071], ""rotation"": 104.50055694580078, ""color"": ""purple""}, {""name"": ""Object_2"", ""size"": 0.7, ""material"": ""metal"", ""3d_coords"": [-0.8738257055352776, 2.870242792717485, 0.699999988079071], ""rotation"": 315.33099365234375, ""color"": ""yellow""}, {""name"": ""Object_3"", ""size"": 0.351, ""material"": ""metal"", ""3d_coords"": [-0.02248640065592178, -3.1631010984785233, 0.3499999940395355], ""rotation"": 99.96887969970703, ""color"": ""cyan""}, {""name"": ""Object_4"", ""size"": 0.351, ""material"": ""metal"", ""3d_coords"": [1.3184011240790674, -2.7096027164923706, 0.3499999940395355], ""rotation"": 290.90203857421875, ""color"": ""green""}, {""name"": ""Object_5"", ""size"": 0.7, ""material"": ""rubber"", ""3d_coords"": [-1.7561270265643834, -2.0078837814313553, 0.699999988079071], ""rotation"": 343.685791015625, ""color"": ""blue""}, {""name"": ""Object_6"", ""size"": 0.351, ""material"": ""rubber"", ""3d_coords"": [-0.4397722694094792, -1.3267859464288265, 0.3499999940395355], ""rotation"": 287.93170166015625, ""color"": ""brown""}, {""name"": ""Object_7"", ""size"": 0.351, ""material"": ""rubber"", ""3d_coords"": [1.7624547228858733, 2.176969392723907, 0.3499999940395355], ""rotation"": 179.15823364257812, ""color"": ""cyan""}, {""name"": ""Object_8"", ""size"": 0.7, ""material"": ""rubber"", ""3d_coords"": [3.1620595057088092, 0.045002803695253, 0.699999988079071], ""rotation"": 317.5128173828125, ""color"": ""red""}]}\n\nWhat is the rotation value of the sphere?  ASSISTANT:\nassistant\n{""answer"": 287.93170166015625}']",287.93170166015625,"{""answer"": 287.93170166015625}",9,"user
 USER:  
This image shows a minimalist arrangement of 3D geometric shapes made of different materials and colors. The JSON provided contains information about all objects in the scene, including their name, 3D coordinates (represented as [X, Y, Z]), material (metal = shinny, rubber = matte), and other attributes. 
Your job is to identify the sphere in the image, match its attributes to identify which of the objects mentioned in the JSON corresponds to that object, and determine its rotation in the following format: {""answer"": ""ROTATION""}
Do not add any additional text to your answer, provide your answer always in the following format: {""answer"": ""ROTATION""}. 

Understanding the Coordinate System X, Y, Z:
• X (Depth): Represents the depth relative to the camera. Smaller values indicate objects that are farther away.
• Y (Horizontal Position): Represents the left-to-right position. A value of zero means the object is centered in the scene, negative values place the object to the left, and positive values to the right.
• Z (Vertical Position): Represents the height of the object's center point. Larger values correspond to higher vertical positions.

Here is the JSON containing details about all objects in the scene in the image:

{""camera_location"": [9.915478112284436, 0, 5.34366512298584], ""objects"": [{""name"": ""Object_0"", ""size"": 0.351, ""material"": ""metal"", ""3d_coords"": [-2.372398505046415, -0.39747873069195594, 0.3499999940395355], ""rotation"": 211.63101196289062, ""color"": ""green""}, {""name"": ""Object_1"", ""size"": 0.7, ""material"": ""rubber"", ""3d_coords"": [0.6232362519755055, 0.4957048187076219, 0.699999988079071], ""rotation"": 104.50055694580078, ""color"": ""purple""}, {""name"": ""Object_2"", ""size"": 0.7, ""material"": ""metal"", ""3d_coords"": [-0.8738257055352776, 2.870242792717485, 0.699999988079071], ""rotation"": 315.33099365234375, ""color"": ""yellow""}, {""name"": ""Object_3"", ""size"": 0.351, ""material"": ""metal"", ""3d_coords"": [-0.02248640065592178, -3.1631010984785233, 0.3499999940395355], ""rotation"": 99.96887969970703, ""color"": ""cyan""}, {""name"": ""Object_4"", ""size"": 0.351, ""material"": ""metal"", ""3d_coords"": [1.3184011240790674, -2.7096027164923706, 0.3499999940395355], ""rotation"": 290.90203857421875, ""color"": ""green""}, {""name"": ""Object_5"", ""size"": 0.7, ""material"": ""rubber"", ""3d_coords"": [-1.7561270265643834, -2.0078837814313553, 0.699999988079071], ""rotation"": 343.685791015625, ""color"": ""blue""}, {""name"": ""Object_6"", ""size"": 0.351, ""material"": ""rubber"", ""3d_coords"": [-0.4397722694094792, -1.3267859464288265, 0.3499999940395355], ""rotation"": 287.93170166015625, ""color"": ""brown""}, {""name"": ""Object_7"", ""size"": 0.351, ""material"": ""rubber"", ""3d_coords"": [1.7624547228858733, 2.176969392723907, 0.3499999940395355], ""rotation"": 179.15823364257812, ""color"": ""cyan""}, {""name"": ""Object_8"", ""size"": 0.7, ""material"": ""rubber"", ""3d_coords"": [3.1620595057088092, 0.045002803695253, 0.699999988079071], ""rotation"": 317.5128173828125, ""color"": ""red""}]}

What is the rotation value of the sphere?  ASSISTANT:
assistant
{""answer"": ""211.63101196289062""}",211.63101196289062,"{""answer"": 287.93170166015625}",9
13,15.418526,24.304394,29.59012,29.958132,30.256346,29.374395,28.535707,28.710867,28.342508,29.300331,29.161707,29.99596,31.36683,33.53864,33.81961,35.480774,36.709145,36.798985,37.817574,39.850136,38.851357,40.61736,41.38626,39.882168,38.952393,37.620808,38.579544,39.055874,39.639393,39.504044,38.98448,37.702126,39.88888,41.905014,44.153957,42.6054,48.526733,Img tokens,1905,2553,"['user\n USER:  \nThis image shows a minimalist arrangement of 3D geometric shapes made of different materials and colors. The JSON provided contains information about all objects in the scene, including their name, 3D coordinates (represented as [X, Y, Z]), material (metal = shinny, rubber = matte), and other attributes. \nYour job is to analyze this information, find the object with a size of 0.7, use its attributes to identify which object in the image corresponds to that object, and retrieve its shape in the following format: {""answer"": ""SHAPE""}\nSelect your answer from the following options: cylinder, sphere, cone, or cube. Do not add any additional text to your answer, provide your answer always in the following format: {""answer"": ""SHAPE""}. \n\nUnderstanding the Coordinate System X, Y, Z:\n• X (Depth): Represents the depth relative to the camera. Smaller values indicate objects that are farther away.\n• Y (Horizontal Position): Represents the left-to-right position. A value of zero means the object is centered in the scene, negative values place the object to the left, and positive values to the right.\n• Z (Vertical Position): Represents the height of the object\'s center point. Larger values correspond to higher vertical positions.\n\nHere is the JSON containing details about all objects in the scene in the image:\n\n{""camera_location"": [9.915478112284436, 0, 5.34366512298584], ""objects"": [{""name"": ""Object_0"", ""size"": 0.7, ""material"": ""rubber"", ""3d_coords"": [-0.7229361903991207, -2.4494391558322413, 0.699999988079071], ""rotation"": 256.993408203125, ""color"": ""blue""}, {""name"": ""Object_1"", ""size"": 0.351, ""material"": ""metal"", ""3d_coords"": [0.4406416248691593, -0.4636134240217492, 0.3499999940395355], ""rotation"": 86.39359283447266, ""color"": ""cyan""}, {""name"": ""Object_2"", ""size"": 0.351, ""material"": ""metal"", ""3d_coords"": [2.6571181964591464, 1.1475936486582223, 0.3499999940395355], ""rotation"": 337.097900390625, ""color"": ""red""}]}\n\nWhat is the shape of the object with a size of 0.7?  ASSISTANT:\nassistant\n{""answer"": ""cone""}']",cone,"{""answer"": ""cone""}",3,"user
 USER:  
This image shows a minimalist arrangement of 3D geometric shapes made of different materials and colors. The JSON provided contains information about all objects in the scene, including their name, 3D coordinates (represented as [X, Y, Z]), material (metal = shinny, rubber = matte), and other attributes. 
Your job is to analyze this information, find the object with a size of 0.7, use its attributes to identify which object in the image corresponds to that object, and retrieve its shape in the following format: {""answer"": ""SHAPE""}
Select your answer from the following options: cylinder, sphere, cone, or cube. Do not add any additional text to your answer, provide your answer always in the following format: {""answer"": ""SHAPE""}. 

Understanding the Coordinate System X, Y, Z:
• X (Depth): Represents the depth relative to the camera. Smaller values indicate objects that are farther away.
• Y (Horizontal Position): Represents the left-to-right position. A value of zero means the object is centered in the scene, negative values place the object to the left, and positive values to the right.
• Z (Vertical Position): Represents the height of the object's center point. Larger values correspond to higher vertical positions.

Here is the JSON containing details about all objects in the scene in the image:

{""camera_location"": [9.915478112284436, 0, 5.34366512298584], ""objects"": [{""name"": ""Object_0"", ""size"": 0.7, ""material"": ""rubber"", ""3d_coords"": [-0.7229361903991207, -2.4494391558322413, 0.699999988079071], ""rotation"": 256.993408203125, ""color"": ""blue""}, {""name"": ""Object_1"", ""size"": 0.351, ""material"": ""metal"", ""3d_coords"": [0.4406416248691593, -0.4636134240217492, 0.3499999940395355], ""rotation"": 86.39359283447266, ""color"": ""cyan""}, {""name"": ""Object_2"", ""size"": 0.351, ""material"": ""metal"", ""3d_coords"": [2.6571181964591464, 1.1475936486582223, 0.3499999940395355], ""rotation"": 337.097900390625, ""color"": ""red""}]}

What is the shape of the object with a size of 0.7?  ASSISTANT:
assistant
{""answer"": ""cube""}",cube,"{""answer"": ""cone""}",3
14,22.268227,33.15852,36.981,36.65182,37.208035,36.13674,35.541607,35.39255,35.360443,36.668873,36.33482,36.950787,38.29002,39.39914,39.358494,40.751274,42.156174,41.15149,41.96034,43.20308,41.952847,42.95479,44.004013,41.991013,42.06866,42.183872,42.669605,43.685932,43.729668,43.855484,43.917614,42.755028,44.39966,46.159363,47.73919,47.382427,54.02059,Img tokens,217,304,"['user\n USER:  \nThis image shows a minimalist arrangement of 3D geometric shapes made of different materials and colors. The JSON provided contains information about all objects in the scene, including their name, 3D coordinates (represented as [X, Y, Z]), material (metal = shinny, rubber = matte), and other attributes. \nYour job is to analyze this information, find the object named \'Object_0\', use its attributes to identify which object in the image corresponds to that object, and retrieve its shape in the following format: {""answer"": ""SHAPE""}\nSelect your answer from the following options: cylinder, sphere, cone, or cube. Do not add any additional text to your answer, provide your answer always in the following format: {""answer"": ""SHAPE""}. \n\nUnderstanding the Coordinate System X, Y, Z:\n• X (Depth): Represents the depth relative to the camera. Smaller values indicate objects that are farther away.\n• Y (Horizontal Position): Represents the left-to-right position. A value of zero means the object is centered in the scene, negative values place the object to the left, and positive values to the right.\n• Z (Vertical Position): Represents the height of the object\'s center point. Larger values correspond to higher vertical positions.\n\nHere is the JSON containing details about all objects in the scene in the image:\n\n{""camera_location"": [9.915478112284436, 0, 5.34366512298584], ""objects"": [{""name"": ""Object_0"", ""size"": 0.351, ""material"": ""rubber"", ""3d_coords"": [2.709698080722311, -1.440235361418496, 0.3499999940395355], ""rotation"": 309.60693359375, ""color"": ""yellow""}, {""name"": ""Object_1"", ""size"": 0.7, ""material"": ""rubber"", ""3d_coords"": [-0.6384590216732801, 0.4124965998571457, 0.699999988079071], ""rotation"": 314.451904296875, ""color"": ""yellow""}, {""name"": ""Object_2"", ""size"": 0.701, ""material"": ""rubber"", ""3d_coords"": [0.7390138156754887, -2.7264980674598487, 0.699999988079071], ""rotation"": 110.91935729980469, ""color"": ""cyan""}, {""name"": ""Object_3"", ""size"": 0.701, ""material"": ""rubber"", ""3d_coords"": [-3.244447530119098, -0.8037323196943484, 0.699999988079071], ""rotation"": 41.17438507080078, ""color"": ""gray""}, {""name"": ""Object_4"", ""size"": 0.351, ""material"": ""metal"", ""3d_coords"": [-1.2420418246304212, -2.2994553754845746, 0.3499999940395355], ""rotation"": 171.4700927734375, ""color"": ""red""}, {""name"": ""Object_5"", ""size"": 0.351, ""material"": ""rubber"", ""3d_coords"": [-0.21406908499043587, 3.6610315147846757, 0.3499999940395355], ""rotation"": 126.65029907226562, ""color"": ""blue""}, {""name"": ""Object_6"", ""size"": 0.7, ""material"": ""rubber"", ""3d_coords"": [-2.4429121306997312, 1.5710332858717675, 0.699999988079071], ""rotation"": 18.680837631225586, ""color"": ""green""}, {""name"": ""Object_7"", ""size"": 0.351, ""material"": ""metal"", ""3d_coords"": [1.6869559938138854, 2.284117278151671, 0.3499999940395355], ""rotation"": 94.076171875, ""color"": ""yellow""}, {""name"": ""Object_8"", ""size"": 0.351, ""material"": ""metal"", ""3d_coords"": [-1.7225403608950587, -0.33498221889377644, 0.3499999940395355], ""rotation"": 107.05933380126953, ""color"": ""blue""}]}\n\nWhat is the shape of the object named \'Object_0\'?  ASSISTANT:\nassistant\n{""answer"": ""cylinder""}']",cylinder,"{""answer"": ""cylinder""}",9,"user
 USER:  
This image shows a minimalist arrangement of 3D geometric shapes made of different materials and colors. The JSON provided contains information about all objects in the scene, including their name, 3D coordinates (represented as [X, Y, Z]), material (metal = shinny, rubber = matte), and other attributes. 
Your job is to analyze this information, find the object named 'Object_0', use its attributes to identify which object in the image corresponds to that object, and retrieve its shape in the following format: {""answer"": ""SHAPE""}
Select your answer from the following options: cylinder, sphere, cone, or cube. Do not add any additional text to your answer, provide your answer always in the following format: {""answer"": ""SHAPE""}. 

Understanding the Coordinate System X, Y, Z:
• X (Depth): Represents the depth relative to the camera. Smaller values indicate objects that are farther away.
• Y (Horizontal Position): Represents the left-to-right position. A value of zero means the object is centered in the scene, negative values place the object to the left, and positive values to the right.
• Z (Vertical Position): Represents the height of the object's center point. Larger values correspond to higher vertical positions.

Here is the JSON containing details about all objects in the scene in the image:

{""camera_location"": [9.915478112284436, 0, 5.34366512298584], ""objects"": [{""name"": ""Object_0"", ""size"": 0.351, ""material"": ""rubber"", ""3d_coords"": [2.709698080722311, -1.440235361418496, 0.3499999940395355], ""rotation"": 309.60693359375, ""color"": ""yellow""}, {""name"": ""Object_1"", ""size"": 0.7, ""material"": ""rubber"", ""3d_coords"": [-0.6384590216732801, 0.4124965998571457, 0.699999988079071], ""rotation"": 314.451904296875, ""color"": ""yellow""}, {""name"": ""Object_2"", ""size"": 0.701, ""material"": ""rubber"", ""3d_coords"": [0.7390138156754887, -2.7264980674598487, 0.699999988079071], ""rotation"": 110.91935729980469, ""color"": ""cyan""}, {""name"": ""Object_3"", ""size"": 0.701, ""material"": ""rubber"", ""3d_coords"": [-3.244447530119098, -0.8037323196943484, 0.699999988079071], ""rotation"": 41.17438507080078, ""color"": ""gray""}, {""name"": ""Object_4"", ""size"": 0.351, ""material"": ""metal"", ""3d_coords"": [-1.2420418246304212, -2.2994553754845746, 0.3499999940395355], ""rotation"": 171.4700927734375, ""color"": ""red""}, {""name"": ""Object_5"", ""size"": 0.351, ""material"": ""rubber"", ""3d_coords"": [-0.21406908499043587, 3.6610315147846757, 0.3499999940395355], ""rotation"": 126.65029907226562, ""color"": ""blue""}, {""name"": ""Object_6"", ""size"": 0.7, ""material"": ""rubber"", ""3d_coords"": [-2.4429121306997312, 1.5710332858717675, 0.699999988079071], ""rotation"": 18.680837631225586, ""color"": ""green""}, {""name"": ""Object_7"", ""size"": 0.351, ""material"": ""metal"", ""3d_coords"": [1.6869559938138854, 2.284117278151671, 0.3499999940395355], ""rotation"": 94.076171875, ""color"": ""yellow""}, {""name"": ""Object_8"", ""size"": 0.351, ""material"": ""metal"", ""3d_coords"": [-1.7225403608950587, -0.33498221889377644, 0.3499999940395355], ""rotation"": 107.05933380126953, ""color"": ""blue""}]}

What is the shape of the object named 'Object_0'?  ASSISTANT:
assistant
{""answer"": ""cube""}",cube,"{""answer"": ""cylinder""}",9
15,22.10357,31.716003,35.58743,35.495155,36.048943,34.958153,34.14003,34.183002,33.95548,35.45985,35.17583,36.028397,36.94086,38.249054,37.856293,39.24125,40.59889,39.800594,40.662838,42.136005,40.7473,41.508423,42.770836,41.055885,40.832943,40.155445,40.651836,41.461914,41.63004,41.842712,42.125813,40.426098,42.062172,44.1989,46.70942,46.470036,53.63597,Img tokens,1628,2190,"['user\n USER:  \nThis image shows a minimalist arrangement of 3D geometric shapes made of different materials and colors. The JSON provided contains information about all objects in the scene, including their name, 3D coordinates (represented as [X, Y, Z]), material (metal = shinny, rubber = matte), and other attributes. \nYour job is to identify the green colored object in the image, match its attributes to identify which of the objects mentioned in the JSON corresponds to that object, and determine its 3D coordinates in the following format: {""answer"": [X, Y, Z]}\nDo not add any additional text to your answer, provide your answer always in the following format: {""answer"": [X, Y, Z]}. \n\nUnderstanding the Coordinate System X, Y, Z:\n• X (Depth): Represents the depth relative to the camera. Smaller values indicate objects that are farther away.\n• Y (Horizontal Position): Represents the left-to-right position. A value of zero means the object is centered in the scene, negative values place the object to the left, and positive values to the right.\n• Z (Vertical Position): Represents the height of the object\'s center point. Larger values correspond to higher vertical positions.\n\nHere is the JSON containing details about all objects in the scene in the image:\n\n{""camera_location"": [9.915478112284436, 0, 5.34366512298584], ""objects"": [{""name"": ""Object_0"", ""shape"": ""cube"", ""size"": 0.7, ""material"": ""metal"", ""3d_coords"": [1.1267004222382218, 1.8231683790597089, 0.699999988079071], ""rotation"": 16.7275390625}, {""name"": ""Object_1"", ""shape"": ""cube"", ""size"": 0.351, ""material"": ""rubber"", ""3d_coords"": [-1.1304236640784986, 2.822405236940696, 0.3499999940395355], ""rotation"": 161.14205932617188}, {""name"": ""Object_2"", ""shape"": ""cylinder"", ""size"": 0.7, ""material"": ""metal"", ""3d_coords"": [0.4076121100534016, 3.461943479264021, 0.699999988079071], ""rotation"": 172.60667419433594}, {""name"": ""Object_3"", ""shape"": ""cylinder"", ""size"": 0.7, ""material"": ""metal"", ""3d_coords"": [-2.229718809188212, -1.5826300310566999, 0.699999988079071], ""rotation"": 257.14556884765625}, {""name"": ""Object_4"", ""shape"": ""sphere"", ""size"": 0.351, ""material"": ""rubber"", ""3d_coords"": [-0.06781999581971365, -0.9115756806495989, 0.3499999940395355], ""rotation"": 341.6014709472656}, {""name"": ""Object_5"", ""shape"": ""cube"", ""size"": 0.351, ""material"": ""metal"", ""3d_coords"": [-1.5590014841350859, -0.1204632424687877, 0.3499999940395355], ""rotation"": 182.80690002441406}, {""name"": ""Object_6"", ""shape"": ""sphere"", ""size"": 0.351, ""material"": ""rubber"", ""3d_coords"": [-2.916665289872583, 1.034661346462233, 0.3499999940395355], ""rotation"": 305.560302734375}, {""name"": ""Object_7"", ""shape"": ""sphere"", ""size"": 0.351, ""material"": ""metal"", ""3d_coords"": [-4.102307173336684, 0.4056000536439983, 0.3499999940395355], ""rotation"": 0.8873293995857239}, {""name"": ""Object_8"", ""shape"": ""cone"", ""size"": 0.351, ""material"": ""metal"", ""3d_coords"": [-0.630786297988576, -2.5257303393567216, 0.3499999940395355], ""rotation"": 45.06630325317383}]}\n\nWhich are the 3D coordinates of the green colored object?  ASSISTANT:\nassistant\n{""answer"": [-2.229718809188212, -1.5826300310566999, 0.69999']","[-2.229718809188212, -1.5826300310566999, 0.69999","{""answer"": [-2.229718809188212, -1.5826300310566999, 0.699999988079071]}",9,"user
 USER:  
This image shows a minimalist arrangement of 3D geometric shapes made of different materials and colors. The JSON provided contains information about all objects in the scene, including their name, 3D coordinates (represented as [X, Y, Z]), material (metal = shinny, rubber = matte), and other attributes. 
Your job is to identify the green colored object in the image, match its attributes to identify which of the objects mentioned in the JSON corresponds to that object, and determine its 3D coordinates in the following format: {""answer"": [X, Y, Z]}
Do not add any additional text to your answer, provide your answer always in the following format: {""answer"": [X, Y, Z]}. 

Understanding the Coordinate System X, Y, Z:
• X (Depth): Represents the depth relative to the camera. Smaller values indicate objects that are farther away.
• Y (Horizontal Position): Represents the left-to-right position. A value of zero means the object is centered in the scene, negative values place the object to the left, and positive values to the right.
• Z (Vertical Position): Represents the height of the object's center point. Larger values correspond to higher vertical positions.

Here is the JSON containing details about all objects in the scene in the image:

{""camera_location"": [9.915478112284436, 0, 5.34366512298584], ""objects"": [{""name"": ""Object_0"", ""shape"": ""cube"", ""size"": 0.7, ""material"": ""metal"", ""3d_coords"": [1.1267004222382218, 1.8231683790597089, 0.699999988079071], ""rotation"": 16.7275390625}, {""name"": ""Object_1"", ""shape"": ""cube"", ""size"": 0.351, ""material"": ""rubber"", ""3d_coords"": [-1.1304236640784986, 2.822405236940696, 0.3499999940395355], ""rotation"": 161.14205932617188}, {""name"": ""Object_2"", ""shape"": ""cylinder"", ""size"": 0.7, ""material"": ""metal"", ""3d_coords"": [0.4076121100534016, 3.461943479264021, 0.699999988079071], ""rotation"": 172.60667419433594}, {""name"": ""Object_3"", ""shape"": ""cylinder"", ""size"": 0.7, ""material"": ""metal"", ""3d_coords"": [-2.229718809188212, -1.5826300310566999, 0.699999988079071], ""rotation"": 257.14556884765625}, {""name"": ""Object_4"", ""shape"": ""sphere"", ""size"": 0.351, ""material"": ""rubber"", ""3d_coords"": [-0.06781999581971365, -0.9115756806495989, 0.3499999940395355], ""rotation"": 341.6014709472656}, {""name"": ""Object_5"", ""shape"": ""cube"", ""size"": 0.351, ""material"": ""metal"", ""3d_coords"": [-1.5590014841350859, -0.1204632424687877, 0.3499999940395355], ""rotation"": 182.80690002441406}, {""name"": ""Object_6"", ""shape"": ""sphere"", ""size"": 0.351, ""material"": ""rubber"", ""3d_coords"": [-2.916665289872583, 1.034661346462233, 0.3499999940395355], ""rotation"": 305.560302734375}, {""name"": ""Object_7"", ""shape"": ""sphere"", ""size"": 0.351, ""material"": ""metal"", ""3d_coords"": [-4.102307173336684, 0.4056000536439983, 0.3499999940395355], ""rotation"": 0.8873293995857239}, {""name"": ""Object_8"", ""shape"": ""cone"", ""size"": 0.351, ""material"": ""metal"", ""3d_coords"": [-0.630786297988576, -2.5257303393567216, 0.3499999940395355], ""rotation"": 45.06630325317383}]}

Which are the 3D coordinates of the green colored object?  ASSISTANT:
assistant
{""answer"": [1.1267004222382218, 1.8231683790597089, 0.6999","[1.1267004222382218, 1.8231683790597089, 0.6999","{""answer"": [-2.229718809188212, -1.5826300310566999, 0.699999988079071]}",9
16,22.94146,32.972023,36.55242,35.038193,35.662834,34.855232,34.522438,34.619297,34.814007,36.246048,36.287025,37.272957,38.002895,39.312027,38.609467,39.85795,40.916096,40.113766,40.45863,41.691013,40.80559,41.631557,42.352077,40.458977,40.194183,39.594624,39.992203,40.25196,40.36542,39.997807,39.414463,37.94085,39.62469,41.458477,43.700092,43.412975,52.568554,Img tokens,3436,4566,"['user\n USER:  \nThis image shows a minimalist arrangement of 3D geometric shapes made of different materials and colors. The JSON provided contains information about all objects in the scene, including their name, 3D coordinates (represented as [X, Y, Z]), material (metal = shinny, rubber = matte), and other attributes. \nYour job is to identify the cylinder in the image, match its attributes to identify which of the objects mentioned in the JSON corresponds to that object, and determine its rotation in the following format: {""answer"": ""ROTATION""}\nDo not add any additional text to your answer, provide your answer always in the following format: {""answer"": ""ROTATION""}. \n\nUnderstanding the Coordinate System X, Y, Z:\n• X (Depth): Represents the depth relative to the camera. Smaller values indicate objects that are farther away.\n• Y (Horizontal Position): Represents the left-to-right position. A value of zero means the object is centered in the scene, negative values place the object to the left, and positive values to the right.\n• Z (Vertical Position): Represents the height of the object\'s center point. Larger values correspond to higher vertical positions.\n\nHere is the JSON containing details about all objects in the scene in the image:\n\n{""camera_location"": [9.915478112284436, 0, 5.34366512298584], ""objects"": [{""name"": ""Object_0"", ""size"": 0.7, ""material"": ""rubber"", ""3d_coords"": [0.9441266640162618, -0.22483856510749234, 0.699999988079071], ""rotation"": 107.11721801757812, ""color"": ""cyan""}, {""name"": ""Object_1"", ""size"": 0.7, ""material"": ""metal"", ""3d_coords"": [-3.722745258241467, 0.3759789649741465, 0.699999988079071], ""rotation"": 24.617082595825195, ""color"": ""blue""}, {""name"": ""Object_2"", ""size"": 0.701, ""material"": ""rubber"", ""3d_coords"": [-0.35222737980262564, -1.7545273289216365, 0.699999988079071], ""rotation"": 328.1737365722656, ""color"": ""brown""}, {""name"": ""Object_3"", ""size"": 0.7, ""material"": ""rubber"", ""3d_coords"": [0.2761092814031165, 3.977669944068631, 0.699999988079071], ""rotation"": 123.37783813476562, ""color"": ""green""}, {""name"": ""Object_4"", ""size"": 0.351, ""material"": ""metal"", ""3d_coords"": [2.4302379401481073, -1.1448305103783136, 0.3499999940395355], ""rotation"": 76.5225830078125, ""color"": ""purple""}, {""name"": ""Object_5"", ""size"": 0.7, ""material"": ""rubber"", ""3d_coords"": [-1.4063884131545423, 1.6972843575742607, 0.699999988079071], ""rotation"": 314.00177001953125, ""color"": ""yellow""}, {""name"": ""Object_6"", ""size"": 0.7, ""material"": ""metal"", ""3d_coords"": [3.0776287614498274, 0.9713124039416563, 0.699999988079071], ""rotation"": 213.0209197998047, ""color"": ""gray""}]}\n\nWhat is the rotation value of the cylinder?  ASSISTANT:\nassistant\n{""answer"": ""213.0209197998047""}']",213.0209197998047,"{""answer"": 213.0209197998047}",7,"user
 USER:  
This image shows a minimalist arrangement of 3D geometric shapes made of different materials and colors. The JSON provided contains information about all objects in the scene, including their name, 3D coordinates (represented as [X, Y, Z]), material (metal = shinny, rubber = matte), and other attributes. 
Your job is to identify the cylinder in the image, match its attributes to identify which of the objects mentioned in the JSON corresponds to that object, and determine its rotation in the following format: {""answer"": ""ROTATION""}
Do not add any additional text to your answer, provide your answer always in the following format: {""answer"": ""ROTATION""}. 

Understanding the Coordinate System X, Y, Z:
• X (Depth): Represents the depth relative to the camera. Smaller values indicate objects that are farther away.
• Y (Horizontal Position): Represents the left-to-right position. A value of zero means the object is centered in the scene, negative values place the object to the left, and positive values to the right.
• Z (Vertical Position): Represents the height of the object's center point. Larger values correspond to higher vertical positions.

Here is the JSON containing details about all objects in the scene in the image:

{""camera_location"": [9.915478112284436, 0, 5.34366512298584], ""objects"": [{""name"": ""Object_0"", ""size"": 0.7, ""material"": ""rubber"", ""3d_coords"": [0.9441266640162618, -0.22483856510749234, 0.699999988079071], ""rotation"": 107.11721801757812, ""color"": ""cyan""}, {""name"": ""Object_1"", ""size"": 0.7, ""material"": ""metal"", ""3d_coords"": [-3.722745258241467, 0.3759789649741465, 0.699999988079071], ""rotation"": 24.617082595825195, ""color"": ""blue""}, {""name"": ""Object_2"", ""size"": 0.701, ""material"": ""rubber"", ""3d_coords"": [-0.35222737980262564, -1.7545273289216365, 0.699999988079071], ""rotation"": 328.1737365722656, ""color"": ""brown""}, {""name"": ""Object_3"", ""size"": 0.7, ""material"": ""rubber"", ""3d_coords"": [0.2761092814031165, 3.977669944068631, 0.699999988079071], ""rotation"": 123.37783813476562, ""color"": ""green""}, {""name"": ""Object_4"", ""size"": 0.351, ""material"": ""metal"", ""3d_coords"": [2.4302379401481073, -1.1448305103783136, 0.3499999940395355], ""rotation"": 76.5225830078125, ""color"": ""purple""}, {""name"": ""Object_5"", ""size"": 0.7, ""material"": ""rubber"", ""3d_coords"": [-1.4063884131545423, 1.6972843575742607, 0.699999988079071], ""rotation"": 314.00177001953125, ""color"": ""yellow""}, {""name"": ""Object_6"", ""size"": 0.7, ""material"": ""metal"", ""3d_coords"": [3.0776287614498274, 0.9713124039416563, 0.699999988079071], ""rotation"": 213.0209197998047, ""color"": ""gray""}]}

What is the rotation value of the cylinder?  ASSISTANT:
assistant
{""answer"": 76.5225830078125}",76.5225830078125,"{""answer"": 213.0209197998047}",7
17,22.129528,32.355396,36.07341,35.96482,36.49149,35.68679,35.03005,35.18035,34.992,36.237804,35.839787,36.031498,36.878582,38.00319,37.705116,38.58129,39.830368,38.982754,39.55769,40.7466,39.8247,40.967274,41.96538,40.12576,40.424583,39.111755,39.807507,40.49199,40.567135,40.7064,40.59397,38.50638,40.043667,42.542133,44.793262,43.71562,52.047016,Img tokens,1805,2418,"['user\n USER:  \nThis image shows a minimalist arrangement of 3D geometric shapes made of different materials and colors. The JSON provided contains information about all objects in the scene, including their name, 3D coordinates (represented as [X, Y, Z]), material (metal = shinny, rubber = matte), and other attributes. \nYour job is to identify the cyan colored object in the image, match its attributes to identify which of the objects mentioned in the JSON corresponds to that object, and determine its name in the following format: {""answer"": ""NAME""}\nDo not add any additional text to your answer, provide your answer always in the following format: {""answer"": ""NAME""}. \n\nUnderstanding the Coordinate System X, Y, Z:\n• X (Depth): Represents the depth relative to the camera. Smaller values indicate objects that are farther away.\n• Y (Horizontal Position): Represents the left-to-right position. A value of zero means the object is centered in the scene, negative values place the object to the left, and positive values to the right.\n• Z (Vertical Position): Represents the height of the object\'s center point. Larger values correspond to higher vertical positions.\n\nHere is the JSON containing details about all objects in the scene in the image:\n\n{""camera_location"": [9.915478112284436, 0, 5.34366512298584], ""objects"": [{""name"": ""Object_0"", ""shape"": ""cylinder"", ""size"": 0.351, ""material"": ""metal"", ""3d_coords"": [1.9715103467822042, 1.0036172285913458, 0.3499999940395355], ""rotation"": 183.19174194335938}, {""name"": ""Object_1"", ""shape"": ""cube"", ""size"": 0.701, ""material"": ""metal"", ""3d_coords"": [-1.499516598690568, -2.08751141428164, 0.699999988079071], ""rotation"": 254.70333862304688}, {""name"": ""Object_2"", ""shape"": ""sphere"", ""size"": 0.701, ""material"": ""metal"", ""3d_coords"": [-0.5710916076489768, -0.5236323108122478, 0.699999988079071], ""rotation"": 47.61067581176758}, {""name"": ""Object_3"", ""shape"": ""cube"", ""size"": 0.351, ""material"": ""rubber"", ""3d_coords"": [3.021911887929601, -1.1518407531723882, 0.3499999940395355], ""rotation"": 210.48883056640625}, {""name"": ""Object_4"", ""shape"": ""cube"", ""size"": 0.351, ""material"": ""metal"", ""3d_coords"": [0.5625254749245985, -3.164288463488598, 0.3499999940395355], ""rotation"": 296.24273681640625}, {""name"": ""Object_5"", ""shape"": ""cylinder"", ""size"": 0.701, ""material"": ""metal"", ""3d_coords"": [-0.05509519096109283, 1.6308176402778738, 0.699999988079071], ""rotation"": 127.38538360595703}, {""name"": ""Object_6"", ""shape"": ""cone"", ""size"": 0.351, ""material"": ""rubber"", ""3d_coords"": [1.250979583099738, 2.9290185399395225, 0.3499999940395355], ""rotation"": 322.3577575683594}]}\n\nWhat is the name of the cyan colored object?  ASSISTANT:\nassistant\n{""answer"": ""Object_2""}']",Object_2,"{""answer"": ""Object_2""}",7,"user
 USER:  
This image shows a minimalist arrangement of 3D geometric shapes made of different materials and colors. The JSON provided contains information about all objects in the scene, including their name, 3D coordinates (represented as [X, Y, Z]), material (metal = shinny, rubber = matte), and other attributes. 
Your job is to identify the cyan colored object in the image, match its attributes to identify which of the objects mentioned in the JSON corresponds to that object, and determine its name in the following format: {""answer"": ""NAME""}
Do not add any additional text to your answer, provide your answer always in the following format: {""answer"": ""NAME""}. 

Understanding the Coordinate System X, Y, Z:
• X (Depth): Represents the depth relative to the camera. Smaller values indicate objects that are farther away.
• Y (Horizontal Position): Represents the left-to-right position. A value of zero means the object is centered in the scene, negative values place the object to the left, and positive values to the right.
• Z (Vertical Position): Represents the height of the object's center point. Larger values correspond to higher vertical positions.

Here is the JSON containing details about all objects in the scene in the image:

{""camera_location"": [9.915478112284436, 0, 5.34366512298584], ""objects"": [{""name"": ""Object_0"", ""shape"": ""cylinder"", ""size"": 0.351, ""material"": ""metal"", ""3d_coords"": [1.9715103467822042, 1.0036172285913458, 0.3499999940395355], ""rotation"": 183.19174194335938}, {""name"": ""Object_1"", ""shape"": ""cube"", ""size"": 0.701, ""material"": ""metal"", ""3d_coords"": [-1.499516598690568, -2.08751141428164, 0.699999988079071], ""rotation"": 254.70333862304688}, {""name"": ""Object_2"", ""shape"": ""sphere"", ""size"": 0.701, ""material"": ""metal"", ""3d_coords"": [-0.5710916076489768, -0.5236323108122478, 0.699999988079071], ""rotation"": 47.61067581176758}, {""name"": ""Object_3"", ""shape"": ""cube"", ""size"": 0.351, ""material"": ""rubber"", ""3d_coords"": [3.021911887929601, -1.1518407531723882, 0.3499999940395355], ""rotation"": 210.48883056640625}, {""name"": ""Object_4"", ""shape"": ""cube"", ""size"": 0.351, ""material"": ""metal"", ""3d_coords"": [0.5625254749245985, -3.164288463488598, 0.3499999940395355], ""rotation"": 296.24273681640625}, {""name"": ""Object_5"", ""shape"": ""cylinder"", ""size"": 0.701, ""material"": ""metal"", ""3d_coords"": [-0.05509519096109283, 1.6308176402778738, 0.699999988079071], ""rotation"": 127.38538360595703}, {""name"": ""Object_6"", ""shape"": ""cone"", ""size"": 0.351, ""material"": ""rubber"", ""3d_coords"": [1.250979583099738, 2.9290185399395225, 0.3499999940395355], ""rotation"": 322.3577575683594}]}

What is the name of the cyan colored object?  ASSISTANT:
assistant
{""answer"": ""Object_6""}",Object_6,"{""answer"": ""Object_2""}",7
18,23.754087,33.809063,37.896294,36.65709,37.133617,36.3992,35.904995,36.161003,35.859474,36.800194,36.375355,36.735798,37.233067,38.413147,37.9647,39.069008,40.217773,39.44778,39.95717,41.16027,40.059372,40.83782,41.90983,40.00246,39.88642,38.900837,39.517235,40.14039,39.936157,39.966915,39.767857,37.83159,40.091522,41.76935,43.426323,42.698784,51.1477,Img tokens,3679,4881,"['user\n USER:  \nThis image shows a minimalist arrangement of 3D geometric shapes made of different materials and colors. The JSON provided contains information about all objects in the scene, including their name, 3D coordinates (represented as [X, Y, Z]), material (metal = shinny, rubber = matte), and other attributes. \nYour job is to analyze this information, find the object named \'Object_5\', use its attributes to identify which object in the image corresponds to that object, and retrieve its color in the following format: {""answer"": ""COLOR""}\nSelect your answer from the following options: gray, red, blue, green, brown, purple, cyan, or yellow. Do not add any additional text to your answer, provide your answer always in the following format: {""answer"": ""COLOR""}. \n\nUnderstanding the Coordinate System X, Y, Z:\n• X (Depth): Represents the depth relative to the camera. Smaller values indicate objects that are farther away.\n• Y (Horizontal Position): Represents the left-to-right position. A value of zero means the object is centered in the scene, negative values place the object to the left, and positive values to the right.\n• Z (Vertical Position): Represents the height of the object\'s center point. Larger values correspond to higher vertical positions.\n\nHere is the JSON containing details about all objects in the scene in the image:\n\n{""camera_location"": [9.915478112284436, 0, 5.34366512298584], ""objects"": [{""name"": ""Object_0"", ""shape"": ""cube"", ""size"": 0.351, ""material"": ""metal"", ""3d_coords"": [-2.445188500961103, -1.5560055352129516, 0.3499999940395355], ""rotation"": 14.61153507232666}, {""name"": ""Object_1"", ""shape"": ""cube"", ""size"": 0.351, ""material"": ""rubber"", ""3d_coords"": [2.6395974868177556, 1.274716328591265, 0.3499999940395355], ""rotation"": 112.32064056396484}, {""name"": ""Object_2"", ""shape"": ""cylinder"", ""size"": 0.351, ""material"": ""rubber"", ""3d_coords"": [1.7866211566202654, -0.635475506514094, 0.3499999940395355], ""rotation"": 315.68341064453125}, {""name"": ""Object_3"", ""shape"": ""cube"", ""size"": 0.351, ""material"": ""rubber"", ""3d_coords"": [-0.3719451901462727, 3.3669840000063473, 0.3499999940395355], ""rotation"": 35.343406677246094}, {""name"": ""Object_4"", ""shape"": ""sphere"", ""size"": 0.7, ""material"": ""metal"", ""3d_coords"": [-1.6405167219633765, -2.6354780198772754, 0.699999988079071], ""rotation"": 230.78268432617188}, {""name"": ""Object_5"", ""shape"": ""cone"", ""size"": 0.351, ""material"": ""metal"", ""3d_coords"": [0.26265857556830574, -3.351698405404906, 0.3499999940395355], ""rotation"": 192.7850341796875}, {""name"": ""Object_6"", ""shape"": ""cylinder"", ""size"": 0.7, ""material"": ""rubber"", ""3d_coords"": [-1.104184740651302, 0.6638253294955823, 0.699999988079071], ""rotation"": 207.54583740234375}]}\n\nWhat is the color of the object named \'Object_5\'?  ASSISTANT:\nassistant\n{""answer"": ""green""}']",green,"{""answer"": ""green""}",7,"user
 USER:  
This image shows a minimalist arrangement of 3D geometric shapes made of different materials and colors. The JSON provided contains information about all objects in the scene, including their name, 3D coordinates (represented as [X, Y, Z]), material (metal = shinny, rubber = matte), and other attributes. 
Your job is to analyze this information, find the object named 'Object_5', use its attributes to identify which object in the image corresponds to that object, and retrieve its color in the following format: {""answer"": ""COLOR""}
Select your answer from the following options: gray, red, blue, green, brown, purple, cyan, or yellow. Do not add any additional text to your answer, provide your answer always in the following format: {""answer"": ""COLOR""}. 

Understanding the Coordinate System X, Y, Z:
• X (Depth): Represents the depth relative to the camera. Smaller values indicate objects that are farther away.
• Y (Horizontal Position): Represents the left-to-right position. A value of zero means the object is centered in the scene, negative values place the object to the left, and positive values to the right.
• Z (Vertical Position): Represents the height of the object's center point. Larger values correspond to higher vertical positions.

Here is the JSON containing details about all objects in the scene in the image:

{""camera_location"": [9.915478112284436, 0, 5.34366512298584], ""objects"": [{""name"": ""Object_0"", ""shape"": ""cube"", ""size"": 0.351, ""material"": ""metal"", ""3d_coords"": [-2.445188500961103, -1.5560055352129516, 0.3499999940395355], ""rotation"": 14.61153507232666}, {""name"": ""Object_1"", ""shape"": ""cube"", ""size"": 0.351, ""material"": ""rubber"", ""3d_coords"": [2.6395974868177556, 1.274716328591265, 0.3499999940395355], ""rotation"": 112.32064056396484}, {""name"": ""Object_2"", ""shape"": ""cylinder"", ""size"": 0.351, ""material"": ""rubber"", ""3d_coords"": [1.7866211566202654, -0.635475506514094, 0.3499999940395355], ""rotation"": 315.68341064453125}, {""name"": ""Object_3"", ""shape"": ""cube"", ""size"": 0.351, ""material"": ""rubber"", ""3d_coords"": [-0.3719451901462727, 3.3669840000063473, 0.3499999940395355], ""rotation"": 35.343406677246094}, {""name"": ""Object_4"", ""shape"": ""sphere"", ""size"": 0.7, ""material"": ""metal"", ""3d_coords"": [-1.6405167219633765, -2.6354780198772754, 0.699999988079071], ""rotation"": 230.78268432617188}, {""name"": ""Object_5"", ""shape"": ""cone"", ""size"": 0.351, ""material"": ""metal"", ""3d_coords"": [0.26265857556830574, -3.351698405404906, 0.3499999940395355], ""rotation"": 192.7850341796875}, {""name"": ""Object_6"", ""shape"": ""cylinder"", ""size"": 0.7, ""material"": ""rubber"", ""3d_coords"": [-1.104184740651302, 0.6638253294955823, 0.699999988079071], ""rotation"": 207.54583740234375}]}

What is the color of the object named 'Object_5'?  ASSISTANT:
assistant
{""answer"": ""gray""}",gray,"{""answer"": ""green""}",7
19,23.327944,33.714947,37.48657,36.853752,37.52017,36.574898,35.718273,35.73589,35.52916,36.654037,36.591335,36.994915,37.574787,38.954258,38.617596,39.703304,41.02592,40.422714,40.976162,41.90513,40.922497,41.87995,43.070164,41.375946,40.976643,39.765564,40.24106,40.55587,40.37243,40.03449,39.36888,37.862583,39.319252,41.456963,44.096283,43.33056,53.027195,Img tokens,2278,3037,"['user\n USER:  \nThis image shows a minimalist arrangement of 3D geometric shapes made of different materials and colors. The JSON provided contains information about all objects in the scene, including their name, 3D coordinates (represented as [X, Y, Z]), material (metal = shinny, rubber = matte), and other attributes. \nYour job is to analyze this information, find the object with a rotation of 75.78177642822266, use its attributes to identify which object in the image corresponds to that object, and retrieve its color in the following format: {""answer"": ""COLOR""}\nSelect your answer from the following options: gray, red, blue, green, brown, purple, cyan, or yellow. Do not add any additional text to your answer, provide your answer always in the following format: {""answer"": ""COLOR""}. \n\nUnderstanding the Coordinate System X, Y, Z:\n• X (Depth): Represents the depth relative to the camera. Smaller values indicate objects that are farther away.\n• Y (Horizontal Position): Represents the left-to-right position. A value of zero means the object is centered in the scene, negative values place the object to the left, and positive values to the right.\n• Z (Vertical Position): Represents the height of the object\'s center point. Larger values correspond to higher vertical positions.\n\nHere is the JSON containing details about all objects in the scene in the image:\n\n{""camera_location"": [9.915478112284436, 0, 5.34366512298584], ""objects"": [{""name"": ""Object_0"", ""shape"": ""cube"", ""size"": 0.351, ""material"": ""metal"", ""3d_coords"": [-2.5531326245289714, 1.2848999437446484, 0.3499999940395355], ""rotation"": 296.314697265625}, {""name"": ""Object_1"", ""shape"": ""cylinder"", ""size"": 0.7, ""material"": ""metal"", ""3d_coords"": [-0.9599980818788072, 2.633434424017166, 0.699999988079071], ""rotation"": 75.78177642822266}, {""name"": ""Object_2"", ""shape"": ""cone"", ""size"": 0.701, ""material"": ""metal"", ""3d_coords"": [2.8387851629390055, 0.08394451390957447, 0.699999988079071], ""rotation"": 125.53655242919922}, {""name"": ""Object_3"", ""shape"": ""sphere"", ""size"": 0.7, ""material"": ""rubber"", ""3d_coords"": [-2.1289506774633766, -1.4107329099562966, 0.699999988079071], ""rotation"": 227.28489685058594}, {""name"": ""Object_4"", ""shape"": ""cube"", ""size"": 0.7, ""material"": ""rubber"", ""3d_coords"": [-3.9439605297926827, 0.5281433263548074, 0.699999988079071], ""rotation"": 22.532094955444336}, {""name"": ""Object_5"", ""shape"": ""sphere"", ""size"": 0.7, ""material"": ""metal"", ""3d_coords"": [1.2323485742386673, 1.9779332506077625, 0.699999988079071], ""rotation"": 287.2242126464844}, {""name"": ""Object_6"", ""shape"": ""sphere"", ""size"": 0.701, ""material"": ""metal"", ""3d_coords"": [-0.06383135440439136, -3.447260566399846, 0.699999988079071], ""rotation"": 344.1072998046875}, {""name"": ""Object_7"", ""shape"": ""sphere"", ""size"": 0.351, ""material"": ""rubber"", ""3d_coords"": [0.40677580597406626, 3.433592583664887, 0.3499999940395355], ""rotation"": 346.62005615234375}]}\n\nWhat is the color of the object with a rotation of 75.78177642822266?  ASSISTANT:\nassistant\n{""answer"": ""blue""}']",blue,"{""answer"": ""blue""}",8,"user
 USER:  
This image shows a minimalist arrangement of 3D geometric shapes made of different materials and colors. The JSON provided contains information about all objects in the scene, including their name, 3D coordinates (represented as [X, Y, Z]), material (metal = shinny, rubber = matte), and other attributes. 
Your job is to analyze this information, find the object with a rotation of 75.78177642822266, use its attributes to identify which object in the image corresponds to that object, and retrieve its color in the following format: {""answer"": ""COLOR""}
Select your answer from the following options: gray, red, blue, green, brown, purple, cyan, or yellow. Do not add any additional text to your answer, provide your answer always in the following format: {""answer"": ""COLOR""}. 

Understanding the Coordinate System X, Y, Z:
• X (Depth): Represents the depth relative to the camera. Smaller values indicate objects that are farther away.
• Y (Horizontal Position): Represents the left-to-right position. A value of zero means the object is centered in the scene, negative values place the object to the left, and positive values to the right.
• Z (Vertical Position): Represents the height of the object's center point. Larger values correspond to higher vertical positions.

Here is the JSON containing details about all objects in the scene in the image:

{""camera_location"": [9.915478112284436, 0, 5.34366512298584], ""objects"": [{""name"": ""Object_0"", ""shape"": ""cube"", ""size"": 0.351, ""material"": ""metal"", ""3d_coords"": [-2.5531326245289714, 1.2848999437446484, 0.3499999940395355], ""rotation"": 296.314697265625}, {""name"": ""Object_1"", ""shape"": ""cylinder"", ""size"": 0.7, ""material"": ""metal"", ""3d_coords"": [-0.9599980818788072, 2.633434424017166, 0.699999988079071], ""rotation"": 75.78177642822266}, {""name"": ""Object_2"", ""shape"": ""cone"", ""size"": 0.701, ""material"": ""metal"", ""3d_coords"": [2.8387851629390055, 0.08394451390957447, 0.699999988079071], ""rotation"": 125.53655242919922}, {""name"": ""Object_3"", ""shape"": ""sphere"", ""size"": 0.7, ""material"": ""rubber"", ""3d_coords"": [-2.1289506774633766, -1.4107329099562966, 0.699999988079071], ""rotation"": 227.28489685058594}, {""name"": ""Object_4"", ""shape"": ""cube"", ""size"": 0.7, ""material"": ""rubber"", ""3d_coords"": [-3.9439605297926827, 0.5281433263548074, 0.699999988079071], ""rotation"": 22.532094955444336}, {""name"": ""Object_5"", ""shape"": ""sphere"", ""size"": 0.7, ""material"": ""metal"", ""3d_coords"": [1.2323485742386673, 1.9779332506077625, 0.699999988079071], ""rotation"": 287.2242126464844}, {""name"": ""Object_6"", ""shape"": ""sphere"", ""size"": 0.701, ""material"": ""metal"", ""3d_coords"": [-0.06383135440439136, -3.447260566399846, 0.699999988079071], ""rotation"": 344.1072998046875}, {""name"": ""Object_7"", ""shape"": ""sphere"", ""size"": 0.351, ""material"": ""rubber"", ""3d_coords"": [0.40677580597406626, 3.433592583664887, 0.3499999940395355], ""rotation"": 346.62005615234375}]}

What is the color of the object with a rotation of 75.78177642822266?  ASSISTANT:
assistant
{""answer"": ""red""}",red,"{""answer"": ""blue""}",8
20,23.910435,33.2881,36.727783,35.65463,36.179585,35.180084,34.555305,34.675568,34.593006,35.869335,35.769608,36.847603,37.44443,38.751595,38.30747,39.33075,40.55319,39.752754,40.156597,41.212814,40.302425,41.34293,42.627155,41.082058,41.048733,40.39649,41.264374,42.0044,42.04642,41.877945,41.20371,39.583435,40.887737,43.29575,46.114727,45.828476,53.771526,Img tokens,53,64,"['user\n USER:  \nThis image shows a minimalist arrangement of 3D geometric shapes made of different materials and colors. The JSON provided contains information about all objects in the scene, including their name, 3D coordinates (represented as [X, Y, Z]), material (metal = shinny, rubber = matte), and other attributes. \nYour job is to identify the gray colored object in the image, match its attributes to identify which of the objects mentioned in the JSON corresponds to that object, and determine its rotation in the following format: {""answer"": ""ROTATION""}\nDo not add any additional text to your answer, provide your answer always in the following format: {""answer"": ""ROTATION""}. \n\nUnderstanding the Coordinate System X, Y, Z:\n• X (Depth): Represents the depth relative to the camera. Smaller values indicate objects that are farther away.\n• Y (Horizontal Position): Represents the left-to-right position. A value of zero means the object is centered in the scene, negative values place the object to the left, and positive values to the right.\n• Z (Vertical Position): Represents the height of the object\'s center point. Larger values correspond to higher vertical positions.\n\nHere is the JSON containing details about all objects in the scene in the image:\n\n{""camera_location"": [9.915478112284436, 0, 5.34366512298584], ""objects"": [{""name"": ""Object_0"", ""shape"": ""cone"", ""size"": 0.701, ""material"": ""metal"", ""3d_coords"": [-2.2778193362856465, -1.6093739849760187, 0.699999988079071], ""rotation"": 56.63710021972656}, {""name"": ""Object_1"", ""shape"": ""cylinder"", ""size"": 0.7, ""material"": ""rubber"", ""3d_coords"": [0.7564866389478568, 3.1605182904211926, 0.699999988079071], ""rotation"": 211.11355590820312}, {""name"": ""Object_2"", ""shape"": ""cylinder"", ""size"": 0.351, ""material"": ""rubber"", ""3d_coords"": [3.030335189382724, 0.6367029216640572, 0.3499999940395355], ""rotation"": 173.11021423339844}, {""name"": ""Object_3"", ""shape"": ""cube"", ""size"": 0.351, ""material"": ""rubber"", ""3d_coords"": [-1.1013150744206142, -0.6742462953970658, 0.3499999940395355], ""rotation"": 293.5579528808594}, {""name"": ""Object_4"", ""shape"": ""sphere"", ""size"": 0.7, ""material"": ""metal"", ""3d_coords"": [-0.03242299061260745, -3.0150073204698806, 0.699999988079071], ""rotation"": 278.7586669921875}, {""name"": ""Object_5"", ""shape"": ""sphere"", ""size"": 0.351, ""material"": ""rubber"", ""3d_coords"": [-1.539528920201923, 1.4368258208362459, 0.3499999940395355], ""rotation"": 249.6799774169922}, {""name"": ""Object_6"", ""shape"": ""sphere"", ""size"": 0.701, ""material"": ""rubber"", ""3d_coords"": [-3.603400639869795, -0.11707381905353587, 0.699999988079071], ""rotation"": 15.354483604431152}, {""name"": ""Object_7"", ""shape"": ""cylinder"", ""size"": 0.351, ""material"": ""rubber"", ""3d_coords"": [1.7855962776226457, 2.2611515867329586, 0.3499999940395355], ""rotation"": 51.206382751464844}, {""name"": ""Object_8"", ""shape"": ""sphere"", ""size"": 0.7, ""material"": ""metal"", ""3d_coords"": [2.334640530788117, -1.0859925247221103, 0.699999988079071], ""rotation"": 72.93251037597656}]}\n\nWhat is the rotation value of the gray colored object?  ASSISTANT:\nassistant\n{""answer"": ""72.93251037597656""}']",72.93251037597656,"{""answer"": 72.93251037597656}",9,"user
 USER:  
This image shows a minimalist arrangement of 3D geometric shapes made of different materials and colors. The JSON provided contains information about all objects in the scene, including their name, 3D coordinates (represented as [X, Y, Z]), material (metal = shinny, rubber = matte), and other attributes. 
Your job is to identify the gray colored object in the image, match its attributes to identify which of the objects mentioned in the JSON corresponds to that object, and determine its rotation in the following format: {""answer"": ""ROTATION""}
Do not add any additional text to your answer, provide your answer always in the following format: {""answer"": ""ROTATION""}. 

Understanding the Coordinate System X, Y, Z:
• X (Depth): Represents the depth relative to the camera. Smaller values indicate objects that are farther away.
• Y (Horizontal Position): Represents the left-to-right position. A value of zero means the object is centered in the scene, negative values place the object to the left, and positive values to the right.
• Z (Vertical Position): Represents the height of the object's center point. Larger values correspond to higher vertical positions.

Here is the JSON containing details about all objects in the scene in the image:

{""camera_location"": [9.915478112284436, 0, 5.34366512298584], ""objects"": [{""name"": ""Object_0"", ""shape"": ""cone"", ""size"": 0.701, ""material"": ""metal"", ""3d_coords"": [-2.2778193362856465, -1.6093739849760187, 0.699999988079071], ""rotation"": 56.63710021972656}, {""name"": ""Object_1"", ""shape"": ""cylinder"", ""size"": 0.7, ""material"": ""rubber"", ""3d_coords"": [0.7564866389478568, 3.1605182904211926, 0.699999988079071], ""rotation"": 211.11355590820312}, {""name"": ""Object_2"", ""shape"": ""cylinder"", ""size"": 0.351, ""material"": ""rubber"", ""3d_coords"": [3.030335189382724, 0.6367029216640572, 0.3499999940395355], ""rotation"": 173.11021423339844}, {""name"": ""Object_3"", ""shape"": ""cube"", ""size"": 0.351, ""material"": ""rubber"", ""3d_coords"": [-1.1013150744206142, -0.6742462953970658, 0.3499999940395355], ""rotation"": 293.5579528808594}, {""name"": ""Object_4"", ""shape"": ""sphere"", ""size"": 0.7, ""material"": ""metal"", ""3d_coords"": [-0.03242299061260745, -3.0150073204698806, 0.699999988079071], ""rotation"": 278.7586669921875}, {""name"": ""Object_5"", ""shape"": ""sphere"", ""size"": 0.351, ""material"": ""rubber"", ""3d_coords"": [-1.539528920201923, 1.4368258208362459, 0.3499999940395355], ""rotation"": 249.6799774169922}, {""name"": ""Object_6"", ""shape"": ""sphere"", ""size"": 0.701, ""material"": ""rubber"", ""3d_coords"": [-3.603400639869795, -0.11707381905353587, 0.699999988079071], ""rotation"": 15.354483604431152}, {""name"": ""Object_7"", ""shape"": ""cylinder"", ""size"": 0.351, ""material"": ""rubber"", ""3d_coords"": [1.7855962776226457, 2.2611515867329586, 0.3499999940395355], ""rotation"": 51.206382751464844}, {""name"": ""Object_8"", ""shape"": ""sphere"", ""size"": 0.7, ""material"": ""metal"", ""3d_coords"": [2.334640530788117, -1.0859925247221103, 0.699999988079071], ""rotation"": 72.93251037597656}]}

What is the rotation value of the gray colored object?  ASSISTANT:
assistant
{""answer"": 293.5579528808594}",293.5579528808594,"{""answer"": 72.93251037597656}",9
21,22.040339,31.875563,36.50879,36.117634,36.72549,35.797688,34.972805,35.114178,34.751526,35.22349,34.95267,35.31156,36.06733,37.390987,37.23653,38.409157,39.40691,38.649773,39.436855,40.898407,39.90627,41.14422,42.446575,40.75508,40.991585,39.25425,39.998676,41.272118,41.468185,41.463566,42.16834,39.54075,42.328636,44.951653,47.75822,47.44139,53.639473,Img tokens,1307,1766,"['user\n USER:  \nThis image shows a minimalist arrangement of 3D geometric shapes made of different materials and colors. The JSON provided contains information about all objects in the scene, including their name, 3D coordinates (represented as [X, Y, Z]), material (metal = shinny, rubber = matte), and other attributes. \nYour job is to analyze this information, find the object named \'Object_2\', use its attributes to identify which object in the image corresponds to that object, and retrieve its color in the following format: {""answer"": ""COLOR""}\nSelect your answer from the following options: gray, red, blue, green, brown, purple, cyan, or yellow. Do not add any additional text to your answer, provide your answer always in the following format: {""answer"": ""COLOR""}. \n\nUnderstanding the Coordinate System X, Y, Z:\n• X (Depth): Represents the depth relative to the camera. Smaller values indicate objects that are farther away.\n• Y (Horizontal Position): Represents the left-to-right position. A value of zero means the object is centered in the scene, negative values place the object to the left, and positive values to the right.\n• Z (Vertical Position): Represents the height of the object\'s center point. Larger values correspond to higher vertical positions.\n\nHere is the JSON containing details about all objects in the scene in the image:\n\n{""camera_location"": [9.915478112284436, 0, 5.34366512298584], ""objects"": [{""name"": ""Object_0"", ""shape"": ""cone"", ""size"": 0.7, ""material"": ""metal"", ""3d_coords"": [-2.8839351172117005, -0.2536845856104357, 0.699999988079071], ""rotation"": 28.844106674194336}, {""name"": ""Object_1"", ""shape"": ""cylinder"", ""size"": 0.7, ""material"": ""metal"", ""3d_coords"": [1.4344545268755151, -1.4074696284077985, 0.699999988079071], ""rotation"": 340.490478515625}, {""name"": ""Object_2"", ""shape"": ""cube"", ""size"": 0.351, ""material"": ""metal"", ""3d_coords"": [0.39217149138876983, 2.1709943247820096, 0.3499999940395355], ""rotation"": 238.8386993408203}, {""name"": ""Object_3"", ""shape"": ""cone"", ""size"": 0.7, ""material"": ""metal"", ""3d_coords"": [-0.28966501140358325, 3.4754815982173186, 0.699999988079071], ""rotation"": 140.06410217285156}, {""name"": ""Object_4"", ""shape"": ""cube"", ""size"": 0.351, ""material"": ""metal"", ""3d_coords"": [3.2507579782822367, -0.7659305988606258, 0.3499999940395355], ""rotation"": 167.57737731933594}, {""name"": ""Object_5"", ""shape"": ""cone"", ""size"": 0.351, ""material"": ""rubber"", ""3d_coords"": [-2.119971397323962, 1.686120705729722, 0.3499999940395355], ""rotation"": 88.39899444580078}, {""name"": ""Object_6"", ""shape"": ""cube"", ""size"": 0.701, ""material"": ""metal"", ""3d_coords"": [-1.2340097552806468, 0.6285478458156566, 0.699999988079071], ""rotation"": 163.65171813964844}]}\n\nWhat is the color of the object named \'Object_2\'?  ASSISTANT:\nassistant\n{""answer"": ""blue""}']",blue,"{""answer"": ""green""}",7,"user
 USER:  
This image shows a minimalist arrangement of 3D geometric shapes made of different materials and colors. The JSON provided contains information about all objects in the scene, including their name, 3D coordinates (represented as [X, Y, Z]), material (metal = shinny, rubber = matte), and other attributes. 
Your job is to analyze this information, find the object named 'Object_2', use its attributes to identify which object in the image corresponds to that object, and retrieve its color in the following format: {""answer"": ""COLOR""}
Select your answer from the following options: gray, red, blue, green, brown, purple, cyan, or yellow. Do not add any additional text to your answer, provide your answer always in the following format: {""answer"": ""COLOR""}. 

Understanding the Coordinate System X, Y, Z:
• X (Depth): Represents the depth relative to the camera. Smaller values indicate objects that are farther away.
• Y (Horizontal Position): Represents the left-to-right position. A value of zero means the object is centered in the scene, negative values place the object to the left, and positive values to the right.
• Z (Vertical Position): Represents the height of the object's center point. Larger values correspond to higher vertical positions.

Here is the JSON containing details about all objects in the scene in the image:

{""camera_location"": [9.915478112284436, 0, 5.34366512298584], ""objects"": [{""name"": ""Object_0"", ""shape"": ""cone"", ""size"": 0.7, ""material"": ""metal"", ""3d_coords"": [-2.8839351172117005, -0.2536845856104357, 0.699999988079071], ""rotation"": 28.844106674194336}, {""name"": ""Object_1"", ""shape"": ""cylinder"", ""size"": 0.7, ""material"": ""metal"", ""3d_coords"": [1.4344545268755151, -1.4074696284077985, 0.699999988079071], ""rotation"": 340.490478515625}, {""name"": ""Object_2"", ""shape"": ""cube"", ""size"": 0.351, ""material"": ""metal"", ""3d_coords"": [0.39217149138876983, 2.1709943247820096, 0.3499999940395355], ""rotation"": 238.8386993408203}, {""name"": ""Object_3"", ""shape"": ""cone"", ""size"": 0.7, ""material"": ""metal"", ""3d_coords"": [-0.28966501140358325, 3.4754815982173186, 0.699999988079071], ""rotation"": 140.06410217285156}, {""name"": ""Object_4"", ""shape"": ""cube"", ""size"": 0.351, ""material"": ""metal"", ""3d_coords"": [3.2507579782822367, -0.7659305988606258, 0.3499999940395355], ""rotation"": 167.57737731933594}, {""name"": ""Object_5"", ""shape"": ""cone"", ""size"": 0.351, ""material"": ""rubber"", ""3d_coords"": [-2.119971397323962, 1.686120705729722, 0.3499999940395355], ""rotation"": 88.39899444580078}, {""name"": ""Object_6"", ""shape"": ""cube"", ""size"": 0.701, ""material"": ""metal"", ""3d_coords"": [-1.2340097552806468, 0.6285478458156566, 0.699999988079071], ""rotation"": 163.65171813964844}]}

What is the color of the object named 'Object_2'?  ASSISTANT:
assistant
{""answer"": ""gray""}",gray,"{""answer"": ""green""}",7
22,17.970434,27.946947,32.167366,32.082787,32.3734,31.520483,30.720411,30.740017,30.244223,31.45889,31.067003,32.150604,33.30565,35.096607,35.221375,36.72099,37.615364,37.1611,38.03496,39.603024,38.765495,39.886326,40.72264,38.741158,38.35489,37.732994,38.218094,38.105743,38.279743,38.431633,38.481937,36.95497,37.830143,39.96469,42.74739,42.12276,48.0459,Img tokens,3462,4597,"['user\n USER:  \nThis image shows a minimalist arrangement of 3D geometric shapes made of different materials and colors. The JSON provided contains information about all objects in the scene, including their name, 3D coordinates (represented as [X, Y, Z]), material (metal = shinny, rubber = matte), and other attributes. \nYour job is to analyze this information, find the object at coordinates [-1.6205637265514417, -1.6095188497030175, 0.3499999940395355], use its attributes to identify which object in the image corresponds to that object, and retrieve its color in the following format: {""answer"": ""COLOR""}\nSelect your answer from the following options: gray, red, blue, green, brown, purple, cyan, or yellow. Do not add any additional text to your answer, provide your answer always in the following format: {""answer"": ""COLOR""}. \n\nUnderstanding the Coordinate System X, Y, Z:\n• X (Depth): Represents the depth relative to the camera. Smaller values indicate objects that are farther away.\n• Y (Horizontal Position): Represents the left-to-right position. A value of zero means the object is centered in the scene, negative values place the object to the left, and positive values to the right.\n• Z (Vertical Position): Represents the height of the object\'s center point. Larger values correspond to higher vertical positions.\n\nHere is the JSON containing details about all objects in the scene in the image:\n\n{""camera_location"": [9.915478112284436, 0, 5.34366512298584], ""objects"": [{""name"": ""Object_0"", ""shape"": ""cube"", ""size"": 0.351, ""material"": ""rubber"", ""3d_coords"": [0.2692485868464962, 2.6156030522240585, 0.3499999940395355], ""rotation"": 31.759798049926758}, {""name"": ""Object_1"", ""shape"": ""cylinder"", ""size"": 0.351, ""material"": ""metal"", ""3d_coords"": [-1.6205637265514417, -1.6095188497030175, 0.3499999940395355], ""rotation"": 1.592658519744873}, {""name"": ""Object_2"", ""shape"": ""sphere"", ""size"": 0.35, ""material"": ""metal"", ""3d_coords"": [2.361977664529512, -1.0024581030893205, 0.3499999940395355], ""rotation"": 352.219970703125}, {""name"": ""Object_3"", ""shape"": ""cube"", ""size"": 0.351, ""material"": ""metal"", ""3d_coords"": [-0.9183712132778115, 0.1318403097967576, 0.3499999940395355], ""rotation"": 69.93518829345703}]}\n\nWhat is the color of the object at the coordinates [-1.6205637265514417, -1.6095188497030175, 0.3499999940395355]?  ASSISTANT:\nassistant\n{""answer"": ""green""}']",green,"{""answer"": ""green""}",4,"user
 USER:  
This image shows a minimalist arrangement of 3D geometric shapes made of different materials and colors. The JSON provided contains information about all objects in the scene, including their name, 3D coordinates (represented as [X, Y, Z]), material (metal = shinny, rubber = matte), and other attributes. 
Your job is to analyze this information, find the object at coordinates [-1.6205637265514417, -1.6095188497030175, 0.3499999940395355], use its attributes to identify which object in the image corresponds to that object, and retrieve its color in the following format: {""answer"": ""COLOR""}
Select your answer from the following options: gray, red, blue, green, brown, purple, cyan, or yellow. Do not add any additional text to your answer, provide your answer always in the following format: {""answer"": ""COLOR""}. 

Understanding the Coordinate System X, Y, Z:
• X (Depth): Represents the depth relative to the camera. Smaller values indicate objects that are farther away.
• Y (Horizontal Position): Represents the left-to-right position. A value of zero means the object is centered in the scene, negative values place the object to the left, and positive values to the right.
• Z (Vertical Position): Represents the height of the object's center point. Larger values correspond to higher vertical positions.

Here is the JSON containing details about all objects in the scene in the image:

{""camera_location"": [9.915478112284436, 0, 5.34366512298584], ""objects"": [{""name"": ""Object_0"", ""shape"": ""cube"", ""size"": 0.351, ""material"": ""rubber"", ""3d_coords"": [0.2692485868464962, 2.6156030522240585, 0.3499999940395355], ""rotation"": 31.759798049926758}, {""name"": ""Object_1"", ""shape"": ""cylinder"", ""size"": 0.351, ""material"": ""metal"", ""3d_coords"": [-1.6205637265514417, -1.6095188497030175, 0.3499999940395355], ""rotation"": 1.592658519744873}, {""name"": ""Object_2"", ""shape"": ""sphere"", ""size"": 0.35, ""material"": ""metal"", ""3d_coords"": [2.361977664529512, -1.0024581030893205, 0.3499999940395355], ""rotation"": 352.219970703125}, {""name"": ""Object_3"", ""shape"": ""cube"", ""size"": 0.351, ""material"": ""metal"", ""3d_coords"": [-0.9183712132778115, 0.1318403097967576, 0.3499999940395355], ""rotation"": 69.93518829345703}]}

What is the color of the object at the coordinates [-1.6205637265514417, -1.6095188497030175, 0.3499999940395355]?  ASSISTANT:
assistant
{""answer"": ""blue""}",blue,"{""answer"": ""green""}",4
23,22.558197,31.63543,35.851852,35.40553,35.83268,34.789337,34.26262,34.454357,34.466263,35.65116,35.63675,36.592873,37.322468,38.54024,38.140068,39.159847,40.453907,39.52828,40.138336,41.37101,40.184467,41.112617,42.438976,40.704338,40.55005,40.18347,40.695347,41.51362,41.393932,41.49803,42.072987,40.48947,41.243996,43.70639,46.13549,46.32727,54.63779,Img tokens,2787,3695,"['user\n USER:  \nThis image shows a minimalist arrangement of 3D geometric shapes made of different materials and colors. The JSON provided contains information about all objects in the scene, including their name, 3D coordinates (represented as [X, Y, Z]), material (metal = shinny, rubber = matte), and other attributes. \nYour job is to identify the brown colored object in the image, match its attributes to identify which of the objects mentioned in the JSON corresponds to that object, and determine its rotation in the following format: {""answer"": ""ROTATION""}\nDo not add any additional text to your answer, provide your answer always in the following format: {""answer"": ""ROTATION""}. \n\nUnderstanding the Coordinate System X, Y, Z:\n• X (Depth): Represents the depth relative to the camera. Smaller values indicate objects that are farther away.\n• Y (Horizontal Position): Represents the left-to-right position. A value of zero means the object is centered in the scene, negative values place the object to the left, and positive values to the right.\n• Z (Vertical Position): Represents the height of the object\'s center point. Larger values correspond to higher vertical positions.\n\nHere is the JSON containing details about all objects in the scene in the image:\n\n{""camera_location"": [9.915478112284436, 0, 5.34366512298584], ""objects"": [{""name"": ""Object_0"", ""shape"": ""sphere"", ""size"": 0.7, ""material"": ""metal"", ""3d_coords"": [-0.07361999526687302, 1.8722428745253594, 0.699999988079071], ""rotation"": 15.92742919921875}, {""name"": ""Object_1"", ""shape"": ""sphere"", ""size"": 0.351, ""material"": ""metal"", ""3d_coords"": [-2.700051231943594, 0.4616032561715302, 0.3499999940395355], ""rotation"": 164.30142211914062}, {""name"": ""Object_2"", ""shape"": ""cube"", ""size"": 0.7, ""material"": ""metal"", ""3d_coords"": [-1.2432265751953837, -2.495981055345415, 0.699999988079071], ""rotation"": 66.65753173828125}, {""name"": ""Object_3"", ""shape"": ""cube"", ""size"": 0.351, ""material"": ""rubber"", ""3d_coords"": [-1.9022750934629629, -1.2867743830808136, 0.3499999940395355], ""rotation"": 105.78932189941406}, {""name"": ""Object_4"", ""shape"": ""sphere"", ""size"": 0.351, ""material"": ""rubber"", ""3d_coords"": [-0.5099157323377341, -0.18524114604745404, 0.3499999940395355], ""rotation"": 264.9756774902344}, {""name"": ""Object_5"", ""shape"": ""cube"", ""size"": 0.7, ""material"": ""metal"", ""3d_coords"": [0.4048916457016045, 3.489996715421023, 0.699999988079071], ""rotation"": 224.58984375}, {""name"": ""Object_6"", ""shape"": ""cylinder"", ""size"": 0.7, ""material"": ""rubber"", ""3d_coords"": [1.097881859916141, -1.827211128137302, 0.699999988079071], ""rotation"": 357.45440673828125}, {""name"": ""Object_7"", ""shape"": ""sphere"", ""size"": 0.351, ""material"": ""metal"", ""3d_coords"": [2.460918624448298, 1.0509875036163945, 0.3499999940395355], ""rotation"": 187.651611328125}]}\n\nWhat is the rotation value of the brown colored object?  ASSISTANT:\nassistant\n{""answer"": ""357.45440673828125""}']",357.45440673828125,"{""answer"": 224.58984375}",8,"user
 USER:  
This image shows a minimalist arrangement of 3D geometric shapes made of different materials and colors. The JSON provided contains information about all objects in the scene, including their name, 3D coordinates (represented as [X, Y, Z]), material (metal = shinny, rubber = matte), and other attributes. 
Your job is to identify the brown colored object in the image, match its attributes to identify which of the objects mentioned in the JSON corresponds to that object, and determine its rotation in the following format: {""answer"": ""ROTATION""}
Do not add any additional text to your answer, provide your answer always in the following format: {""answer"": ""ROTATION""}. 

Understanding the Coordinate System X, Y, Z:
• X (Depth): Represents the depth relative to the camera. Smaller values indicate objects that are farther away.
• Y (Horizontal Position): Represents the left-to-right position. A value of zero means the object is centered in the scene, negative values place the object to the left, and positive values to the right.
• Z (Vertical Position): Represents the height of the object's center point. Larger values correspond to higher vertical positions.

Here is the JSON containing details about all objects in the scene in the image:

{""camera_location"": [9.915478112284436, 0, 5.34366512298584], ""objects"": [{""name"": ""Object_0"", ""shape"": ""sphere"", ""size"": 0.7, ""material"": ""metal"", ""3d_coords"": [-0.07361999526687302, 1.8722428745253594, 0.699999988079071], ""rotation"": 15.92742919921875}, {""name"": ""Object_1"", ""shape"": ""sphere"", ""size"": 0.351, ""material"": ""metal"", ""3d_coords"": [-2.700051231943594, 0.4616032561715302, 0.3499999940395355], ""rotation"": 164.30142211914062}, {""name"": ""Object_2"", ""shape"": ""cube"", ""size"": 0.7, ""material"": ""metal"", ""3d_coords"": [-1.2432265751953837, -2.495981055345415, 0.699999988079071], ""rotation"": 66.65753173828125}, {""name"": ""Object_3"", ""shape"": ""cube"", ""size"": 0.351, ""material"": ""rubber"", ""3d_coords"": [-1.9022750934629629, -1.2867743830808136, 0.3499999940395355], ""rotation"": 105.78932189941406}, {""name"": ""Object_4"", ""shape"": ""sphere"", ""size"": 0.351, ""material"": ""rubber"", ""3d_coords"": [-0.5099157323377341, -0.18524114604745404, 0.3499999940395355], ""rotation"": 264.9756774902344}, {""name"": ""Object_5"", ""shape"": ""cube"", ""size"": 0.7, ""material"": ""metal"", ""3d_coords"": [0.4048916457016045, 3.489996715421023, 0.699999988079071], ""rotation"": 224.58984375}, {""name"": ""Object_6"", ""shape"": ""cylinder"", ""size"": 0.7, ""material"": ""rubber"", ""3d_coords"": [1.097881859916141, -1.827211128137302, 0.699999988079071], ""rotation"": 357.45440673828125}, {""name"": ""Object_7"", ""shape"": ""sphere"", ""size"": 0.351, ""material"": ""metal"", ""3d_coords"": [2.460918624448298, 1.0509875036163945, 0.3499999940395355], ""rotation"": 187.651611328125}]}

What is the rotation value of the brown colored object?  ASSISTANT:
assistant
{""answer"": ""224.58984375""}",224.58984375,"{""answer"": 224.58984375}",8
24,17.485342,26.457378,30.987135,30.65959,30.917131,29.95985,29.244602,29.375948,28.817049,29.803892,29.616047,30.507973,31.965319,33.954376,34.480946,36.128357,37.285187,36.60824,37.39579,38.91272,37.65463,38.90612,39.910725,38.4232,37.467484,37.189545,37.50651,37.493923,37.668556,38.343273,36.471073,35.705517,36.153328,38.62323,40.87047,40.41013,45.947342,Img tokens,2276,3035,"['user\n USER:  \nThis image shows a minimalist arrangement of 3D geometric shapes made of different materials and colors. The JSON provided contains information about all objects in the scene, including their name, 3D coordinates (represented as [X, Y, Z]), material (metal = shinny, rubber = matte), and other attributes. \nYour job is to analyze this information, find the object named \'Object_1\', use its attributes to identify which object in the image corresponds to that object, and retrieve its shape in the following format: {""answer"": ""SHAPE""}\nSelect your answer from the following options: cylinder, sphere, cone, or cube. Do not add any additional text to your answer, provide your answer always in the following format: {""answer"": ""SHAPE""}. \n\nUnderstanding the Coordinate System X, Y, Z:\n• X (Depth): Represents the depth relative to the camera. Smaller values indicate objects that are farther away.\n• Y (Horizontal Position): Represents the left-to-right position. A value of zero means the object is centered in the scene, negative values place the object to the left, and positive values to the right.\n• Z (Vertical Position): Represents the height of the object\'s center point. Larger values correspond to higher vertical positions.\n\nHere is the JSON containing details about all objects in the scene in the image:\n\n{""camera_location"": [9.915478112284436, 0, 5.34366512298584], ""objects"": [{""name"": ""Object_0"", ""size"": 0.351, ""material"": ""metal"", ""3d_coords"": [0.04394927913947255, 0.6171594319543938, 0.3499999940395355], ""rotation"": 103.81303405761719, ""color"": ""brown""}, {""name"": ""Object_1"", ""size"": 0.351, ""material"": ""rubber"", ""3d_coords"": [1.525246365328825, -0.7400269287732497, 0.3499999940395355], ""rotation"": 199.88343811035156, ""color"": ""cyan""}, {""name"": ""Object_2"", ""size"": 0.351, ""material"": ""rubber"", ""3d_coords"": [-0.3794246517944452, -1.8250792228155683, 0.3499999940395355], ""rotation"": 359.5333251953125, ""color"": ""gray""}]}\n\nWhat is the shape of the object named \'Object_1\'?  ASSISTANT:\nassistant\n{""answer"": ""sphere""}']",sphere,"{""answer"": ""sphere""}",3,"user
 USER:  
This image shows a minimalist arrangement of 3D geometric shapes made of different materials and colors. The JSON provided contains information about all objects in the scene, including their name, 3D coordinates (represented as [X, Y, Z]), material (metal = shinny, rubber = matte), and other attributes. 
Your job is to analyze this information, find the object named 'Object_1', use its attributes to identify which object in the image corresponds to that object, and retrieve its shape in the following format: {""answer"": ""SHAPE""}
Select your answer from the following options: cylinder, sphere, cone, or cube. Do not add any additional text to your answer, provide your answer always in the following format: {""answer"": ""SHAPE""}. 

Understanding the Coordinate System X, Y, Z:
• X (Depth): Represents the depth relative to the camera. Smaller values indicate objects that are farther away.
• Y (Horizontal Position): Represents the left-to-right position. A value of zero means the object is centered in the scene, negative values place the object to the left, and positive values to the right.
• Z (Vertical Position): Represents the height of the object's center point. Larger values correspond to higher vertical positions.

Here is the JSON containing details about all objects in the scene in the image:

{""camera_location"": [9.915478112284436, 0, 5.34366512298584], ""objects"": [{""name"": ""Object_0"", ""size"": 0.351, ""material"": ""metal"", ""3d_coords"": [0.04394927913947255, 0.6171594319543938, 0.3499999940395355], ""rotation"": 103.81303405761719, ""color"": ""brown""}, {""name"": ""Object_1"", ""size"": 0.351, ""material"": ""rubber"", ""3d_coords"": [1.525246365328825, -0.7400269287732497, 0.3499999940395355], ""rotation"": 199.88343811035156, ""color"": ""cyan""}, {""name"": ""Object_2"", ""size"": 0.351, ""material"": ""rubber"", ""3d_coords"": [-0.3794246517944452, -1.8250792228155683, 0.3499999940395355], ""rotation"": 359.5333251953125, ""color"": ""gray""}]}

What is the shape of the object named 'Object_1'?  ASSISTANT:
assistant
{""answer"": ""cone""}",cone,"{""answer"": ""sphere""}",3
25,24.500618,34.05778,37.701584,36.686966,37.33291,36.55646,36.214417,36.16026,36.112564,37.65161,37.37731,38.22214,39.038437,40.2037,39.79911,41.018986,42.234062,41.393745,41.806877,42.855,42.0918,42.87454,43.885227,41.90513,41.8411,40.72947,41.295673,42.082893,41.59599,41.64849,42.115166,39.89813,41.529823,43.321392,44.912216,43.490093,53.278572,Img tokens,1273,1719,"['user\n USER:  \nThis image shows a minimalist arrangement of 3D geometric shapes made of different materials and colors. The JSON provided contains information about all objects in the scene, including their name, 3D coordinates (represented as [X, Y, Z]), material (metal = shinny, rubber = matte), and other attributes. \nYour job is to analyze this information, find the object with a size of 0.701, use its attributes to identify which object in the image corresponds to that object, and retrieve its color in the following format: {""answer"": ""COLOR""}\nSelect your answer from the following options: gray, red, blue, green, brown, purple, cyan, or yellow. Do not add any additional text to your answer, provide your answer always in the following format: {""answer"": ""COLOR""}. \n\nUnderstanding the Coordinate System X, Y, Z:\n• X (Depth): Represents the depth relative to the camera. Smaller values indicate objects that are farther away.\n• Y (Horizontal Position): Represents the left-to-right position. A value of zero means the object is centered in the scene, negative values place the object to the left, and positive values to the right.\n• Z (Vertical Position): Represents the height of the object\'s center point. Larger values correspond to higher vertical positions.\n\nHere is the JSON containing details about all objects in the scene in the image:\n\n{""camera_location"": [9.915478112284436, 0, 5.34366512298584], ""objects"": [{""name"": ""Object_0"", ""shape"": ""cylinder"", ""size"": 0.7, ""material"": ""rubber"", ""3d_coords"": [-0.1606681918080175, 0.7018721599015969, 0.699999988079071], ""rotation"": 346.54864501953125}, {""name"": ""Object_1"", ""shape"": ""cube"", ""size"": 0.351, ""material"": ""rubber"", ""3d_coords"": [-2.367545748014542, -1.3522377104138676, 0.3499999940395355], ""rotation"": 164.09930419921875}, {""name"": ""Object_2"", ""shape"": ""cube"", ""size"": 0.7, ""material"": ""rubber"", ""3d_coords"": [-1.7097698929136345, 2.2686358410078236, 0.699999988079071], ""rotation"": 156.09521484375}, {""name"": ""Object_3"", ""shape"": ""sphere"", ""size"": 0.351, ""material"": ""rubber"", ""3d_coords"": [1.788194284270057, -2.1788770450712565, 0.3499999940395355], ""rotation"": 45.26325607299805}, {""name"": ""Object_4"", ""shape"": ""cylinder"", ""size"": 0.351, ""material"": ""rubber"", ""3d_coords"": [1.346578102516892, -0.7144348966941717, 0.3499999940395355], ""rotation"": 258.3526916503906}, {""name"": ""Object_5"", ""shape"": ""cylinder"", ""size"": 0.701, ""material"": ""rubber"", ""3d_coords"": [-0.8096957061792329, -3.1371075480461075, 0.699999988079071], ""rotation"": 44.271751403808594}, {""name"": ""Object_6"", ""shape"": ""cube"", ""size"": 0.7, ""material"": ""rubber"", ""3d_coords"": [2.6237371395358684, 1.375110532280918, 0.699999988079071], ""rotation"": 356.73760986328125}, {""name"": ""Object_7"", ""shape"": ""cylinder"", ""size"": 0.351, ""material"": ""metal"", ""3d_coords"": [3.6695428963977217, 0.18229497216910828, 0.3499999940395355], ""rotation"": 100.61064910888672}, {""name"": ""Object_8"", ""shape"": ""cone"", ""size"": 0.351, ""material"": ""rubber"", ""3d_coords"": [0.5219128239470097, 3.1775772075921687, 0.3499999940395355], ""rotation"": 161.50157165527344}]}\n\nWhat is the color of the object with a size of 0.701?  ASSISTANT:\nassistant\n{""answer"": ""cyan""}']",cyan,"{""answer"": ""green""}",9,"user
 USER:  
This image shows a minimalist arrangement of 3D geometric shapes made of different materials and colors. The JSON provided contains information about all objects in the scene, including their name, 3D coordinates (represented as [X, Y, Z]), material (metal = shinny, rubber = matte), and other attributes. 
Your job is to analyze this information, find the object with a size of 0.701, use its attributes to identify which object in the image corresponds to that object, and retrieve its color in the following format: {""answer"": ""COLOR""}
Select your answer from the following options: gray, red, blue, green, brown, purple, cyan, or yellow. Do not add any additional text to your answer, provide your answer always in the following format: {""answer"": ""COLOR""}. 

Understanding the Coordinate System X, Y, Z:
• X (Depth): Represents the depth relative to the camera. Smaller values indicate objects that are farther away.
• Y (Horizontal Position): Represents the left-to-right position. A value of zero means the object is centered in the scene, negative values place the object to the left, and positive values to the right.
• Z (Vertical Position): Represents the height of the object's center point. Larger values correspond to higher vertical positions.

Here is the JSON containing details about all objects in the scene in the image:

{""camera_location"": [9.915478112284436, 0, 5.34366512298584], ""objects"": [{""name"": ""Object_0"", ""shape"": ""cylinder"", ""size"": 0.7, ""material"": ""rubber"", ""3d_coords"": [-0.1606681918080175, 0.7018721599015969, 0.699999988079071], ""rotation"": 346.54864501953125}, {""name"": ""Object_1"", ""shape"": ""cube"", ""size"": 0.351, ""material"": ""rubber"", ""3d_coords"": [-2.367545748014542, -1.3522377104138676, 0.3499999940395355], ""rotation"": 164.09930419921875}, {""name"": ""Object_2"", ""shape"": ""cube"", ""size"": 0.7, ""material"": ""rubber"", ""3d_coords"": [-1.7097698929136345, 2.2686358410078236, 0.699999988079071], ""rotation"": 156.09521484375}, {""name"": ""Object_3"", ""shape"": ""sphere"", ""size"": 0.351, ""material"": ""rubber"", ""3d_coords"": [1.788194284270057, -2.1788770450712565, 0.3499999940395355], ""rotation"": 45.26325607299805}, {""name"": ""Object_4"", ""shape"": ""cylinder"", ""size"": 0.351, ""material"": ""rubber"", ""3d_coords"": [1.346578102516892, -0.7144348966941717, 0.3499999940395355], ""rotation"": 258.3526916503906}, {""name"": ""Object_5"", ""shape"": ""cylinder"", ""size"": 0.701, ""material"": ""rubber"", ""3d_coords"": [-0.8096957061792329, -3.1371075480461075, 0.699999988079071], ""rotation"": 44.271751403808594}, {""name"": ""Object_6"", ""shape"": ""cube"", ""size"": 0.7, ""material"": ""rubber"", ""3d_coords"": [2.6237371395358684, 1.375110532280918, 0.699999988079071], ""rotation"": 356.73760986328125}, {""name"": ""Object_7"", ""shape"": ""cylinder"", ""size"": 0.351, ""material"": ""metal"", ""3d_coords"": [3.6695428963977217, 0.18229497216910828, 0.3499999940395355], ""rotation"": 100.61064910888672}, {""name"": ""Object_8"", ""shape"": ""cone"", ""size"": 0.351, ""material"": ""rubber"", ""3d_coords"": [0.5219128239470097, 3.1775772075921687, 0.3499999940395355], ""rotation"": 161.50157165527344}]}

What is the color of the object with a size of 0.701?  ASSISTANT:
assistant
{""answer"": ""gray""}",gray,"{""answer"": ""green""}",9
26,20.004272,29.95549,34.078865,33.313786,33.85474,32.887833,32.17427,32.17576,31.924149,32.96248,32.775803,33.594364,34.782043,36.10887,36.342316,37.807964,39.345474,38.329624,39.292118,40.761406,39.709545,40.605255,41.994907,40.07079,39.347782,38.44438,39.119396,40.030167,40.46585,40.250942,39.832314,37.908287,39.817753,42.270416,44.256195,42.816742,51.137547,Img tokens,1763,2364,"['user\n USER:  \nThis image shows a minimalist arrangement of 3D geometric shapes made of different materials and colors. The JSON provided contains information about all objects in the scene, including their name, 3D coordinates (represented as [X, Y, Z]), material (metal = shinny, rubber = matte), and other attributes. \nYour job is to identify the cone in the image, match its attributes to identify which of the objects mentioned in the JSON corresponds to that object, and determine its 3D coordinates in the following format: {""answer"": [X, Y, Z]}\nDo not add any additional text to your answer, provide your answer always in the following format: {""answer"": [X, Y, Z]}. \n\nUnderstanding the Coordinate System X, Y, Z:\n• X (Depth): Represents the depth relative to the camera. Smaller values indicate objects that are farther away.\n• Y (Horizontal Position): Represents the left-to-right position. A value of zero means the object is centered in the scene, negative values place the object to the left, and positive values to the right.\n• Z (Vertical Position): Represents the height of the object\'s center point. Larger values correspond to higher vertical positions.\n\nHere is the JSON containing details about all objects in the scene in the image:\n\n{""camera_location"": [9.915478112284436, 0, 5.34366512298584], ""objects"": [{""name"": ""Object_0"", ""size"": 0.351, ""material"": ""rubber"", ""3d_coords"": [1.7637049622115026, -2.078359624814423, 0.3499999940395355], ""rotation"": 230.55128479003906, ""color"": ""cyan""}, {""name"": ""Object_1"", ""size"": 0.701, ""material"": ""rubber"", ""3d_coords"": [-0.541677747336774, -0.25762640855916286, 0.699999988079071], ""rotation"": 109.10364532470703, ""color"": ""gray""}, {""name"": ""Object_2"", ""size"": 0.351, ""material"": ""rubber"", ""3d_coords"": [0.9457669489564922, -0.9416399909697161, 0.3499999940395355], ""rotation"": 19.822256088256836, ""color"": ""red""}, {""name"": ""Object_3"", ""size"": 0.7, ""material"": ""metal"", ""3d_coords"": [-1.4870844308204467, 1.8173299038159842, 0.699999988079071], ""rotation"": 345.46905517578125, ""color"": ""green""}, {""name"": ""Object_4"", ""size"": 0.701, ""material"": ""rubber"", ""3d_coords"": [0.06377568583385718, -3.8369737436151885, 0.699999988079071], ""rotation"": 195.95790100097656, ""color"": ""blue""}, {""name"": ""Object_5"", ""size"": 0.7, ""material"": ""rubber"", ""3d_coords"": [-2.8465154139901827, 0.5906719929122008, 0.699999988079071], ""rotation"": 323.02484130859375, ""color"": ""green""}, {""name"": ""Object_6"", ""size"": 0.351, ""material"": ""metal"", ""3d_coords"": [2.7516130061875574, -1.5240810690226496, 0.3499999940395355], ""rotation"": 111.76055145263672, ""color"": ""cyan""}]}\n\nWhich are the 3D coordinates of the cone?  ASSISTANT:\nassistant\n{""answer"": [0.9457669489564922, -0.9416399909697161, 0.3499']","[0.9457669489564922, -0.9416399909697161, 0.3499","{""answer"": [-2.8465154139901827, 0.5906719929122008, 0.699999988079071]}",7,"user
 USER:  
This image shows a minimalist arrangement of 3D geometric shapes made of different materials and colors. The JSON provided contains information about all objects in the scene, including their name, 3D coordinates (represented as [X, Y, Z]), material (metal = shinny, rubber = matte), and other attributes. 
Your job is to identify the cone in the image, match its attributes to identify which of the objects mentioned in the JSON corresponds to that object, and determine its 3D coordinates in the following format: {""answer"": [X, Y, Z]}
Do not add any additional text to your answer, provide your answer always in the following format: {""answer"": [X, Y, Z]}. 

Understanding the Coordinate System X, Y, Z:
• X (Depth): Represents the depth relative to the camera. Smaller values indicate objects that are farther away.
• Y (Horizontal Position): Represents the left-to-right position. A value of zero means the object is centered in the scene, negative values place the object to the left, and positive values to the right.
• Z (Vertical Position): Represents the height of the object's center point. Larger values correspond to higher vertical positions.

Here is the JSON containing details about all objects in the scene in the image:

{""camera_location"": [9.915478112284436, 0, 5.34366512298584], ""objects"": [{""name"": ""Object_0"", ""size"": 0.351, ""material"": ""rubber"", ""3d_coords"": [1.7637049622115026, -2.078359624814423, 0.3499999940395355], ""rotation"": 230.55128479003906, ""color"": ""cyan""}, {""name"": ""Object_1"", ""size"": 0.701, ""material"": ""rubber"", ""3d_coords"": [-0.541677747336774, -0.25762640855916286, 0.699999988079071], ""rotation"": 109.10364532470703, ""color"": ""gray""}, {""name"": ""Object_2"", ""size"": 0.351, ""material"": ""rubber"", ""3d_coords"": [0.9457669489564922, -0.9416399909697161, 0.3499999940395355], ""rotation"": 19.822256088256836, ""color"": ""red""}, {""name"": ""Object_3"", ""size"": 0.7, ""material"": ""metal"", ""3d_coords"": [-1.4870844308204467, 1.8173299038159842, 0.699999988079071], ""rotation"": 345.46905517578125, ""color"": ""green""}, {""name"": ""Object_4"", ""size"": 0.701, ""material"": ""rubber"", ""3d_coords"": [0.06377568583385718, -3.8369737436151885, 0.699999988079071], ""rotation"": 195.95790100097656, ""color"": ""blue""}, {""name"": ""Object_5"", ""size"": 0.7, ""material"": ""rubber"", ""3d_coords"": [-2.8465154139901827, 0.5906719929122008, 0.699999988079071], ""rotation"": 323.02484130859375, ""color"": ""green""}, {""name"": ""Object_6"", ""size"": 0.351, ""material"": ""metal"", ""3d_coords"": [2.7516130061875574, -1.5240810690226496, 0.3499999940395355], ""rotation"": 111.76055145263672, ""color"": ""cyan""}]}

Which are the 3D coordinates of the cone?  ASSISTANT:
assistant
{""answer"": [1.7637049622115026, -2.078359624814423, 0.34999","[1.7637049622115026, -2.078359624814423, 0.34999","{""answer"": [-2.8465154139901827, 0.5906719929122008, 0.699999988079071]}",7
27,23.02458,33.21573,36.618908,35.50999,36.240173,35.43602,34.91018,35.061195,34.99356,36.453655,36.336918,37.328735,38.700695,39.703472,39.491932,40.271706,41.823048,41.028034,41.656002,42.869778,41.692825,42.57837,44.03072,42.105167,41.778557,40.97254,41.565464,42.027477,41.666016,42.0275,42.576683,40.617065,42.810505,44.71309,46.635895,46.282703,54.51132,Img tokens,2757,3652,"['user\n USER:  \nThis image shows a minimalist arrangement of 3D geometric shapes made of different materials and colors. The JSON provided contains information about all objects in the scene, including their name, 3D coordinates (represented as [X, Y, Z]), material (metal = shinny, rubber = matte), and other attributes. \nYour job is to analyze this information, find the object with a rotation of 127.015380859375, use its attributes to identify which object in the image corresponds to that object, and retrieve its shape in the following format: {""answer"": ""SHAPE""}\nSelect your answer from the following options: cylinder, sphere, cone, or cube. Do not add any additional text to your answer, provide your answer always in the following format: {""answer"": ""SHAPE""}. \n\nUnderstanding the Coordinate System X, Y, Z:\n• X (Depth): Represents the depth relative to the camera. Smaller values indicate objects that are farther away.\n• Y (Horizontal Position): Represents the left-to-right position. A value of zero means the object is centered in the scene, negative values place the object to the left, and positive values to the right.\n• Z (Vertical Position): Represents the height of the object\'s center point. Larger values correspond to higher vertical positions.\n\nHere is the JSON containing details about all objects in the scene in the image:\n\n{""camera_location"": [9.915478112284436, 0, 5.34366512298584], ""objects"": [{""name"": ""Object_0"", ""size"": 0.351, ""material"": ""rubber"", ""3d_coords"": [0.64358728194546, 1.4017654924554899, 0.3499999940395355], ""rotation"": 74.52092742919922, ""color"": ""yellow""}, {""name"": ""Object_1"", ""size"": 0.351, ""material"": ""metal"", ""3d_coords"": [-2.8130710752401447, -0.29763037993608554, 0.3499999940395355], ""rotation"": 271.9960632324219, ""color"": ""purple""}, {""name"": ""Object_2"", ""size"": 0.7, ""material"": ""rubber"", ""3d_coords"": [2.7184234573813413, -0.8782292313301926, 0.699999988079071], ""rotation"": 102.63001251220703, ""color"": ""cyan""}, {""name"": ""Object_3"", ""size"": 0.351, ""material"": ""metal"", ""3d_coords"": [-2.092079725241204, -1.3481793102738768, 0.3499999940395355], ""rotation"": 72.73233032226562, ""color"": ""yellow""}, {""name"": ""Object_4"", ""size"": 0.351, ""material"": ""rubber"", ""3d_coords"": [-1.2502468148813555, 2.564259059898659, 0.3499999940395355], ""rotation"": 94.24529266357422, ""color"": ""green""}, {""name"": ""Object_5"", ""size"": 0.351, ""material"": ""rubber"", ""3d_coords"": [-0.48081596024065126, 0.8887716490911104, 0.3499999940395355], ""rotation"": 200.69154357910156, ""color"": ""blue""}, {""name"": ""Object_6"", ""size"": 0.351, ""material"": ""rubber"", ""3d_coords"": [1.688507070051415, -1.8242689437502806, 0.3499999940395355], ""rotation"": 266.36572265625, ""color"": ""brown""}, {""name"": ""Object_7"", ""size"": 0.351, ""material"": ""rubber"", ""3d_coords"": [-3.9790485301104432, 0.3474424102617424, 0.3499999940395355], ""rotation"": 127.015380859375, ""color"": ""gray""}, {""name"": ""Object_8"", ""size"": 0.7, ""material"": ""metal"", ""3d_coords"": [0.016606569178203356, -2.9589752129856057, 0.699999988079071], ""rotation"": 21.311233520507812, ""color"": ""red""}]}\n\nWhat is the shape of the object with a rotation of 127.015380859375?  ASSISTANT:\nassistant\n{""answer"": ""cube""}']",cube,"{""answer"": ""cube""}",9,"user
 USER:  
This image shows a minimalist arrangement of 3D geometric shapes made of different materials and colors. The JSON provided contains information about all objects in the scene, including their name, 3D coordinates (represented as [X, Y, Z]), material (metal = shinny, rubber = matte), and other attributes. 
Your job is to analyze this information, find the object with a rotation of 127.015380859375, use its attributes to identify which object in the image corresponds to that object, and retrieve its shape in the following format: {""answer"": ""SHAPE""}
Select your answer from the following options: cylinder, sphere, cone, or cube. Do not add any additional text to your answer, provide your answer always in the following format: {""answer"": ""SHAPE""}. 

Understanding the Coordinate System X, Y, Z:
• X (Depth): Represents the depth relative to the camera. Smaller values indicate objects that are farther away.
• Y (Horizontal Position): Represents the left-to-right position. A value of zero means the object is centered in the scene, negative values place the object to the left, and positive values to the right.
• Z (Vertical Position): Represents the height of the object's center point. Larger values correspond to higher vertical positions.

Here is the JSON containing details about all objects in the scene in the image:

{""camera_location"": [9.915478112284436, 0, 5.34366512298584], ""objects"": [{""name"": ""Object_0"", ""size"": 0.351, ""material"": ""rubber"", ""3d_coords"": [0.64358728194546, 1.4017654924554899, 0.3499999940395355], ""rotation"": 74.52092742919922, ""color"": ""yellow""}, {""name"": ""Object_1"", ""size"": 0.351, ""material"": ""metal"", ""3d_coords"": [-2.8130710752401447, -0.29763037993608554, 0.3499999940395355], ""rotation"": 271.9960632324219, ""color"": ""purple""}, {""name"": ""Object_2"", ""size"": 0.7, ""material"": ""rubber"", ""3d_coords"": [2.7184234573813413, -0.8782292313301926, 0.699999988079071], ""rotation"": 102.63001251220703, ""color"": ""cyan""}, {""name"": ""Object_3"", ""size"": 0.351, ""material"": ""metal"", ""3d_coords"": [-2.092079725241204, -1.3481793102738768, 0.3499999940395355], ""rotation"": 72.73233032226562, ""color"": ""yellow""}, {""name"": ""Object_4"", ""size"": 0.351, ""material"": ""rubber"", ""3d_coords"": [-1.2502468148813555, 2.564259059898659, 0.3499999940395355], ""rotation"": 94.24529266357422, ""color"": ""green""}, {""name"": ""Object_5"", ""size"": 0.351, ""material"": ""rubber"", ""3d_coords"": [-0.48081596024065126, 0.8887716490911104, 0.3499999940395355], ""rotation"": 200.69154357910156, ""color"": ""blue""}, {""name"": ""Object_6"", ""size"": 0.351, ""material"": ""rubber"", ""3d_coords"": [1.688507070051415, -1.8242689437502806, 0.3499999940395355], ""rotation"": 266.36572265625, ""color"": ""brown""}, {""name"": ""Object_7"", ""size"": 0.351, ""material"": ""rubber"", ""3d_coords"": [-3.9790485301104432, 0.3474424102617424, 0.3499999940395355], ""rotation"": 127.015380859375, ""color"": ""gray""}, {""name"": ""Object_8"", ""size"": 0.7, ""material"": ""metal"", ""3d_coords"": [0.016606569178203356, -2.9589752129856057, 0.699999988079071], ""rotation"": 21.311233520507812, ""color"": ""red""}]}

What is the shape of the object with a rotation of 127.015380859375?  ASSISTANT:
assistant
{""answer"": ""sphere""}",sphere,"{""answer"": ""cube""}",9
28,22.920742,33.722942,38.037445,37.108013,37.791733,37.119934,36.594574,36.6547,36.61979,37.783596,37.28307,37.694366,38.27247,39.42792,38.773785,40.059746,41.356644,40.64785,40.95856,42.083687,41.10504,42.00652,43.139935,41.320137,41.055744,40.834167,41.419834,42.405685,42.570824,42.90181,43.125694,41.3442,43.813686,45.94613,48.155396,48.07266,56.646515,Img tokens,837,1152,"['user\n USER:  \nThis image shows a minimalist arrangement of 3D geometric shapes made of different materials and colors. The JSON provided contains information about all objects in the scene, including their name, 3D coordinates (represented as [X, Y, Z]), material (metal = shinny, rubber = matte), and other attributes. \nYour job is to identify the cone in the image, match its attributes to identify which of the objects mentioned in the JSON corresponds to that object, and determine its rotation in the following format: {""answer"": ""ROTATION""}\nDo not add any additional text to your answer, provide your answer always in the following format: {""answer"": ""ROTATION""}. \n\nUnderstanding the Coordinate System X, Y, Z:\n• X (Depth): Represents the depth relative to the camera. Smaller values indicate objects that are farther away.\n• Y (Horizontal Position): Represents the left-to-right position. A value of zero means the object is centered in the scene, negative values place the object to the left, and positive values to the right.\n• Z (Vertical Position): Represents the height of the object\'s center point. Larger values correspond to higher vertical positions.\n\nHere is the JSON containing details about all objects in the scene in the image:\n\n{""camera_location"": [9.915478112284436, 0, 5.34366512298584], ""objects"": [{""name"": ""Object_0"", ""size"": 0.701, ""material"": ""rubber"", ""3d_coords"": [1.2623137074708397, -1.764611023304337, 0.699999988079071], ""rotation"": 10.289356231689453, ""color"": ""gray""}, {""name"": ""Object_1"", ""size"": 0.351, ""material"": ""metal"", ""3d_coords"": [-0.8455590493594192, 1.8016953941616474, 0.3499999940395355], ""rotation"": 148.09388732910156, ""color"": ""green""}, {""name"": ""Object_2"", ""size"": 0.7, ""material"": ""rubber"", ""3d_coords"": [0.3787945202740741, 3.400004039196693, 0.699999988079071], ""rotation"": 307.0750427246094, ""color"": ""cyan""}, {""name"": ""Object_3"", ""size"": 0.351, ""material"": ""metal"", ""3d_coords"": [3.166490711433788, -0.6398373975452669, 0.3499999940395355], ""rotation"": 157.10389709472656, ""color"": ""gray""}, {""name"": ""Object_4"", ""size"": 0.351, ""material"": ""metal"", ""3d_coords"": [-1.3460153939348938, -1.2371774169418364, 0.3499999940395355], ""rotation"": 20.614009857177734, ""color"": ""gray""}, {""name"": ""Object_5"", ""size"": 0.7, ""material"": ""metal"", ""3d_coords"": [-2.246249245483622, 1.2755204541752871, 0.699999988079071], ""rotation"": 65.9312973022461, ""color"": ""brown""}, {""name"": ""Object_6"", ""size"": 0.701, ""material"": ""rubber"", ""3d_coords"": [-3.802711677282304, 0.5242873265356542, 0.699999988079071], ""rotation"": 299.12249755859375, ""color"": ""gray""}, {""name"": ""Object_7"", ""size"": 0.351, ""material"": ""rubber"", ""3d_coords"": [2.307594360606601, 0.04023323388212274, 0.3499999940395355], ""rotation"": 198.58226013183594, ""color"": ""purple""}, {""name"": ""Object_8"", ""size"": 0.351, ""material"": ""rubber"", ""3d_coords"": [-1.7609990793500403, -2.4356283987918985, 0.3499999940395355], ""rotation"": 353.67010498046875, ""color"": ""purple""}, {""name"": ""Object_9"", ""size"": 0.351, ""material"": ""rubber"", ""3d_coords"": [-0.16957971923016824, -3.6798121597456452, 0.3499999940395355], ""rotation"": 51.82205581665039, ""color"": ""blue""}]}\n\nWhat is the rotation value of the cone?  ASSISTANT:\nassistant\n{""answer"": ""353.67010498046875""}']",353.67010498046875,"{""answer"": 353.67010498046875}",10,"user
 USER:  
This image shows a minimalist arrangement of 3D geometric shapes made of different materials and colors. The JSON provided contains information about all objects in the scene, including their name, 3D coordinates (represented as [X, Y, Z]), material (metal = shinny, rubber = matte), and other attributes. 
Your job is to identify the cone in the image, match its attributes to identify which of the objects mentioned in the JSON corresponds to that object, and determine its rotation in the following format: {""answer"": ""ROTATION""}
Do not add any additional text to your answer, provide your answer always in the following format: {""answer"": ""ROTATION""}. 

Understanding the Coordinate System X, Y, Z:
• X (Depth): Represents the depth relative to the camera. Smaller values indicate objects that are farther away.
• Y (Horizontal Position): Represents the left-to-right position. A value of zero means the object is centered in the scene, negative values place the object to the left, and positive values to the right.
• Z (Vertical Position): Represents the height of the object's center point. Larger values correspond to higher vertical positions.

Here is the JSON containing details about all objects in the scene in the image:

{""camera_location"": [9.915478112284436, 0, 5.34366512298584], ""objects"": [{""name"": ""Object_0"", ""size"": 0.701, ""material"": ""rubber"", ""3d_coords"": [1.2623137074708397, -1.764611023304337, 0.699999988079071], ""rotation"": 10.289356231689453, ""color"": ""gray""}, {""name"": ""Object_1"", ""size"": 0.351, ""material"": ""metal"", ""3d_coords"": [-0.8455590493594192, 1.8016953941616474, 0.3499999940395355], ""rotation"": 148.09388732910156, ""color"": ""green""}, {""name"": ""Object_2"", ""size"": 0.7, ""material"": ""rubber"", ""3d_coords"": [0.3787945202740741, 3.400004039196693, 0.699999988079071], ""rotation"": 307.0750427246094, ""color"": ""cyan""}, {""name"": ""Object_3"", ""size"": 0.351, ""material"": ""metal"", ""3d_coords"": [3.166490711433788, -0.6398373975452669, 0.3499999940395355], ""rotation"": 157.10389709472656, ""color"": ""gray""}, {""name"": ""Object_4"", ""size"": 0.351, ""material"": ""metal"", ""3d_coords"": [-1.3460153939348938, -1.2371774169418364, 0.3499999940395355], ""rotation"": 20.614009857177734, ""color"": ""gray""}, {""name"": ""Object_5"", ""size"": 0.7, ""material"": ""metal"", ""3d_coords"": [-2.246249245483622, 1.2755204541752871, 0.699999988079071], ""rotation"": 65.9312973022461, ""color"": ""brown""}, {""name"": ""Object_6"", ""size"": 0.701, ""material"": ""rubber"", ""3d_coords"": [-3.802711677282304, 0.5242873265356542, 0.699999988079071], ""rotation"": 299.12249755859375, ""color"": ""gray""}, {""name"": ""Object_7"", ""size"": 0.351, ""material"": ""rubber"", ""3d_coords"": [2.307594360606601, 0.04023323388212274, 0.3499999940395355], ""rotation"": 198.58226013183594, ""color"": ""purple""}, {""name"": ""Object_8"", ""size"": 0.351, ""material"": ""rubber"", ""3d_coords"": [-1.7609990793500403, -2.4356283987918985, 0.3499999940395355], ""rotation"": 353.67010498046875, ""color"": ""purple""}, {""name"": ""Object_9"", ""size"": 0.351, ""material"": ""rubber"", ""3d_coords"": [-0.16957971923016824, -3.6798121597456452, 0.3499999940395355], ""rotation"": 51.82205581665039, ""color"": ""blue""}]}

What is the rotation value of the cone?  ASSISTANT:
assistant
{""answer"": 148.09388732910156}",148.09388732910156,"{""answer"": 353.67010498046875}",10
29,21.752737,31.806753,36.88781,36.859615,37.232723,36.09177,35.06145,34.999043,34.68238,36.01627,35.717216,36.5315,37.82752,39.151203,38.84458,40.174484,41.20216,40.137222,40.827908,42.329556,41.49638,42.484932,43.538864,41.70228,41.06428,40.440826,40.986217,41.326294,41.470516,41.158722,40.13544,39.00757,40.111927,42.48782,44.423267,43.79655,53.206566,Img tokens,759,1041,"['user\n USER:  \nThis image shows a minimalist arrangement of 3D geometric shapes made of different materials and colors. The JSON provided contains information about all objects in the scene, including their name, 3D coordinates (represented as [X, Y, Z]), material (metal = shinny, rubber = matte), and other attributes. \nYour job is to identify the cube in the image, match its attributes to identify which of the objects mentioned in the JSON corresponds to that object, and determine its name in the following format: {""answer"": ""NAME""}\nDo not add any additional text to your answer, provide your answer always in the following format: {""answer"": ""NAME""}. \n\nUnderstanding the Coordinate System X, Y, Z:\n• X (Depth): Represents the depth relative to the camera. Smaller values indicate objects that are farther away.\n• Y (Horizontal Position): Represents the left-to-right position. A value of zero means the object is centered in the scene, negative values place the object to the left, and positive values to the right.\n• Z (Vertical Position): Represents the height of the object\'s center point. Larger values correspond to higher vertical positions.\n\nHere is the JSON containing details about all objects in the scene in the image:\n\n{""camera_location"": [9.915478112284436, 0, 5.34366512298584], ""objects"": [{""name"": ""Object_0"", ""size"": 0.7, ""material"": ""metal"", ""3d_coords"": [-2.4077428579584996, -1.521936216814853, 0.699999988079071], ""rotation"": 146.64268493652344, ""color"": ""blue""}, {""name"": ""Object_1"", ""size"": 0.351, ""material"": ""rubber"", ""3d_coords"": [2.1496855935517982, 0.984218026368895, 0.3499999940395355], ""rotation"": 103.14288330078125, ""color"": ""gray""}, {""name"": ""Object_2"", ""size"": 0.7, ""material"": ""rubber"", ""3d_coords"": [-0.8067633973582621, -0.5112366588490169, 0.699999988079071], ""rotation"": 224.8194122314453, ""color"": ""cyan""}, {""name"": ""Object_3"", ""size"": 0.351, ""material"": ""metal"", ""3d_coords"": [-1.8617558726119698, 0.27667302420539375, 0.3499999940395355], ""rotation"": 27.947830200195312, ""color"": ""yellow""}, {""name"": ""Object_4"", ""size"": 0.701, ""material"": ""metal"", ""3d_coords"": [1.5210811680294902, 2.552965882407801, 0.699999988079071], ""rotation"": 44.395172119140625, ""color"": ""red""}, {""name"": ""Object_5"", ""size"": 0.351, ""material"": ""rubber"", ""3d_coords"": [0.4810150711728176, -3.4888219938840086, 0.3499999940395355], ""rotation"": 324.7027282714844, ""color"": ""cyan""}, {""name"": ""Object_6"", ""size"": 0.701, ""material"": ""rubber"", ""3d_coords"": [-0.23028127451902658, 3.0217778835680313, 0.699999988079071], ""rotation"": 177.52197265625, ""color"": ""purple""}]}\n\nWhat is the name of the cube?  ASSISTANT:\nassistant\n{""answer"": ""Object_2""}']",Object_2,"{""answer"": ""Object_2""}",7,"user
 USER:  
This image shows a minimalist arrangement of 3D geometric shapes made of different materials and colors. The JSON provided contains information about all objects in the scene, including their name, 3D coordinates (represented as [X, Y, Z]), material (metal = shinny, rubber = matte), and other attributes. 
Your job is to identify the cube in the image, match its attributes to identify which of the objects mentioned in the JSON corresponds to that object, and determine its name in the following format: {""answer"": ""NAME""}
Do not add any additional text to your answer, provide your answer always in the following format: {""answer"": ""NAME""}. 

Understanding the Coordinate System X, Y, Z:
• X (Depth): Represents the depth relative to the camera. Smaller values indicate objects that are farther away.
• Y (Horizontal Position): Represents the left-to-right position. A value of zero means the object is centered in the scene, negative values place the object to the left, and positive values to the right.
• Z (Vertical Position): Represents the height of the object's center point. Larger values correspond to higher vertical positions.

Here is the JSON containing details about all objects in the scene in the image:

{""camera_location"": [9.915478112284436, 0, 5.34366512298584], ""objects"": [{""name"": ""Object_0"", ""size"": 0.7, ""material"": ""metal"", ""3d_coords"": [-2.4077428579584996, -1.521936216814853, 0.699999988079071], ""rotation"": 146.64268493652344, ""color"": ""blue""}, {""name"": ""Object_1"", ""size"": 0.351, ""material"": ""rubber"", ""3d_coords"": [2.1496855935517982, 0.984218026368895, 0.3499999940395355], ""rotation"": 103.14288330078125, ""color"": ""gray""}, {""name"": ""Object_2"", ""size"": 0.7, ""material"": ""rubber"", ""3d_coords"": [-0.8067633973582621, -0.5112366588490169, 0.699999988079071], ""rotation"": 224.8194122314453, ""color"": ""cyan""}, {""name"": ""Object_3"", ""size"": 0.351, ""material"": ""metal"", ""3d_coords"": [-1.8617558726119698, 0.27667302420539375, 0.3499999940395355], ""rotation"": 27.947830200195312, ""color"": ""yellow""}, {""name"": ""Object_4"", ""size"": 0.701, ""material"": ""metal"", ""3d_coords"": [1.5210811680294902, 2.552965882407801, 0.699999988079071], ""rotation"": 44.395172119140625, ""color"": ""red""}, {""name"": ""Object_5"", ""size"": 0.351, ""material"": ""rubber"", ""3d_coords"": [0.4810150711728176, -3.4888219938840086, 0.3499999940395355], ""rotation"": 324.7027282714844, ""color"": ""cyan""}, {""name"": ""Object_6"", ""size"": 0.701, ""material"": ""rubber"", ""3d_coords"": [-0.23028127451902658, 3.0217778835680313, 0.699999988079071], ""rotation"": 177.52197265625, ""color"": ""purple""}]}

What is the name of the cube?  ASSISTANT:
assistant
{""answer"": ""Object_0""}",Object_0,"{""answer"": ""Object_2""}",7
30,18.647678,28.654081,33.239525,32.830353,33.226887,32.175438,31.241644,31.448757,31.081156,32.2641,31.94763,33.208637,34.5712,36.710995,36.807995,38.53774,39.521183,38.999374,39.563698,41.040916,39.650368,40.621685,41.493927,39.786785,38.701675,37.918865,38.480045,38.606476,38.86055,38.724064,37.614376,37.190773,38.361794,39.738808,41.92316,41.56731,48.73058,Img tokens,3112,4128,"['user\n USER:  \nThis image shows a minimalist arrangement of 3D geometric shapes made of different materials and colors. The JSON provided contains information about all objects in the scene, including their name, 3D coordinates (represented as [X, Y, Z]), material (metal = shinny, rubber = matte), and other attributes. \nYour job is to identify the cube in the image, match its attributes to identify which of the objects mentioned in the JSON corresponds to that object, and determine its rotation in the following format: {""answer"": ""ROTATION""}\nDo not add any additional text to your answer, provide your answer always in the following format: {""answer"": ""ROTATION""}. \n\nUnderstanding the Coordinate System X, Y, Z:\n• X (Depth): Represents the depth relative to the camera. Smaller values indicate objects that are farther away.\n• Y (Horizontal Position): Represents the left-to-right position. A value of zero means the object is centered in the scene, negative values place the object to the left, and positive values to the right.\n• Z (Vertical Position): Represents the height of the object\'s center point. Larger values correspond to higher vertical positions.\n\nHere is the JSON containing details about all objects in the scene in the image:\n\n{""camera_location"": [9.915478112284436, 0, 5.34366512298584], ""objects"": [{""name"": ""Object_0"", ""size"": 0.351, ""material"": ""metal"", ""3d_coords"": [-2.148962327777715, 0.8744327811991798, 0.3499999940395355], ""rotation"": 226.7097625732422, ""color"": ""red""}, {""name"": ""Object_1"", ""size"": 0.701, ""material"": ""metal"", ""3d_coords"": [1.4148083201510597, 1.9387341442006576, 0.699999988079071], ""rotation"": 312.5078125, ""color"": ""yellow""}, {""name"": ""Object_2"", ""size"": 0.7, ""material"": ""rubber"", ""3d_coords"": [0.4743003720505527, 0.30501282184411865, 0.699999988079071], ""rotation"": 203.72276306152344, ""color"": ""gray""}, {""name"": ""Object_3"", ""size"": 0.351, ""material"": ""rubber"", ""3d_coords"": [-1.063429738254202, -0.16179290227559512, 0.3499999940395355], ""rotation"": 237.6503448486328, ""color"": ""brown""}]}\n\nWhat is the rotation value of the cube?  ASSISTANT:\nassistant\n{""answer"": ""237.6503448486328""}']",237.6503448486328,"{""answer"": 237.6503448486328}",4,"user
 USER:  
This image shows a minimalist arrangement of 3D geometric shapes made of different materials and colors. The JSON provided contains information about all objects in the scene, including their name, 3D coordinates (represented as [X, Y, Z]), material (metal = shinny, rubber = matte), and other attributes. 
Your job is to identify the cube in the image, match its attributes to identify which of the objects mentioned in the JSON corresponds to that object, and determine its rotation in the following format: {""answer"": ""ROTATION""}
Do not add any additional text to your answer, provide your answer always in the following format: {""answer"": ""ROTATION""}. 

Understanding the Coordinate System X, Y, Z:
• X (Depth): Represents the depth relative to the camera. Smaller values indicate objects that are farther away.
• Y (Horizontal Position): Represents the left-to-right position. A value of zero means the object is centered in the scene, negative values place the object to the left, and positive values to the right.
• Z (Vertical Position): Represents the height of the object's center point. Larger values correspond to higher vertical positions.

Here is the JSON containing details about all objects in the scene in the image:

{""camera_location"": [9.915478112284436, 0, 5.34366512298584], ""objects"": [{""name"": ""Object_0"", ""size"": 0.351, ""material"": ""metal"", ""3d_coords"": [-2.148962327777715, 0.8744327811991798, 0.3499999940395355], ""rotation"": 226.7097625732422, ""color"": ""red""}, {""name"": ""Object_1"", ""size"": 0.701, ""material"": ""metal"", ""3d_coords"": [1.4148083201510597, 1.9387341442006576, 0.699999988079071], ""rotation"": 312.5078125, ""color"": ""yellow""}, {""name"": ""Object_2"", ""size"": 0.7, ""material"": ""rubber"", ""3d_coords"": [0.4743003720505527, 0.30501282184411865, 0.699999988079071], ""rotation"": 203.72276306152344, ""color"": ""gray""}, {""name"": ""Object_3"", ""size"": 0.351, ""material"": ""rubber"", ""3d_coords"": [-1.063429738254202, -0.16179290227559512, 0.3499999940395355], ""rotation"": 237.6503448486328, ""color"": ""brown""}]}

What is the rotation value of the cube?  ASSISTANT:
assistant
{""answer"": ""226.7097625732422""}",226.7097625732422,"{""answer"": 237.6503448486328}",4
31,22.401548,32.439423,35.822887,35.817894,36.45674,35.686428,35.14294,35.306583,35.20972,36.383904,36.137024,36.921303,37.64771,39.007668,38.821285,40.114502,41.304695,40.849125,41.389923,42.597195,41.724407,42.567265,43.646496,41.645138,41.333763,40.50732,40.85335,41.781765,41.569897,41.753334,41.540924,40.051735,41.45564,43.73881,46.11121,45.094387,53.01735,Img tokens,792,1084,"['user\n USER:  \nThis image shows a minimalist arrangement of 3D geometric shapes made of different materials and colors. The JSON provided contains information about all objects in the scene, including their name, 3D coordinates (represented as [X, Y, Z]), material (metal = shinny, rubber = matte), and other attributes. \nYour job is to identify the blue colored object in the image, match its attributes to identify which of the objects mentioned in the JSON corresponds to that object, and determine its 3D coordinates in the following format: {""answer"": [X, Y, Z]}\nDo not add any additional text to your answer, provide your answer always in the following format: {""answer"": [X, Y, Z]}. \n\nUnderstanding the Coordinate System X, Y, Z:\n• X (Depth): Represents the depth relative to the camera. Smaller values indicate objects that are farther away.\n• Y (Horizontal Position): Represents the left-to-right position. A value of zero means the object is centered in the scene, negative values place the object to the left, and positive values to the right.\n• Z (Vertical Position): Represents the height of the object\'s center point. Larger values correspond to higher vertical positions.\n\nHere is the JSON containing details about all objects in the scene in the image:\n\n{""camera_location"": [9.915478112284436, 0, 5.34366512298584], ""objects"": [{""name"": ""Object_0"", ""shape"": ""cube"", ""size"": 0.7, ""material"": ""metal"", ""3d_coords"": [-0.3138281182390357, 1.2834595713777883, 0.699999988079071], ""rotation"": 355.5685119628906}, {""name"": ""Object_1"", ""shape"": ""cube"", ""size"": 0.351, ""material"": ""rubber"", ""3d_coords"": [0.6886742543302362, -0.2100943277630098, 0.3499999940395355], ""rotation"": 237.75816345214844}, {""name"": ""Object_2"", ""shape"": ""cylinder"", ""size"": 0.351, ""material"": ""rubber"", ""3d_coords"": [-2.149486114392069, -2.0681906909790935, 0.3499999940395355], ""rotation"": 110.10399627685547}, {""name"": ""Object_3"", ""shape"": ""cube"", ""size"": 0.351, ""material"": ""metal"", ""3d_coords"": [-0.9816327550439095, 2.681147747157805, 0.3499999940395355], ""rotation"": 310.6956787109375}, {""name"": ""Object_4"", ""shape"": ""cone"", ""size"": 0.351, ""material"": ""metal"", ""3d_coords"": [-1.4884386999467862, -0.7197050657087278, 0.3499999940395355], ""rotation"": 117.64804077148438}, {""name"": ""Object_5"", ""shape"": ""cylinder"", ""size"": 0.351, ""material"": ""rubber"", ""3d_coords"": [1.9809472928552982, -1.650176778972651, 0.3499999940395355], ""rotation"": 116.19461059570312}, {""name"": ""Object_6"", ""shape"": ""sphere"", ""size"": 0.7, ""material"": ""metal"", ""3d_coords"": [-3.8626438600906785, 0.41156666884776194, 0.699999988079071], ""rotation"": 211.38162231445312}, {""name"": ""Object_7"", ""shape"": ""cylinder"", ""size"": 0.351, ""material"": ""metal"", ""3d_coords"": [1.1232574248978895, 1.7630407664894352, 0.3499999940395355], ""rotation"": 159.710693359375}, {""name"": ""Object_8"", ""shape"": ""sphere"", ""size"": 0.351, ""material"": ""rubber"", ""3d_coords"": [2.9322520483173107, -1.1690032638668204, 0.3499999940395355], ""rotation"": 92.90811157226562}, {""name"": ""Object_9"", ""shape"": ""cube"", ""size"": 0.351, ""material"": ""rubber"", ""3d_coords"": [0.08824379063242094, 3.8244467284438364, 0.3499999940395355], ""rotation"": 258.7905578613281}]}\n\nWhich are the 3D coordinates of the blue colored object?  ASSISTANT:\nassistant\n{""answer"": [0.6886742543302362, -0.2100943277630098, 0.3499']","[0.6886742543302362, -0.2100943277630098, 0.3499","{""answer"": [0.6886742543302362, -0.2100943277630098, 0.3499999940395355]}",10,"user
 USER:  
This image shows a minimalist arrangement of 3D geometric shapes made of different materials and colors. The JSON provided contains information about all objects in the scene, including their name, 3D coordinates (represented as [X, Y, Z]), material (metal = shinny, rubber = matte), and other attributes. 
Your job is to identify the blue colored object in the image, match its attributes to identify which of the objects mentioned in the JSON corresponds to that object, and determine its 3D coordinates in the following format: {""answer"": [X, Y, Z]}
Do not add any additional text to your answer, provide your answer always in the following format: {""answer"": [X, Y, Z]}. 

Understanding the Coordinate System X, Y, Z:
• X (Depth): Represents the depth relative to the camera. Smaller values indicate objects that are farther away.
• Y (Horizontal Position): Represents the left-to-right position. A value of zero means the object is centered in the scene, negative values place the object to the left, and positive values to the right.
• Z (Vertical Position): Represents the height of the object's center point. Larger values correspond to higher vertical positions.

Here is the JSON containing details about all objects in the scene in the image:

{""camera_location"": [9.915478112284436, 0, 5.34366512298584], ""objects"": [{""name"": ""Object_0"", ""shape"": ""cube"", ""size"": 0.7, ""material"": ""metal"", ""3d_coords"": [-0.3138281182390357, 1.2834595713777883, 0.699999988079071], ""rotation"": 355.5685119628906}, {""name"": ""Object_1"", ""shape"": ""cube"", ""size"": 0.351, ""material"": ""rubber"", ""3d_coords"": [0.6886742543302362, -0.2100943277630098, 0.3499999940395355], ""rotation"": 237.75816345214844}, {""name"": ""Object_2"", ""shape"": ""cylinder"", ""size"": 0.351, ""material"": ""rubber"", ""3d_coords"": [-2.149486114392069, -2.0681906909790935, 0.3499999940395355], ""rotation"": 110.10399627685547}, {""name"": ""Object_3"", ""shape"": ""cube"", ""size"": 0.351, ""material"": ""metal"", ""3d_coords"": [-0.9816327550439095, 2.681147747157805, 0.3499999940395355], ""rotation"": 310.6956787109375}, {""name"": ""Object_4"", ""shape"": ""cone"", ""size"": 0.351, ""material"": ""metal"", ""3d_coords"": [-1.4884386999467862, -0.7197050657087278, 0.3499999940395355], ""rotation"": 117.64804077148438}, {""name"": ""Object_5"", ""shape"": ""cylinder"", ""size"": 0.351, ""material"": ""rubber"", ""3d_coords"": [1.9809472928552982, -1.650176778972651, 0.3499999940395355], ""rotation"": 116.19461059570312}, {""name"": ""Object_6"", ""shape"": ""sphere"", ""size"": 0.7, ""material"": ""metal"", ""3d_coords"": [-3.8626438600906785, 0.41156666884776194, 0.699999988079071], ""rotation"": 211.38162231445312}, {""name"": ""Object_7"", ""shape"": ""cylinder"", ""size"": 0.351, ""material"": ""metal"", ""3d_coords"": [1.1232574248978895, 1.7630407664894352, 0.3499999940395355], ""rotation"": 159.710693359375}, {""name"": ""Object_8"", ""shape"": ""sphere"", ""size"": 0.351, ""material"": ""rubber"", ""3d_coords"": [2.9322520483173107, -1.1690032638668204, 0.3499999940395355], ""rotation"": 92.90811157226562}, {""name"": ""Object_9"", ""shape"": ""cube"", ""size"": 0.351, ""material"": ""rubber"", ""3d_coords"": [0.08824379063242094, 3.8244467284438364, 0.3499999940395355], ""rotation"": 258.7905578613281}]}

Which are the 3D coordinates of the blue colored object?  ASSISTANT:
assistant
{""answer"": [-0.3138281182390357, 1.2834595713777883, 0.6999","[-0.3138281182390357, 1.2834595713777883, 0.6999","{""answer"": [0.6886742543302362, -0.2100943277630098, 0.3499999940395355]}",10
32,23.586277,33.335228,38.19241,37.16519,37.821255,36.945755,36.32497,36.466465,36.423336,37.672195,37.433594,37.798058,38.403404,39.568047,39.313038,40.242577,41.667263,40.895977,41.46882,42.704056,41.504032,42.174774,43.330006,41.361843,40.75023,40.347572,40.867683,41.784843,42.133507,42.34168,42.247215,41.422413,42.60587,44.7808,46.71751,45.783447,54.79564,Img tokens,2940,3901,"['user\n USER:  \nThis image shows a minimalist arrangement of 3D geometric shapes made of different materials and colors. The JSON provided contains information about all objects in the scene, including their name, 3D coordinates (represented as [X, Y, Z]), material (metal = shinny, rubber = matte), and other attributes. \nYour job is to identify the cube in the image, match its attributes to identify which of the objects mentioned in the JSON corresponds to that object, and determine its size in the following format: {""answer"": ""SIZE""}\nDo not add any additional text to your answer, provide your answer always in the following format: {""answer"": ""SIZE""}. \n\nUnderstanding the Coordinate System X, Y, Z:\n• X (Depth): Represents the depth relative to the camera. Smaller values indicate objects that are farther away.\n• Y (Horizontal Position): Represents the left-to-right position. A value of zero means the object is centered in the scene, negative values place the object to the left, and positive values to the right.\n• Z (Vertical Position): Represents the height of the object\'s center point. Larger values correspond to higher vertical positions.\n\nHere is the JSON containing details about all objects in the scene in the image:\n\n{""camera_location"": [9.915478112284436, 0, 5.34366512298584], ""objects"": [{""name"": ""Object_0"", ""size"": 0.701, ""material"": ""rubber"", ""3d_coords"": [0.8608939706758446, 2.0427089116421975, 0.699999988079071], ""rotation"": 94.02257537841797, ""color"": ""yellow""}, {""name"": ""Object_1"", ""size"": 0.351, ""material"": ""rubber"", ""3d_coords"": [-0.9901550436971807, -3.3185994739840727, 0.3499999940395355], ""rotation"": 35.750831604003906, ""color"": ""green""}, {""name"": ""Object_2"", ""size"": 0.351, ""material"": ""metal"", ""3d_coords"": [-1.7596166562340632, 0.8732549449433284, 0.3499999940395355], ""rotation"": 22.297504425048828, ""color"": ""cyan""}, {""name"": ""Object_3"", ""size"": 0.7, ""material"": ""metal"", ""3d_coords"": [2.5612906793645402, 0.44714185420046526, 0.699999988079071], ""rotation"": 122.95208740234375, ""color"": ""blue""}, {""name"": ""Object_4"", ""size"": 0.7, ""material"": ""rubber"", ""3d_coords"": [1.8490757103090036, -2.2238161318117298, 0.699999988079071], ""rotation"": 193.9268798828125, ""color"": ""gray""}, {""name"": ""Object_5"", ""size"": 0.7, ""material"": ""metal"", ""3d_coords"": [-2.674383544794651, -0.47466384298827635, 0.699999988079071], ""rotation"": 163.64739990234375, ""color"": ""brown""}, {""name"": ""Object_6"", ""size"": 0.7, ""material"": ""rubber"", ""3d_coords"": [0.10596972153549533, 3.853250527185315, 0.699999988079071], ""rotation"": 154.0433349609375, ""color"": ""purple""}]}\n\nWhat is the size value of the cube?  ASSISTANT:\nassistant\n{""answer"": 0.351}']",0.351,"{""answer"": 0.351}",7,"user
 USER:  
This image shows a minimalist arrangement of 3D geometric shapes made of different materials and colors. The JSON provided contains information about all objects in the scene, including their name, 3D coordinates (represented as [X, Y, Z]), material (metal = shinny, rubber = matte), and other attributes. 
Your job is to identify the cube in the image, match its attributes to identify which of the objects mentioned in the JSON corresponds to that object, and determine its size in the following format: {""answer"": ""SIZE""}
Do not add any additional text to your answer, provide your answer always in the following format: {""answer"": ""SIZE""}. 

Understanding the Coordinate System X, Y, Z:
• X (Depth): Represents the depth relative to the camera. Smaller values indicate objects that are farther away.
• Y (Horizontal Position): Represents the left-to-right position. A value of zero means the object is centered in the scene, negative values place the object to the left, and positive values to the right.
• Z (Vertical Position): Represents the height of the object's center point. Larger values correspond to higher vertical positions.

Here is the JSON containing details about all objects in the scene in the image:

{""camera_location"": [9.915478112284436, 0, 5.34366512298584], ""objects"": [{""name"": ""Object_0"", ""size"": 0.701, ""material"": ""rubber"", ""3d_coords"": [0.8608939706758446, 2.0427089116421975, 0.699999988079071], ""rotation"": 94.02257537841797, ""color"": ""yellow""}, {""name"": ""Object_1"", ""size"": 0.351, ""material"": ""rubber"", ""3d_coords"": [-0.9901550436971807, -3.3185994739840727, 0.3499999940395355], ""rotation"": 35.750831604003906, ""color"": ""green""}, {""name"": ""Object_2"", ""size"": 0.351, ""material"": ""metal"", ""3d_coords"": [-1.7596166562340632, 0.8732549449433284, 0.3499999940395355], ""rotation"": 22.297504425048828, ""color"": ""cyan""}, {""name"": ""Object_3"", ""size"": 0.7, ""material"": ""metal"", ""3d_coords"": [2.5612906793645402, 0.44714185420046526, 0.699999988079071], ""rotation"": 122.95208740234375, ""color"": ""blue""}, {""name"": ""Object_4"", ""size"": 0.7, ""material"": ""rubber"", ""3d_coords"": [1.8490757103090036, -2.2238161318117298, 0.699999988079071], ""rotation"": 193.9268798828125, ""color"": ""gray""}, {""name"": ""Object_5"", ""size"": 0.7, ""material"": ""metal"", ""3d_coords"": [-2.674383544794651, -0.47466384298827635, 0.699999988079071], ""rotation"": 163.64739990234375, ""color"": ""brown""}, {""name"": ""Object_6"", ""size"": 0.7, ""material"": ""rubber"", ""3d_coords"": [0.10596972153549533, 3.853250527185315, 0.699999988079071], ""rotation"": 154.0433349609375, ""color"": ""purple""}]}

What is the size value of the cube?  ASSISTANT:
assistant
{""answer"": ""0.7""}",0.7,"{""answer"": 0.351}",7
33,22.339046,31.484573,36.070248,35.108208,35.565136,34.764355,34.187042,34.32832,34.084766,35.327763,35.015263,35.221508,35.665333,36.98209,36.468018,37.574993,38.43872,37.68775,38.266003,39.591537,38.733723,39.754395,40.430878,38.738865,38.258183,37.074303,37.8002,38.046196,38.10852,38.297924,38.257736,36.78756,38.331615,39.929512,42.17928,41.836,49.705505,Img tokens,2817,3737,"['user\n USER:  \nThis image shows a minimalist arrangement of 3D geometric shapes made of different materials and colors. The JSON provided contains information about all objects in the scene, including their name, 3D coordinates (represented as [X, Y, Z]), material (metal = shinny, rubber = matte), and other attributes. \nYour job is to analyze this information, find the object at coordinates [0.6469775686557244, 3.0000944307161808, 0.699999988079071], use its attributes to identify which object in the image corresponds to that object, and retrieve its color in the following format: {""answer"": ""COLOR""}\nSelect your answer from the following options: gray, red, blue, green, brown, purple, cyan, or yellow. Do not add any additional text to your answer, provide your answer always in the following format: {""answer"": ""COLOR""}. \n\nUnderstanding the Coordinate System X, Y, Z:\n• X (Depth): Represents the depth relative to the camera. Smaller values indicate objects that are farther away.\n• Y (Horizontal Position): Represents the left-to-right position. A value of zero means the object is centered in the scene, negative values place the object to the left, and positive values to the right.\n• Z (Vertical Position): Represents the height of the object\'s center point. Larger values correspond to higher vertical positions.\n\nHere is the JSON containing details about all objects in the scene in the image:\n\n{""camera_location"": [9.915478112284436, 0, 5.34366512298584], ""objects"": [{""name"": ""Object_0"", ""shape"": ""sphere"", ""size"": 0.351, ""material"": ""metal"", ""3d_coords"": [2.9864377992372786, -0.508271320314601, 0.3499999940395355], ""rotation"": 225.76451110839844}, {""name"": ""Object_1"", ""shape"": ""cube"", ""size"": 0.701, ""material"": ""rubber"", ""3d_coords"": [2.1917377989931164, 0.9746332083731362, 0.699999988079071], ""rotation"": 282.093017578125}, {""name"": ""Object_2"", ""shape"": ""cube"", ""size"": 0.7, ""material"": ""metal"", ""3d_coords"": [0.6469775686557244, 3.0000944307161808, 0.699999988079071], ""rotation"": 46.243621826171875}, {""name"": ""Object_3"", ""shape"": ""cylinder"", ""size"": 0.351, ""material"": ""metal"", ""3d_coords"": [-0.54567519604159, -2.2932358205539414, 0.3499999940395355], ""rotation"": 51.136600494384766}, {""name"": ""Object_4"", ""shape"": ""cylinder"", ""size"": 0.7, ""material"": ""metal"", ""3d_coords"": [-0.07591227120983546, -3.76085724684169, 0.699999988079071], ""rotation"": 8.361414909362793}]}\n\nWhat is the color of the object at the coordinates [0.6469775686557244, 3.0000944307161808, 0.699999988079071]?  ASSISTANT:\nassistant\n{""answer"": ""cyan""}']",cyan,"{""answer"": ""cyan""}",5,"user
 USER:  
This image shows a minimalist arrangement of 3D geometric shapes made of different materials and colors. The JSON provided contains information about all objects in the scene, including their name, 3D coordinates (represented as [X, Y, Z]), material (metal = shinny, rubber = matte), and other attributes. 
Your job is to analyze this information, find the object at coordinates [0.6469775686557244, 3.0000944307161808, 0.699999988079071], use its attributes to identify which object in the image corresponds to that object, and retrieve its color in the following format: {""answer"": ""COLOR""}
Select your answer from the following options: gray, red, blue, green, brown, purple, cyan, or yellow. Do not add any additional text to your answer, provide your answer always in the following format: {""answer"": ""COLOR""}. 

Understanding the Coordinate System X, Y, Z:
• X (Depth): Represents the depth relative to the camera. Smaller values indicate objects that are farther away.
• Y (Horizontal Position): Represents the left-to-right position. A value of zero means the object is centered in the scene, negative values place the object to the left, and positive values to the right.
• Z (Vertical Position): Represents the height of the object's center point. Larger values correspond to higher vertical positions.

Here is the JSON containing details about all objects in the scene in the image:

{""camera_location"": [9.915478112284436, 0, 5.34366512298584], ""objects"": [{""name"": ""Object_0"", ""shape"": ""sphere"", ""size"": 0.351, ""material"": ""metal"", ""3d_coords"": [2.9864377992372786, -0.508271320314601, 0.3499999940395355], ""rotation"": 225.76451110839844}, {""name"": ""Object_1"", ""shape"": ""cube"", ""size"": 0.701, ""material"": ""rubber"", ""3d_coords"": [2.1917377989931164, 0.9746332083731362, 0.699999988079071], ""rotation"": 282.093017578125}, {""name"": ""Object_2"", ""shape"": ""cube"", ""size"": 0.7, ""material"": ""metal"", ""3d_coords"": [0.6469775686557244, 3.0000944307161808, 0.699999988079071], ""rotation"": 46.243621826171875}, {""name"": ""Object_3"", ""shape"": ""cylinder"", ""size"": 0.351, ""material"": ""metal"", ""3d_coords"": [-0.54567519604159, -2.2932358205539414, 0.3499999940395355], ""rotation"": 51.136600494384766}, {""name"": ""Object_4"", ""shape"": ""cylinder"", ""size"": 0.7, ""material"": ""metal"", ""3d_coords"": [-0.07591227120983546, -3.76085724684169, 0.699999988079071], ""rotation"": 8.361414909362793}]}

What is the color of the object at the coordinates [0.6469775686557244, 3.0000944307161808, 0.699999988079071]?  ASSISTANT:
assistant
{""answer"": ""blue""}",blue,"{""answer"": ""cyan""}",5
34,20.23424,30.205551,34.01069,32.63474,33.141636,32.437504,31.782217,32.116116,31.7623,32.821175,32.60881,33.3185,34.196167,35.68774,35.656723,36.92752,38.405098,6.8090205,7.1388354,7.7274766,8.994414,10.082934,11.136179,12.4163265,15.615178,18.81628,20.426397,23.87892,26.698391,30.01985,32.304455,33.541508,36.776405,39.622143,42.215473,41.63429,49.647163,Img tokens,2166,2893,"['user\n USER:  \nThis image shows a minimalist arrangement of 3D geometric shapes made of different materials and colors. The JSON provided contains information about all objects in the scene, including their name, 3D coordinates (represented as [X, Y, Z]), material (metal = shinny, rubber = matte), and other attributes. \nYour job is to identify the cube in the image, match its attributes to identify which of the objects mentioned in the JSON corresponds to that object, and determine its 3D coordinates in the following format: {""answer"": [X, Y, Z]}\nDo not add any additional text to your answer, provide your answer always in the following format: {""answer"": [X, Y, Z]}. \n\nUnderstanding the Coordinate System X, Y, Z:\n• X (Depth): Represents the depth relative to the camera. Smaller values indicate objects that are farther away.\n• Y (Horizontal Position): Represents the left-to-right position. A value of zero means the object is centered in the scene, negative values place the object to the left, and positive values to the right.\n• Z (Vertical Position): Represents the height of the object\'s center point. Larger values correspond to higher vertical positions.\n\nHere is the JSON containing details about all objects in the scene in the image:\n\n{""camera_location"": [9.915478112284436, 0, 5.34366512298584], ""objects"": [{""name"": ""Object_0"", ""size"": 0.7, ""material"": ""metal"", ""3d_coords"": [-2.131694677187083, -0.22209897524249356, 0.699999988079071], ""rotation"": 27.3023624420166, ""color"": ""red""}, {""name"": ""Object_1"", ""size"": 0.7, ""material"": ""rubber"", ""3d_coords"": [-0.8761827479740485, 1.9276798434515188, 0.699999988079071], ""rotation"": 228.38063049316406, ""color"": ""gray""}, {""name"": ""Object_2"", ""size"": 0.351, ""material"": ""rubber"", ""3d_coords"": [1.7662885733082176, -1.0728616708124625, 0.3499999940395355], ""rotation"": 58.78257369995117, ""color"": ""cyan""}, {""name"": ""Object_3"", ""size"": 0.351, ""material"": ""metal"", ""3d_coords"": [0.6127522422015534, -3.3339822175493667, 0.3499999940395355], ""rotation"": 142.21693420410156, ""color"": ""green""}]}\n\nWhich are the 3D coordinates of the cube?  ASSISTANT:\nassistant\n{""answer"": [1.7662885733082176, -1.0728616708124625, 0.3499']","[1.7662885733082176, -1.0728616708124625, 0.3499","{""answer"": [-0.8761827479740485, 1.9276798434515188, 0.699999988079071]}",4,"user
 USER:  
This image shows a minimalist arrangement of 3D geometric shapes made of different materials and colors. The JSON provided contains information about all objects in the scene, including their name, 3D coordinates (represented as [X, Y, Z]), material (metal = shinny, rubber = matte), and other attributes. 
Your job is to identify the cube in the image, match its attributes to identify which of the objects mentioned in the JSON corresponds to that object, and determine its 3D coordinates in the following format: {""answer"": [X, Y, Z]}
Do not add any additional text to your answer, provide your answer always in the following format: {""answer"": [X, Y, Z]}. 

Understanding the Coordinate System X, Y, Z:
• X (Depth): Represents the depth relative to the camera. Smaller values indicate objects that are farther away.
• Y (Horizontal Position): Represents the left-to-right position. A value of zero means the object is centered in the scene, negative values place the object to the left, and positive values to the right.
• Z (Vertical Position): Represents the height of the object's center point. Larger values correspond to higher vertical positions.

Here is the JSON containing details about all objects in the scene in the image:

{""camera_location"": [9.915478112284436, 0, 5.34366512298584], ""objects"": [{""name"": ""Object_0"", ""size"": 0.7, ""material"": ""metal"", ""3d_coords"": [-2.131694677187083, -0.22209897524249356, 0.699999988079071], ""rotation"": 27.3023624420166, ""color"": ""red""}, {""name"": ""Object_1"", ""size"": 0.7, ""material"": ""rubber"", ""3d_coords"": [-0.8761827479740485, 1.9276798434515188, 0.699999988079071], ""rotation"": 228.38063049316406, ""color"": ""gray""}, {""name"": ""Object_2"", ""size"": 0.351, ""material"": ""rubber"", ""3d_coords"": [1.7662885733082176, -1.0728616708124625, 0.3499999940395355], ""rotation"": 58.78257369995117, ""color"": ""cyan""}, {""name"": ""Object_3"", ""size"": 0.351, ""material"": ""metal"", ""3d_coords"": [0.6127522422015534, -3.3339822175493667, 0.3499999940395355], ""rotation"": 142.21693420410156, ""color"": ""green""}]}

Which are the 3D coordinates of the cube?  ASSISTANT:
assistant
{""answer"": [-2.131694677187083, -0.22209897524249356, 0.6999","[-2.131694677187083, -0.22209897524249356, 0.6999","{""answer"": [-0.8761827479740485, 1.9276798434515188, 0.699999988079071]}",4
35,19.230017,29.861797,34.68902,33.025253,33.479855,32.64062,32.042557,31.98876,31.666935,32.53996,32.314632,33.668842,34.461105,36.00789,35.968636,37.123013,38.380405,37.92968,39.208126,40.708866,39.63844,40.44135,41.231716,39.67839,38.984074,37.62985,38.5147,38.276493,38.232277,38.469,38.375473,37.191864,39.444958,41.19789,43.247074,43.248802,49.56702,Img tokens,355,501,"['user\n USER:  \nThis image shows a minimalist arrangement of 3D geometric shapes made of different materials and colors. The JSON provided contains information about all objects in the scene, including their name, 3D coordinates (represented as [X, Y, Z]), material (metal = shinny, rubber = matte), and other attributes. \nYour job is to analyze this information, find the object with a size of 0.701, use its attributes to identify which object in the image corresponds to that object, and retrieve its color in the following format: {""answer"": ""COLOR""}\nSelect your answer from the following options: gray, red, blue, green, brown, purple, cyan, or yellow. Do not add any additional text to your answer, provide your answer always in the following format: {""answer"": ""COLOR""}. \n\nUnderstanding the Coordinate System X, Y, Z:\n• X (Depth): Represents the depth relative to the camera. Smaller values indicate objects that are farther away.\n• Y (Horizontal Position): Represents the left-to-right position. A value of zero means the object is centered in the scene, negative values place the object to the left, and positive values to the right.\n• Z (Vertical Position): Represents the height of the object\'s center point. Larger values correspond to higher vertical positions.\n\nHere is the JSON containing details about all objects in the scene in the image:\n\n{""camera_location"": [9.915478112284436, 0, 5.34366512298584], ""objects"": [{""name"": ""Object_0"", ""shape"": ""cube"", ""size"": 0.701, ""material"": ""metal"", ""3d_coords"": [3.35164778681164, 0.7038406071180323, 0.699999988079071], ""rotation"": 55.94513702392578}, {""name"": ""Object_1"", ""shape"": ""cube"", ""size"": 0.351, ""material"": ""rubber"", ""3d_coords"": [-0.10143494557505583, -1.5074461373753052, 0.3499999940395355], ""rotation"": 74.72120666503906}, {""name"": ""Object_2"", ""shape"": ""cube"", ""size"": 0.351, ""material"": ""rubber"", ""3d_coords"": [-0.5991660463573638, 3.093075744628287, 0.3499999940395355], ""rotation"": 260.12261962890625}, {""name"": ""Object_3"", ""shape"": ""cylinder"", ""size"": 0.7, ""material"": ""rubber"", ""3d_coords"": [-1.291800448418818, 1.1705420815636267, 0.699999988079071], ""rotation"": 321.3998718261719}]}\n\nWhat is the color of the object with a size of 0.701?  ASSISTANT:\nassistant\n{""answer"": ""purple""}']",purple,"{""answer"": ""purple""}",4,"user
 USER:  
This image shows a minimalist arrangement of 3D geometric shapes made of different materials and colors. The JSON provided contains information about all objects in the scene, including their name, 3D coordinates (represented as [X, Y, Z]), material (metal = shinny, rubber = matte), and other attributes. 
Your job is to analyze this information, find the object with a size of 0.701, use its attributes to identify which object in the image corresponds to that object, and retrieve its color in the following format: {""answer"": ""COLOR""}
Select your answer from the following options: gray, red, blue, green, brown, purple, cyan, or yellow. Do not add any additional text to your answer, provide your answer always in the following format: {""answer"": ""COLOR""}. 

Understanding the Coordinate System X, Y, Z:
• X (Depth): Represents the depth relative to the camera. Smaller values indicate objects that are farther away.
• Y (Horizontal Position): Represents the left-to-right position. A value of zero means the object is centered in the scene, negative values place the object to the left, and positive values to the right.
• Z (Vertical Position): Represents the height of the object's center point. Larger values correspond to higher vertical positions.

Here is the JSON containing details about all objects in the scene in the image:

{""camera_location"": [9.915478112284436, 0, 5.34366512298584], ""objects"": [{""name"": ""Object_0"", ""shape"": ""cube"", ""size"": 0.701, ""material"": ""metal"", ""3d_coords"": [3.35164778681164, 0.7038406071180323, 0.699999988079071], ""rotation"": 55.94513702392578}, {""name"": ""Object_1"", ""shape"": ""cube"", ""size"": 0.351, ""material"": ""rubber"", ""3d_coords"": [-0.10143494557505583, -1.5074461373753052, 0.3499999940395355], ""rotation"": 74.72120666503906}, {""name"": ""Object_2"", ""shape"": ""cube"", ""size"": 0.351, ""material"": ""rubber"", ""3d_coords"": [-0.5991660463573638, 3.093075744628287, 0.3499999940395355], ""rotation"": 260.12261962890625}, {""name"": ""Object_3"", ""shape"": ""cylinder"", ""size"": 0.7, ""material"": ""rubber"", ""3d_coords"": [-1.291800448418818, 1.1705420815636267, 0.699999988079071], ""rotation"": 321.3998718261719}]}

What is the color of the object with a size of 0.701?  ASSISTANT:
assistant
{""answer"": ""red""}",red,"{""answer"": ""purple""}",4
36,24.456657,34.954224,39.23176,38.247395,39.096382,38.320915,37.77883,37.851795,37.93647,39.476738,39.12429,39.61483,40.6351,41.97788,41.40847,42.44949,43.494644,42.543076,42.915577,44.165398,43.003174,43.84554,44.72734,42.866425,42.933334,42.26036,42.823204,43.55265,43.422573,43.30756,43.13985,41.37721,42.65907,44.795547,47.390156,46.422276,55.256016,Img tokens,3763,4988,"['user\n USER:  \nThis image shows a minimalist arrangement of 3D geometric shapes made of different materials and colors. The JSON provided contains information about all objects in the scene, including their name, 3D coordinates (represented as [X, Y, Z]), material (metal = shinny, rubber = matte), and other attributes. \nYour job is to analyze this information, find the object named \'Object_4\', use its attributes to identify which object in the image corresponds to that object, and retrieve its color in the following format: {""answer"": ""COLOR""}\nSelect your answer from the following options: gray, red, blue, green, brown, purple, cyan, or yellow. Do not add any additional text to your answer, provide your answer always in the following format: {""answer"": ""COLOR""}. \n\nUnderstanding the Coordinate System X, Y, Z:\n• X (Depth): Represents the depth relative to the camera. Smaller values indicate objects that are farther away.\n• Y (Horizontal Position): Represents the left-to-right position. A value of zero means the object is centered in the scene, negative values place the object to the left, and positive values to the right.\n• Z (Vertical Position): Represents the height of the object\'s center point. Larger values correspond to higher vertical positions.\n\nHere is the JSON containing details about all objects in the scene in the image:\n\n{""camera_location"": [9.915478112284436, 0, 5.34366512298584], ""objects"": [{""name"": ""Object_0"", ""shape"": ""cone"", ""size"": 0.351, ""material"": ""rubber"", ""3d_coords"": [0.46484034094585647, 2.083423755575094, 0.3499999940395355], ""rotation"": 315.49658203125}, {""name"": ""Object_1"", ""shape"": ""sphere"", ""size"": 0.7, ""material"": ""rubber"", ""3d_coords"": [-2.711839621566087, 0.2866005843362365, 0.699999988079071], ""rotation"": 58.76243591308594}, {""name"": ""Object_2"", ""shape"": ""cylinder"", ""size"": 0.351, ""material"": ""rubber"", ""3d_coords"": [-0.309677523040193, -1.854774260307945, 0.3499999940395355], ""rotation"": 116.93511962890625}, {""name"": ""Object_3"", ""shape"": ""cube"", ""size"": 0.7, ""material"": ""rubber"", ""3d_coords"": [2.6733629443496456, 0.8134564474804973, 0.699999988079071], ""rotation"": 184.6195831298828}, {""name"": ""Object_4"", ""shape"": ""cylinder"", ""size"": 0.701, ""material"": ""metal"", ""3d_coords"": [-1.2203400769844812, 2.6530951723396834, 0.699999988079071], ""rotation"": 253.9947052001953}, {""name"": ""Object_5"", ""shape"": ""sphere"", ""size"": 0.7, ""material"": ""metal"", ""3d_coords"": [1.610043040858324, -2.389451942257979, 0.699999988079071], ""rotation"": 335.37835693359375}, {""name"": ""Object_6"", ""shape"": ""cylinder"", ""size"": 0.7, ""material"": ""metal"", ""3d_coords"": [3.1409926315007177, -1.1071335254949883, 0.699999988079071], ""rotation"": 146.85739135742188}, {""name"": ""Object_7"", ""shape"": ""cube"", ""size"": 0.7, ""material"": ""metal"", ""3d_coords"": [1.1452443708675122, -0.27262920788340506, 0.699999988079071], ""rotation"": 265.3296203613281}, {""name"": ""Object_8"", ""shape"": ""cylinder"", ""size"": 0.351, ""material"": ""metal"", ""3d_coords"": [-1.6625752303313914, -0.6826348438314609, 0.3499999940395355], ""rotation"": 342.11083984375}, {""name"": ""Object_9"", ""shape"": ""sphere"", ""size"": 0.7, ""material"": ""rubber"", ""3d_coords"": [-0.7800068116773411, -3.633591768151023, 0.699999988079071], ""rotation"": 223.64723205566406}]}\n\nWhat is the color of the object named \'Object_4\'?  ASSISTANT:\nassistant\n{""answer"": ""yellow""}']",yellow,"{""answer"": ""gray""}",10,"user
 USER:  
This image shows a minimalist arrangement of 3D geometric shapes made of different materials and colors. The JSON provided contains information about all objects in the scene, including their name, 3D coordinates (represented as [X, Y, Z]), material (metal = shinny, rubber = matte), and other attributes. 
Your job is to analyze this information, find the object named 'Object_4', use its attributes to identify which object in the image corresponds to that object, and retrieve its color in the following format: {""answer"": ""COLOR""}
Select your answer from the following options: gray, red, blue, green, brown, purple, cyan, or yellow. Do not add any additional text to your answer, provide your answer always in the following format: {""answer"": ""COLOR""}. 

Understanding the Coordinate System X, Y, Z:
• X (Depth): Represents the depth relative to the camera. Smaller values indicate objects that are farther away.
• Y (Horizontal Position): Represents the left-to-right position. A value of zero means the object is centered in the scene, negative values place the object to the left, and positive values to the right.
• Z (Vertical Position): Represents the height of the object's center point. Larger values correspond to higher vertical positions.

Here is the JSON containing details about all objects in the scene in the image:

{""camera_location"": [9.915478112284436, 0, 5.34366512298584], ""objects"": [{""name"": ""Object_0"", ""shape"": ""cone"", ""size"": 0.351, ""material"": ""rubber"", ""3d_coords"": [0.46484034094585647, 2.083423755575094, 0.3499999940395355], ""rotation"": 315.49658203125}, {""name"": ""Object_1"", ""shape"": ""sphere"", ""size"": 0.7, ""material"": ""rubber"", ""3d_coords"": [-2.711839621566087, 0.2866005843362365, 0.699999988079071], ""rotation"": 58.76243591308594}, {""name"": ""Object_2"", ""shape"": ""cylinder"", ""size"": 0.351, ""material"": ""rubber"", ""3d_coords"": [-0.309677523040193, -1.854774260307945, 0.3499999940395355], ""rotation"": 116.93511962890625}, {""name"": ""Object_3"", ""shape"": ""cube"", ""size"": 0.7, ""material"": ""rubber"", ""3d_coords"": [2.6733629443496456, 0.8134564474804973, 0.699999988079071], ""rotation"": 184.6195831298828}, {""name"": ""Object_4"", ""shape"": ""cylinder"", ""size"": 0.701, ""material"": ""metal"", ""3d_coords"": [-1.2203400769844812, 2.6530951723396834, 0.699999988079071], ""rotation"": 253.9947052001953}, {""name"": ""Object_5"", ""shape"": ""sphere"", ""size"": 0.7, ""material"": ""metal"", ""3d_coords"": [1.610043040858324, -2.389451942257979, 0.699999988079071], ""rotation"": 335.37835693359375}, {""name"": ""Object_6"", ""shape"": ""cylinder"", ""size"": 0.7, ""material"": ""metal"", ""3d_coords"": [3.1409926315007177, -1.1071335254949883, 0.699999988079071], ""rotation"": 146.85739135742188}, {""name"": ""Object_7"", ""shape"": ""cube"", ""size"": 0.7, ""material"": ""metal"", ""3d_coords"": [1.1452443708675122, -0.27262920788340506, 0.699999988079071], ""rotation"": 265.3296203613281}, {""name"": ""Object_8"", ""shape"": ""cylinder"", ""size"": 0.351, ""material"": ""metal"", ""3d_coords"": [-1.6625752303313914, -0.6826348438314609, 0.3499999940395355], ""rotation"": 342.11083984375}, {""name"": ""Object_9"", ""shape"": ""sphere"", ""size"": 0.7, ""material"": ""rubber"", ""3d_coords"": [-0.7800068116773411, -3.633591768151023, 0.699999988079071], ""rotation"": 223.64723205566406}]}

What is the color of the object named 'Object_4'?  ASSISTANT:
assistant
{""answer"": ""gray""}",gray,"{""answer"": ""gray""}",10
37,25.04382,34.909264,37.949272,36.839027,37.59095,36.83297,36.360226,36.504356,36.599968,37.80171,37.40728,37.708927,38.477524,39.594246,39.028175,40.3611,41.58036,40.730274,41.61012,42.9984,42.123524,43.10049,44.318443,42.436546,42.49546,41.315506,41.786587,42.698273,42.49248,42.140026,41.950127,39.745743,41.23855,43.843502,46.51309,45.88962,53.593777,Img tokens,1022,1401,"['user\n USER:  \nThis image shows a minimalist arrangement of 3D geometric shapes made of different materials and colors. The JSON provided contains information about all objects in the scene, including their name, 3D coordinates (represented as [X, Y, Z]), material (metal = shinny, rubber = matte), and other attributes. \nYour job is to identify the yellow colored object in the image, match its attributes to identify which of the objects mentioned in the JSON corresponds to that object, and determine its size in the following format: {""answer"": ""SIZE""}\nDo not add any additional text to your answer, provide your answer always in the following format: {""answer"": ""SIZE""}. \n\nUnderstanding the Coordinate System X, Y, Z:\n• X (Depth): Represents the depth relative to the camera. Smaller values indicate objects that are farther away.\n• Y (Horizontal Position): Represents the left-to-right position. A value of zero means the object is centered in the scene, negative values place the object to the left, and positive values to the right.\n• Z (Vertical Position): Represents the height of the object\'s center point. Larger values correspond to higher vertical positions.\n\nHere is the JSON containing details about all objects in the scene in the image:\n\n{""camera_location"": [9.915478112284436, 0, 5.34366512298584], ""objects"": [{""name"": ""Object_0"", ""shape"": ""cylinder"", ""size"": 0.351, ""material"": ""rubber"", ""3d_coords"": [1.5875971270164562, -2.0748144814017824, 0.3499999940395355], ""rotation"": 350.1144714355469}, {""name"": ""Object_1"", ""shape"": ""cone"", ""size"": 0.7, ""material"": ""metal"", ""3d_coords"": [-0.5003622235086083, -0.6906166261839943, 0.699999988079071], ""rotation"": 245.90460205078125}, {""name"": ""Object_2"", ""shape"": ""cube"", ""size"": 0.351, ""material"": ""metal"", ""3d_coords"": [1.0376477063374476, 1.4350828780878087, 0.3499999940395355], ""rotation"": 127.98993682861328}, {""name"": ""Object_3"", ""shape"": ""cone"", ""size"": 0.7, ""material"": ""metal"", ""3d_coords"": [-1.1535950173878304, -2.4838037071823686, 0.699999988079071], ""rotation"": 114.01488494873047}, {""name"": ""Object_4"", ""shape"": ""cylinder"", ""size"": 0.351, ""material"": ""rubber"", ""3d_coords"": [3.4307354030877635, 0.561606502364866, 0.3499999940395355], ""rotation"": 187.4977569580078}, {""name"": ""Object_5"", ""shape"": ""cylinder"", ""size"": 0.7, ""material"": ""rubber"", ""3d_coords"": [-0.0515892348558622, 3.8395363367590525, 0.699999988079071], ""rotation"": 169.93116760253906}, {""name"": ""Object_6"", ""shape"": ""cone"", ""size"": 0.351, ""material"": ""rubber"", ""3d_coords"": [2.180456987535454, -0.019286643111459112, 0.3499999940395355], ""rotation"": 252.6161346435547}, {""name"": ""Object_7"", ""shape"": ""cube"", ""size"": 0.351, ""material"": ""rubber"", ""3d_coords"": [0.45168607109808656, 2.6291046818664534, 0.3499999940395355], ""rotation"": 281.9902648925781}, {""name"": ""Object_8"", ""shape"": ""sphere"", ""size"": 0.351, ""material"": ""rubber"", ""3d_coords"": [2.8527672306553895, -1.4525014180715619, 0.3499999940395355], ""rotation"": 59.09893798828125}, {""name"": ""Object_9"", ""shape"": ""cylinder"", ""size"": 0.701, ""material"": ""metal"", ""3d_coords"": [-1.9757282114270003, 2.0692379782388683, 0.699999988079071], ""rotation"": 156.546142578125}]}\n\nWhat is the size value of the yellow colored object?  ASSISTANT:\nassistant\n{""answer"": 0.7}']",0.7,"{""answer"": 0.7}",10,"user
 USER:  
This image shows a minimalist arrangement of 3D geometric shapes made of different materials and colors. The JSON provided contains information about all objects in the scene, including their name, 3D coordinates (represented as [X, Y, Z]), material (metal = shinny, rubber = matte), and other attributes. 
Your job is to identify the yellow colored object in the image, match its attributes to identify which of the objects mentioned in the JSON corresponds to that object, and determine its size in the following format: {""answer"": ""SIZE""}
Do not add any additional text to your answer, provide your answer always in the following format: {""answer"": ""SIZE""}. 

Understanding the Coordinate System X, Y, Z:
• X (Depth): Represents the depth relative to the camera. Smaller values indicate objects that are farther away.
• Y (Horizontal Position): Represents the left-to-right position. A value of zero means the object is centered in the scene, negative values place the object to the left, and positive values to the right.
• Z (Vertical Position): Represents the height of the object's center point. Larger values correspond to higher vertical positions.

Here is the JSON containing details about all objects in the scene in the image:

{""camera_location"": [9.915478112284436, 0, 5.34366512298584], ""objects"": [{""name"": ""Object_0"", ""shape"": ""cylinder"", ""size"": 0.351, ""material"": ""rubber"", ""3d_coords"": [1.5875971270164562, -2.0748144814017824, 0.3499999940395355], ""rotation"": 350.1144714355469}, {""name"": ""Object_1"", ""shape"": ""cone"", ""size"": 0.7, ""material"": ""metal"", ""3d_coords"": [-0.5003622235086083, -0.6906166261839943, 0.699999988079071], ""rotation"": 245.90460205078125}, {""name"": ""Object_2"", ""shape"": ""cube"", ""size"": 0.351, ""material"": ""metal"", ""3d_coords"": [1.0376477063374476, 1.4350828780878087, 0.3499999940395355], ""rotation"": 127.98993682861328}, {""name"": ""Object_3"", ""shape"": ""cone"", ""size"": 0.7, ""material"": ""metal"", ""3d_coords"": [-1.1535950173878304, -2.4838037071823686, 0.699999988079071], ""rotation"": 114.01488494873047}, {""name"": ""Object_4"", ""shape"": ""cylinder"", ""size"": 0.351, ""material"": ""rubber"", ""3d_coords"": [3.4307354030877635, 0.561606502364866, 0.3499999940395355], ""rotation"": 187.4977569580078}, {""name"": ""Object_5"", ""shape"": ""cylinder"", ""size"": 0.7, ""material"": ""rubber"", ""3d_coords"": [-0.0515892348558622, 3.8395363367590525, 0.699999988079071], ""rotation"": 169.93116760253906}, {""name"": ""Object_6"", ""shape"": ""cone"", ""size"": 0.351, ""material"": ""rubber"", ""3d_coords"": [2.180456987535454, -0.019286643111459112, 0.3499999940395355], ""rotation"": 252.6161346435547}, {""name"": ""Object_7"", ""shape"": ""cube"", ""size"": 0.351, ""material"": ""rubber"", ""3d_coords"": [0.45168607109808656, 2.6291046818664534, 0.3499999940395355], ""rotation"": 281.9902648925781}, {""name"": ""Object_8"", ""shape"": ""sphere"", ""size"": 0.351, ""material"": ""rubber"", ""3d_coords"": [2.8527672306553895, -1.4525014180715619, 0.3499999940395355], ""rotation"": 59.09893798828125}, {""name"": ""Object_9"", ""shape"": ""cylinder"", ""size"": 0.701, ""material"": ""metal"", ""3d_coords"": [-1.9757282114270003, 2.0692379782388683, 0.699999988079071], ""rotation"": 156.546142578125}]}

What is the size value of the yellow colored object?  ASSISTANT:
assistant
{""answer"": ""0.351""}",0.351,"{""answer"": 0.7}",10
38,21.60176,31.384296,34.467484,33.685047,34.13767,33.04905,32.275585,32.37316,32.122982,33.52536,33.415203,34.924477,36.178265,37.81754,37.87226,39.044685,40.380352,39.61613,40.447113,41.681988,40.710567,41.61048,42.79438,41.197803,40.970074,39.694527,40.5483,41.219467,40.785313,40.98098,40.89222,38.824783,40.75414,43.147484,46.238384,45.34952,53.07183,Img tokens,3100,4112,"['user\n USER:  \nThis image shows a minimalist arrangement of 3D geometric shapes made of different materials and colors. The JSON provided contains information about all objects in the scene, including their name, 3D coordinates (represented as [X, Y, Z]), material (metal = shinny, rubber = matte), and other attributes. \nYour job is to identify the cyan colored object in the image, match its attributes to identify which of the objects mentioned in the JSON corresponds to that object, and determine its size in the following format: {""answer"": ""SIZE""}\nDo not add any additional text to your answer, provide your answer always in the following format: {""answer"": ""SIZE""}. \n\nUnderstanding the Coordinate System X, Y, Z:\n• X (Depth): Represents the depth relative to the camera. Smaller values indicate objects that are farther away.\n• Y (Horizontal Position): Represents the left-to-right position. A value of zero means the object is centered in the scene, negative values place the object to the left, and positive values to the right.\n• Z (Vertical Position): Represents the height of the object\'s center point. Larger values correspond to higher vertical positions.\n\nHere is the JSON containing details about all objects in the scene in the image:\n\n{""camera_location"": [9.915478112284436, 0, 5.34366512298584], ""objects"": [{""name"": ""Object_0"", ""shape"": ""cylinder"", ""size"": 0.7, ""material"": ""rubber"", ""3d_coords"": [0.9415380444114277, -0.35747080355695293, 0.699999988079071], ""rotation"": 81.65936279296875}, {""name"": ""Object_1"", ""shape"": ""cone"", ""size"": 0.351, ""material"": ""metal"", ""3d_coords"": [-0.9097890914903412, -2.4817475373115165, 0.3499999940395355], ""rotation"": 52.98750305175781}, {""name"": ""Object_2"", ""shape"": ""cube"", ""size"": 0.7, ""material"": ""metal"", ""3d_coords"": [-1.657513190211954, 2.1426429107175333, 0.699999988079071], ""rotation"": 124.86630249023438}, {""name"": ""Object_3"", ""shape"": ""sphere"", ""size"": 0.351, ""material"": ""metal"", ""3d_coords"": [-0.4650004532634814, 1.6021075115280292, 0.3499999940395355], ""rotation"": 327.89031982421875}, {""name"": ""Object_4"", ""shape"": ""cylinder"", ""size"": 0.701, ""material"": ""rubber"", ""3d_coords"": [-2.9427470978568513, 0.3522299226137795, 0.699999988079071], ""rotation"": 317.8857116699219}, {""name"": ""Object_5"", ""shape"": ""cube"", ""size"": 0.351, ""material"": ""metal"", ""3d_coords"": [2.0548341538721058, 0.9529909997114034, 0.3499999940395355], ""rotation"": 13.019908905029297}]}\n\nWhat is the size value of the cyan colored object?  ASSISTANT:\nassistant\n{""answer"": ""0.351""}']",0.351,"{""answer"": 0.351}",6,"user
 USER:  
This image shows a minimalist arrangement of 3D geometric shapes made of different materials and colors. The JSON provided contains information about all objects in the scene, including their name, 3D coordinates (represented as [X, Y, Z]), material (metal = shinny, rubber = matte), and other attributes. 
Your job is to identify the cyan colored object in the image, match its attributes to identify which of the objects mentioned in the JSON corresponds to that object, and determine its size in the following format: {""answer"": ""SIZE""}
Do not add any additional text to your answer, provide your answer always in the following format: {""answer"": ""SIZE""}. 

Understanding the Coordinate System X, Y, Z:
• X (Depth): Represents the depth relative to the camera. Smaller values indicate objects that are farther away.
• Y (Horizontal Position): Represents the left-to-right position. A value of zero means the object is centered in the scene, negative values place the object to the left, and positive values to the right.
• Z (Vertical Position): Represents the height of the object's center point. Larger values correspond to higher vertical positions.

Here is the JSON containing details about all objects in the scene in the image:

{""camera_location"": [9.915478112284436, 0, 5.34366512298584], ""objects"": [{""name"": ""Object_0"", ""shape"": ""cylinder"", ""size"": 0.7, ""material"": ""rubber"", ""3d_coords"": [0.9415380444114277, -0.35747080355695293, 0.699999988079071], ""rotation"": 81.65936279296875}, {""name"": ""Object_1"", ""shape"": ""cone"", ""size"": 0.351, ""material"": ""metal"", ""3d_coords"": [-0.9097890914903412, -2.4817475373115165, 0.3499999940395355], ""rotation"": 52.98750305175781}, {""name"": ""Object_2"", ""shape"": ""cube"", ""size"": 0.7, ""material"": ""metal"", ""3d_coords"": [-1.657513190211954, 2.1426429107175333, 0.699999988079071], ""rotation"": 124.86630249023438}, {""name"": ""Object_3"", ""shape"": ""sphere"", ""size"": 0.351, ""material"": ""metal"", ""3d_coords"": [-0.4650004532634814, 1.6021075115280292, 0.3499999940395355], ""rotation"": 327.89031982421875}, {""name"": ""Object_4"", ""shape"": ""cylinder"", ""size"": 0.701, ""material"": ""rubber"", ""3d_coords"": [-2.9427470978568513, 0.3522299226137795, 0.699999988079071], ""rotation"": 317.8857116699219}, {""name"": ""Object_5"", ""shape"": ""cube"", ""size"": 0.351, ""material"": ""metal"", ""3d_coords"": [2.0548341538721058, 0.9529909997114034, 0.3499999940395355], ""rotation"": 13.019908905029297}]}

What is the size value of the cyan colored object?  ASSISTANT:
assistant
{""answer"": 0.7}",0.7,"{""answer"": 0.351}",6
39,22.623291,32.288124,36.592693,36.01877,36.67463,35.888424,35.446995,35.70298,35.80921,37.16681,36.900818,37.49119,38.001087,38.955235,38.354244,39.569088,41.004623,40.257824,40.73678,42.06069,40.76556,41.65542,42.91403,41.162224,40.755245,39.978577,40.664536,41.422462,41.14481,41.258217,41.425358,39.16202,41.019028,43.58022,45.63778,45.626423,53.925472,Img tokens,645,894,"['user\n USER:  \nThis image shows a minimalist arrangement of 3D geometric shapes made of different materials and colors. The JSON provided contains information about all objects in the scene, including their name, 3D coordinates (represented as [X, Y, Z]), material (metal = shinny, rubber = matte), and other attributes. \nYour job is to analyze this information, find the object named \'Object_7\', use its attributes to identify which object in the image corresponds to that object, and retrieve its color in the following format: {""answer"": ""COLOR""}\nSelect your answer from the following options: gray, red, blue, green, brown, purple, cyan, or yellow. Do not add any additional text to your answer, provide your answer always in the following format: {""answer"": ""COLOR""}. \n\nUnderstanding the Coordinate System X, Y, Z:\n• X (Depth): Represents the depth relative to the camera. Smaller values indicate objects that are farther away.\n• Y (Horizontal Position): Represents the left-to-right position. A value of zero means the object is centered in the scene, negative values place the object to the left, and positive values to the right.\n• Z (Vertical Position): Represents the height of the object\'s center point. Larger values correspond to higher vertical positions.\n\nHere is the JSON containing details about all objects in the scene in the image:\n\n{""camera_location"": [9.915478112284436, 0, 5.34366512298584], ""objects"": [{""name"": ""Object_0"", ""shape"": ""sphere"", ""size"": 0.351, ""material"": ""metal"", ""3d_coords"": [0.06684000145976632, -3.3477017332445973, 0.3499999940395355], ""rotation"": 174.85931396484375}, {""name"": ""Object_1"", ""shape"": ""cone"", ""size"": 0.701, ""material"": ""rubber"", ""3d_coords"": [-1.0946259232486302, -0.7659727487150643, 0.699999988079071], ""rotation"": 52.344520568847656}, {""name"": ""Object_2"", ""shape"": ""cylinder"", ""size"": 0.351, ""material"": ""rubber"", ""3d_coords"": [1.0793513901121412, -2.5673405656317763, 0.3499999940395355], ""rotation"": 103.62200927734375}, {""name"": ""Object_3"", ""shape"": ""cylinder"", ""size"": 0.351, ""material"": ""rubber"", ""3d_coords"": [0.678286640175445, 3.6379316658639977, 0.3499999940395355], ""rotation"": 354.0093994140625}, {""name"": ""Object_4"", ""shape"": ""cube"", ""size"": 0.7, ""material"": ""metal"", ""3d_coords"": [-3.167876209502915, -0.2501118045468609, 0.699999988079071], ""rotation"": 150.0198211669922}, {""name"": ""Object_5"", ""shape"": ""sphere"", ""size"": 0.351, ""material"": ""rubber"", ""3d_coords"": [1.9432565533440416, -2.1110418655864605, 0.3499999940395355], ""rotation"": 303.41156005859375}, {""name"": ""Object_6"", ""shape"": ""cube"", ""size"": 0.351, ""material"": ""metal"", ""3d_coords"": [-2.338861805347964, 1.5118612648168583, 0.3499999940395355], ""rotation"": 174.140625}, {""name"": ""Object_7"", ""shape"": ""cylinder"", ""size"": 0.7, ""material"": ""rubber"", ""3d_coords"": [2.511847530873951, 0.28729693816841473, 0.699999988079071], ""rotation"": 156.7460174560547}, {""name"": ""Object_8"", ""shape"": ""cube"", ""size"": 0.701, ""material"": ""metal"", ""3d_coords"": [1.4812915036740941, 2.2907316805760143, 0.699999988079071], ""rotation"": 161.34979248046875}]}\n\nWhat is the color of the object named \'Object_7\'?  ASSISTANT:\nassistant\n{""answer"": ""purple""}']",purple,"{""answer"": ""yellow""}",9,"user
 USER:  
This image shows a minimalist arrangement of 3D geometric shapes made of different materials and colors. The JSON provided contains information about all objects in the scene, including their name, 3D coordinates (represented as [X, Y, Z]), material (metal = shinny, rubber = matte), and other attributes. 
Your job is to analyze this information, find the object named 'Object_7', use its attributes to identify which object in the image corresponds to that object, and retrieve its color in the following format: {""answer"": ""COLOR""}
Select your answer from the following options: gray, red, blue, green, brown, purple, cyan, or yellow. Do not add any additional text to your answer, provide your answer always in the following format: {""answer"": ""COLOR""}. 

Understanding the Coordinate System X, Y, Z:
• X (Depth): Represents the depth relative to the camera. Smaller values indicate objects that are farther away.
• Y (Horizontal Position): Represents the left-to-right position. A value of zero means the object is centered in the scene, negative values place the object to the left, and positive values to the right.
• Z (Vertical Position): Represents the height of the object's center point. Larger values correspond to higher vertical positions.

Here is the JSON containing details about all objects in the scene in the image:

{""camera_location"": [9.915478112284436, 0, 5.34366512298584], ""objects"": [{""name"": ""Object_0"", ""shape"": ""sphere"", ""size"": 0.351, ""material"": ""metal"", ""3d_coords"": [0.06684000145976632, -3.3477017332445973, 0.3499999940395355], ""rotation"": 174.85931396484375}, {""name"": ""Object_1"", ""shape"": ""cone"", ""size"": 0.701, ""material"": ""rubber"", ""3d_coords"": [-1.0946259232486302, -0.7659727487150643, 0.699999988079071], ""rotation"": 52.344520568847656}, {""name"": ""Object_2"", ""shape"": ""cylinder"", ""size"": 0.351, ""material"": ""rubber"", ""3d_coords"": [1.0793513901121412, -2.5673405656317763, 0.3499999940395355], ""rotation"": 103.62200927734375}, {""name"": ""Object_3"", ""shape"": ""cylinder"", ""size"": 0.351, ""material"": ""rubber"", ""3d_coords"": [0.678286640175445, 3.6379316658639977, 0.3499999940395355], ""rotation"": 354.0093994140625}, {""name"": ""Object_4"", ""shape"": ""cube"", ""size"": 0.7, ""material"": ""metal"", ""3d_coords"": [-3.167876209502915, -0.2501118045468609, 0.699999988079071], ""rotation"": 150.0198211669922}, {""name"": ""Object_5"", ""shape"": ""sphere"", ""size"": 0.351, ""material"": ""rubber"", ""3d_coords"": [1.9432565533440416, -2.1110418655864605, 0.3499999940395355], ""rotation"": 303.41156005859375}, {""name"": ""Object_6"", ""shape"": ""cube"", ""size"": 0.351, ""material"": ""metal"", ""3d_coords"": [-2.338861805347964, 1.5118612648168583, 0.3499999940395355], ""rotation"": 174.140625}, {""name"": ""Object_7"", ""shape"": ""cylinder"", ""size"": 0.7, ""material"": ""rubber"", ""3d_coords"": [2.511847530873951, 0.28729693816841473, 0.699999988079071], ""rotation"": 156.7460174560547}, {""name"": ""Object_8"", ""shape"": ""cube"", ""size"": 0.701, ""material"": ""metal"", ""3d_coords"": [1.4812915036740941, 2.2907316805760143, 0.699999988079071], ""rotation"": 161.34979248046875}]}

What is the color of the object named 'Object_7'?  ASSISTANT:
assistant
{""answer"": ""red""}",red,"{""answer"": ""yellow""}",9
40,16.620348,25.323246,29.586376,29.790401,30.058367,29.209476,28.421097,28.421309,27.815084,28.537523,28.353762,28.959435,30.235785,32.00449,32.269062,33.897545,35.171764,34.81857,35.76492,37.05456,35.985584,37.320156,38.38193,37.019455,36.45919,35.538616,36.478336,36.527042,36.99451,36.942867,36.50319,34.999233,36.418636,38.314327,40.446823,40.06516,44.008312,Img tokens,2401,3184,"['user\n USER:  \nThis image shows a minimalist arrangement of 3D geometric shapes made of different materials and colors. The JSON provided contains information about all objects in the scene, including their name, 3D coordinates (represented as [X, Y, Z]), material (metal = shinny, rubber = matte), and other attributes. \nYour job is to analyze this information, find the object named \'Object_0\', use its attributes to identify which object in the image corresponds to that object, and retrieve its shape in the following format: {""answer"": ""SHAPE""}\nSelect your answer from the following options: cylinder, sphere, cone, or cube. Do not add any additional text to your answer, provide your answer always in the following format: {""answer"": ""SHAPE""}. \n\nUnderstanding the Coordinate System X, Y, Z:\n• X (Depth): Represents the depth relative to the camera. Smaller values indicate objects that are farther away.\n• Y (Horizontal Position): Represents the left-to-right position. A value of zero means the object is centered in the scene, negative values place the object to the left, and positive values to the right.\n• Z (Vertical Position): Represents the height of the object\'s center point. Larger values correspond to higher vertical positions.\n\nHere is the JSON containing details about all objects in the scene in the image:\n\n{""camera_location"": [9.915478112284436, 0, 5.34366512298584], ""objects"": [{""name"": ""Object_0"", ""size"": 0.701, ""material"": ""metal"", ""3d_coords"": [0.4337781531687439, -2.6611781942048514, 0.699999988079071], ""rotation"": 356.5661926269531, ""color"": ""blue""}, {""name"": ""Object_1"", ""size"": 0.351, ""material"": ""metal"", ""3d_coords"": [-0.05450640608078694, 2.198914454081084, 0.3499999940395355], ""rotation"": 237.0992431640625, ""color"": ""brown""}, {""name"": ""Object_2"", ""size"": 0.351, ""material"": ""metal"", ""3d_coords"": [-3.1734805579114576, 0.38186470854674437, 0.3499999940395355], ""rotation"": 352.2261962890625, ""color"": ""green""}]}\n\nWhat is the shape of the object named \'Object_0\'?  ASSISTANT:\nassistant\n{""answer"": ""cylinder""}']",cylinder,"{""answer"": ""cylinder""}",3,"user
 USER:  
This image shows a minimalist arrangement of 3D geometric shapes made of different materials and colors. The JSON provided contains information about all objects in the scene, including their name, 3D coordinates (represented as [X, Y, Z]), material (metal = shinny, rubber = matte), and other attributes. 
Your job is to analyze this information, find the object named 'Object_0', use its attributes to identify which object in the image corresponds to that object, and retrieve its shape in the following format: {""answer"": ""SHAPE""}
Select your answer from the following options: cylinder, sphere, cone, or cube. Do not add any additional text to your answer, provide your answer always in the following format: {""answer"": ""SHAPE""}. 

Understanding the Coordinate System X, Y, Z:
• X (Depth): Represents the depth relative to the camera. Smaller values indicate objects that are farther away.
• Y (Horizontal Position): Represents the left-to-right position. A value of zero means the object is centered in the scene, negative values place the object to the left, and positive values to the right.
• Z (Vertical Position): Represents the height of the object's center point. Larger values correspond to higher vertical positions.

Here is the JSON containing details about all objects in the scene in the image:

{""camera_location"": [9.915478112284436, 0, 5.34366512298584], ""objects"": [{""name"": ""Object_0"", ""size"": 0.701, ""material"": ""metal"", ""3d_coords"": [0.4337781531687439, -2.6611781942048514, 0.699999988079071], ""rotation"": 356.5661926269531, ""color"": ""blue""}, {""name"": ""Object_1"", ""size"": 0.351, ""material"": ""metal"", ""3d_coords"": [-0.05450640608078694, 2.198914454081084, 0.3499999940395355], ""rotation"": 237.0992431640625, ""color"": ""brown""}, {""name"": ""Object_2"", ""size"": 0.351, ""material"": ""metal"", ""3d_coords"": [-3.1734805579114576, 0.38186470854674437, 0.3499999940395355], ""rotation"": 352.2261962890625, ""color"": ""green""}]}

What is the shape of the object named 'Object_0'?  ASSISTANT:
assistant
{""answer"": ""cube""}",cube,"{""answer"": ""cylinder""}",3
41,21.291082,32.40184,38.648083,38.012466,38.77238,38.214314,37.978516,38.12385,38.36456,39.850002,39.437634,39.25858,39.34594,39.948,38.91244,40.01185,41.034077,40.446507,41.0082,42.180096,41.23029,42.069683,43.171738,41.21995,41.133717,40.43615,40.904655,41.85577,41.846565,42.186134,42.48977,40.896065,43.562435,45.56948,48.11454,48.30156,57.268677,Img tokens,2962,3927,"['user\n USER:  \nThis image shows a minimalist arrangement of 3D geometric shapes made of different materials and colors. The JSON provided contains information about all objects in the scene, including their name, 3D coordinates (represented as [X, Y, Z]), material (metal = shinny, rubber = matte), and other attributes. \nYour job is to analyze this information, find the object named \'Object_3\', use its attributes to identify which object in the image corresponds to that object, and retrieve its shape in the following format: {""answer"": ""SHAPE""}\nSelect your answer from the following options: cylinder, sphere, cone, or cube. Do not add any additional text to your answer, provide your answer always in the following format: {""answer"": ""SHAPE""}. \n\nUnderstanding the Coordinate System X, Y, Z:\n• X (Depth): Represents the depth relative to the camera. Smaller values indicate objects that are farther away.\n• Y (Horizontal Position): Represents the left-to-right position. A value of zero means the object is centered in the scene, negative values place the object to the left, and positive values to the right.\n• Z (Vertical Position): Represents the height of the object\'s center point. Larger values correspond to higher vertical positions.\n\nHere is the JSON containing details about all objects in the scene in the image:\n\n{""camera_location"": [9.915478112284436, 0, 5.34366512298584], ""objects"": [{""name"": ""Object_0"", ""size"": 0.351, ""material"": ""rubber"", ""3d_coords"": [-1.6888785111555271, 0.540339075789151, 0.3499999940395355], ""rotation"": 91.23738861083984, ""color"": ""brown""}, {""name"": ""Object_1"", ""size"": 0.701, ""material"": ""rubber"", ""3d_coords"": [-0.9148265253929692, -2.7838065746464196, 0.699999988079071], ""rotation"": 271.3207092285156, ""color"": ""red""}, {""name"": ""Object_2"", ""size"": 0.7, ""material"": ""rubber"", ""3d_coords"": [1.475628933305564, -0.019488729072218436, 0.699999988079071], ""rotation"": 314.40887451171875, ""color"": ""purple""}, {""name"": ""Object_3"", ""size"": 0.351, ""material"": ""rubber"", ""3d_coords"": [2.6169532545284273, 1.186243615549199, 0.3499999940395355], ""rotation"": 291.8819274902344, ""color"": ""blue""}, {""name"": ""Object_4"", ""size"": 0.351, ""material"": ""metal"", ""3d_coords"": [0.5733596462810078, -3.358965683522768, 0.3499999940395355], ""rotation"": 92.6231689453125, ""color"": ""green""}, {""name"": ""Object_5"", ""size"": 0.7, ""material"": ""rubber"", ""3d_coords"": [2.113236097176041, -1.9734188774614947, 0.699999988079071], ""rotation"": 48.73370361328125, ""color"": ""blue""}, {""name"": ""Object_6"", ""size"": 0.7, ""material"": ""rubber"", ""3d_coords"": [3.7850884581391826, -0.4626334917723809, 0.699999988079071], ""rotation"": 84.19384765625, ""color"": ""gray""}, {""name"": ""Object_7"", ""size"": 0.351, ""material"": ""metal"", ""3d_coords"": [-0.4861812070912641, 2.856572250346188, 0.3499999940395355], ""rotation"": 178.0629119873047, ""color"": ""yellow""}, {""name"": ""Object_8"", ""size"": 0.7, ""material"": ""rubber"", ""3d_coords"": [-0.0817124487712576, 1.6070718035183964, 0.699999988079071], ""rotation"": 317.31939697265625, ""color"": ""yellow""}, {""name"": ""Object_9"", ""size"": 0.701, ""material"": ""metal"", ""3d_coords"": [0.9933769803388244, 3.2748547863823436, 0.699999988079071], ""rotation"": 328.98602294921875, ""color"": ""cyan""}]}\n\nWhat is the shape of the object named \'Object_3\'?  ASSISTANT:\nassistant\n{""answer"": ""cylinder""}']",cylinder,"{""answer"": ""cylinder""}",10,"user
 USER:  
This image shows a minimalist arrangement of 3D geometric shapes made of different materials and colors. The JSON provided contains information about all objects in the scene, including their name, 3D coordinates (represented as [X, Y, Z]), material (metal = shinny, rubber = matte), and other attributes. 
Your job is to analyze this information, find the object named 'Object_3', use its attributes to identify which object in the image corresponds to that object, and retrieve its shape in the following format: {""answer"": ""SHAPE""}
Select your answer from the following options: cylinder, sphere, cone, or cube. Do not add any additional text to your answer, provide your answer always in the following format: {""answer"": ""SHAPE""}. 

Understanding the Coordinate System X, Y, Z:
• X (Depth): Represents the depth relative to the camera. Smaller values indicate objects that are farther away.
• Y (Horizontal Position): Represents the left-to-right position. A value of zero means the object is centered in the scene, negative values place the object to the left, and positive values to the right.
• Z (Vertical Position): Represents the height of the object's center point. Larger values correspond to higher vertical positions.

Here is the JSON containing details about all objects in the scene in the image:

{""camera_location"": [9.915478112284436, 0, 5.34366512298584], ""objects"": [{""name"": ""Object_0"", ""size"": 0.351, ""material"": ""rubber"", ""3d_coords"": [-1.6888785111555271, 0.540339075789151, 0.3499999940395355], ""rotation"": 91.23738861083984, ""color"": ""brown""}, {""name"": ""Object_1"", ""size"": 0.701, ""material"": ""rubber"", ""3d_coords"": [-0.9148265253929692, -2.7838065746464196, 0.699999988079071], ""rotation"": 271.3207092285156, ""color"": ""red""}, {""name"": ""Object_2"", ""size"": 0.7, ""material"": ""rubber"", ""3d_coords"": [1.475628933305564, -0.019488729072218436, 0.699999988079071], ""rotation"": 314.40887451171875, ""color"": ""purple""}, {""name"": ""Object_3"", ""size"": 0.351, ""material"": ""rubber"", ""3d_coords"": [2.6169532545284273, 1.186243615549199, 0.3499999940395355], ""rotation"": 291.8819274902344, ""color"": ""blue""}, {""name"": ""Object_4"", ""size"": 0.351, ""material"": ""metal"", ""3d_coords"": [0.5733596462810078, -3.358965683522768, 0.3499999940395355], ""rotation"": 92.6231689453125, ""color"": ""green""}, {""name"": ""Object_5"", ""size"": 0.7, ""material"": ""rubber"", ""3d_coords"": [2.113236097176041, -1.9734188774614947, 0.699999988079071], ""rotation"": 48.73370361328125, ""color"": ""blue""}, {""name"": ""Object_6"", ""size"": 0.7, ""material"": ""rubber"", ""3d_coords"": [3.7850884581391826, -0.4626334917723809, 0.699999988079071], ""rotation"": 84.19384765625, ""color"": ""gray""}, {""name"": ""Object_7"", ""size"": 0.351, ""material"": ""metal"", ""3d_coords"": [-0.4861812070912641, 2.856572250346188, 0.3499999940395355], ""rotation"": 178.0629119873047, ""color"": ""yellow""}, {""name"": ""Object_8"", ""size"": 0.7, ""material"": ""rubber"", ""3d_coords"": [-0.0817124487712576, 1.6070718035183964, 0.699999988079071], ""rotation"": 317.31939697265625, ""color"": ""yellow""}, {""name"": ""Object_9"", ""size"": 0.701, ""material"": ""metal"", ""3d_coords"": [0.9933769803388244, 3.2748547863823436, 0.699999988079071], ""rotation"": 328.98602294921875, ""color"": ""cyan""}]}

What is the shape of the object named 'Object_3'?  ASSISTANT:
assistant
{""answer"": ""cube""}",cube,"{""answer"": ""cylinder""}",10
42,21.028376,31.154112,35.730896,34.807247,35.374935,34.331383,33.412655,33.3501,32.965824,33.99858,33.55039,34.408558,35.625423,37.27961,37.34596,38.775387,40.003128,38.88689,39.65755,40.998814,39.45647,40.824463,42.1296,40.004665,39.650642,39.56802,39.80771,40.59089,40.43647,40.303703,40.689564,39.717194,40.022438,42.237988,44.995365,44.334484,50.693115,Img tokens,1575,2119,"['user\n USER:  \nThis image shows a minimalist arrangement of 3D geometric shapes made of different materials and colors. The JSON provided contains information about all objects in the scene, including their name, 3D coordinates (represented as [X, Y, Z]), material (metal = shinny, rubber = matte), and other attributes. \nYour job is to analyze this information, find the object at coordinates [0.15616377393066294, -2.6064759026037203, 0.699999988079071], use its attributes to identify which object in the image corresponds to that object, and retrieve its shape in the following format: {""answer"": ""SHAPE""}\nSelect your answer from the following options: cylinder, sphere, cone, or cube. Do not add any additional text to your answer, provide your answer always in the following format: {""answer"": ""SHAPE""}. \n\nUnderstanding the Coordinate System X, Y, Z:\n• X (Depth): Represents the depth relative to the camera. Smaller values indicate objects that are farther away.\n• Y (Horizontal Position): Represents the left-to-right position. A value of zero means the object is centered in the scene, negative values place the object to the left, and positive values to the right.\n• Z (Vertical Position): Represents the height of the object\'s center point. Larger values correspond to higher vertical positions.\n\nHere is the JSON containing details about all objects in the scene in the image:\n\n{""camera_location"": [9.915478112284436, 0, 5.34366512298584], ""objects"": [{""name"": ""Object_0"", ""size"": 0.7, ""material"": ""metal"", ""3d_coords"": [1.7304667975443413, 2.2130057469769695, 0.699999988079071], ""rotation"": 202.48004150390625, ""color"": ""yellow""}, {""name"": ""Object_1"", ""size"": 0.7, ""material"": ""metal"", ""3d_coords"": [-0.5822329313969192, 0.3480977667419922, 0.699999988079071], ""rotation"": 143.5280303955078, ""color"": ""brown""}, {""name"": ""Object_2"", ""size"": 0.701, ""material"": ""metal"", ""3d_coords"": [-2.4888892879332625, 0.815581223543131, 0.699999988079071], ""rotation"": 278.4424743652344, ""color"": ""purple""}, {""name"": ""Object_3"", ""size"": 0.7, ""material"": ""metal"", ""3d_coords"": [0.15616377393066294, -2.6064759026037203, 0.699999988079071], ""rotation"": 44.71331024169922, ""color"": ""gray""}, {""name"": ""Object_4"", ""size"": 0.351, ""material"": ""metal"", ""3d_coords"": [2.341498283759165, -1.031870394110754, 0.3499999940395355], ""rotation"": 223.755615234375, ""color"": ""gray""}, {""name"": ""Object_5"", ""size"": 0.351, ""material"": ""rubber"", ""3d_coords"": [-1.6049152181283342, -1.7266440701270231, 0.3499999940395355], ""rotation"": 73.1736068725586, ""color"": ""blue""}]}\n\nWhat is the shape of the object at the coordinates [0.15616377393066294, -2.6064759026037203, 0.699999988079071]?  ASSISTANT:\nassistant\n{""answer"": ""cylinder""}']",cylinder,"{""answer"": ""cylinder""}",6,"user
 USER:  
This image shows a minimalist arrangement of 3D geometric shapes made of different materials and colors. The JSON provided contains information about all objects in the scene, including their name, 3D coordinates (represented as [X, Y, Z]), material (metal = shinny, rubber = matte), and other attributes. 
Your job is to analyze this information, find the object at coordinates [0.15616377393066294, -2.6064759026037203, 0.699999988079071], use its attributes to identify which object in the image corresponds to that object, and retrieve its shape in the following format: {""answer"": ""SHAPE""}
Select your answer from the following options: cylinder, sphere, cone, or cube. Do not add any additional text to your answer, provide your answer always in the following format: {""answer"": ""SHAPE""}. 

Understanding the Coordinate System X, Y, Z:
• X (Depth): Represents the depth relative to the camera. Smaller values indicate objects that are farther away.
• Y (Horizontal Position): Represents the left-to-right position. A value of zero means the object is centered in the scene, negative values place the object to the left, and positive values to the right.
• Z (Vertical Position): Represents the height of the object's center point. Larger values correspond to higher vertical positions.

Here is the JSON containing details about all objects in the scene in the image:

{""camera_location"": [9.915478112284436, 0, 5.34366512298584], ""objects"": [{""name"": ""Object_0"", ""size"": 0.7, ""material"": ""metal"", ""3d_coords"": [1.7304667975443413, 2.2130057469769695, 0.699999988079071], ""rotation"": 202.48004150390625, ""color"": ""yellow""}, {""name"": ""Object_1"", ""size"": 0.7, ""material"": ""metal"", ""3d_coords"": [-0.5822329313969192, 0.3480977667419922, 0.699999988079071], ""rotation"": 143.5280303955078, ""color"": ""brown""}, {""name"": ""Object_2"", ""size"": 0.701, ""material"": ""metal"", ""3d_coords"": [-2.4888892879332625, 0.815581223543131, 0.699999988079071], ""rotation"": 278.4424743652344, ""color"": ""purple""}, {""name"": ""Object_3"", ""size"": 0.7, ""material"": ""metal"", ""3d_coords"": [0.15616377393066294, -2.6064759026037203, 0.699999988079071], ""rotation"": 44.71331024169922, ""color"": ""gray""}, {""name"": ""Object_4"", ""size"": 0.351, ""material"": ""metal"", ""3d_coords"": [2.341498283759165, -1.031870394110754, 0.3499999940395355], ""rotation"": 223.755615234375, ""color"": ""gray""}, {""name"": ""Object_5"", ""size"": 0.351, ""material"": ""rubber"", ""3d_coords"": [-1.6049152181283342, -1.7266440701270231, 0.3499999940395355], ""rotation"": 73.1736068725586, ""color"": ""blue""}]}

What is the shape of the object at the coordinates [0.15616377393066294, -2.6064759026037203, 0.699999988079071]?  ASSISTANT:
assistant
{""answer"": ""cone""}",cone,"{""answer"": ""cylinder""}",6
43,22.716032,31.628689,35.82184,35.314144,35.923893,35.084362,34.444046,34.513767,34.313232,35.739048,35.51357,36.1022,36.701363,38.031948,37.6551,38.771255,40.211185,39.6614,40.160282,41.37813,40.37157,41.269394,42.425606,40.534344,40.455406,39.959118,40.48902,41.497787,41.667137,41.664703,41.505363,40.298946,41.661774,44.020924,46.457943,45.7099,54.514645,Img tokens,569,797,"['user\n USER:  \nThis image shows a minimalist arrangement of 3D geometric shapes made of different materials and colors. The JSON provided contains information about all objects in the scene, including their name, 3D coordinates (represented as [X, Y, Z]), material (metal = shinny, rubber = matte), and other attributes. \nYour job is to analyze this information, find the object with a rotation of 292.74664306640625, use its attributes to identify which object in the image corresponds to that object, and retrieve its shape in the following format: {""answer"": ""SHAPE""}\nSelect your answer from the following options: cylinder, sphere, cone, or cube. Do not add any additional text to your answer, provide your answer always in the following format: {""answer"": ""SHAPE""}. \n\nUnderstanding the Coordinate System X, Y, Z:\n• X (Depth): Represents the depth relative to the camera. Smaller values indicate objects that are farther away.\n• Y (Horizontal Position): Represents the left-to-right position. A value of zero means the object is centered in the scene, negative values place the object to the left, and positive values to the right.\n• Z (Vertical Position): Represents the height of the object\'s center point. Larger values correspond to higher vertical positions.\n\nHere is the JSON containing details about all objects in the scene in the image:\n\n{""camera_location"": [9.915478112284436, 0, 5.34366512298584], ""objects"": [{""name"": ""Object_0"", ""size"": 0.7, ""material"": ""rubber"", ""3d_coords"": [3.398829362576369, -0.4467946571875667, 0.699999988079071], ""rotation"": 143.14566040039062, ""color"": ""green""}, {""name"": ""Object_1"", ""size"": 0.351, ""material"": ""metal"", ""3d_coords"": [2.9104856875329155, 1.1361884050211255, 0.3499999940395355], ""rotation"": 309.25079345703125, ""color"": ""cyan""}, {""name"": ""Object_2"", ""size"": 0.7, ""material"": ""rubber"", ""3d_coords"": [0.5940934159379294, 1.5451937614164404, 0.699999988079071], ""rotation"": 155.47381591796875, ""color"": ""brown""}, {""name"": ""Object_3"", ""size"": 0.351, ""material"": ""metal"", ""3d_coords"": [-0.7643876386780498, 2.1753909749200764, 0.3499999940395355], ""rotation"": 254.08737182617188, ""color"": ""green""}, {""name"": ""Object_4"", ""size"": 0.7, ""material"": ""metal"", ""3d_coords"": [-1.916502570023806, -1.3471591376759418, 0.699999988079071], ""rotation"": 287.2309265136719, ""color"": ""yellow""}, {""name"": ""Object_5"", ""size"": 0.7, ""material"": ""rubber"", ""3d_coords"": [-3.7753080171725792, 0.686387177850581, 0.699999988079071], ""rotation"": 167.27239990234375, ""color"": ""gray""}, {""name"": ""Object_6"", ""size"": 0.7, ""material"": ""metal"", ""3d_coords"": [-0.16594942284036907, -3.241313056527682, 0.699999988079071], ""rotation"": 292.74664306640625, ""color"": ""green""}, {""name"": ""Object_7"", ""size"": 0.7, ""material"": ""metal"", ""3d_coords"": [1.3581774635280104, -1.9073316611155742, 0.699999988079071], ""rotation"": 211.51966857910156, ""color"": ""blue""}]}\n\nWhat is the shape of the object with a rotation of 292.74664306640625?  ASSISTANT:\nassistant\n{""answer"": ""sphere""}']",sphere,"{""answer"": ""sphere""}",8,"user
 USER:  
This image shows a minimalist arrangement of 3D geometric shapes made of different materials and colors. The JSON provided contains information about all objects in the scene, including their name, 3D coordinates (represented as [X, Y, Z]), material (metal = shinny, rubber = matte), and other attributes. 
Your job is to analyze this information, find the object with a rotation of 292.74664306640625, use its attributes to identify which object in the image corresponds to that object, and retrieve its shape in the following format: {""answer"": ""SHAPE""}
Select your answer from the following options: cylinder, sphere, cone, or cube. Do not add any additional text to your answer, provide your answer always in the following format: {""answer"": ""SHAPE""}. 

Understanding the Coordinate System X, Y, Z:
• X (Depth): Represents the depth relative to the camera. Smaller values indicate objects that are farther away.
• Y (Horizontal Position): Represents the left-to-right position. A value of zero means the object is centered in the scene, negative values place the object to the left, and positive values to the right.
• Z (Vertical Position): Represents the height of the object's center point. Larger values correspond to higher vertical positions.

Here is the JSON containing details about all objects in the scene in the image:

{""camera_location"": [9.915478112284436, 0, 5.34366512298584], ""objects"": [{""name"": ""Object_0"", ""size"": 0.7, ""material"": ""rubber"", ""3d_coords"": [3.398829362576369, -0.4467946571875667, 0.699999988079071], ""rotation"": 143.14566040039062, ""color"": ""green""}, {""name"": ""Object_1"", ""size"": 0.351, ""material"": ""metal"", ""3d_coords"": [2.9104856875329155, 1.1361884050211255, 0.3499999940395355], ""rotation"": 309.25079345703125, ""color"": ""cyan""}, {""name"": ""Object_2"", ""size"": 0.7, ""material"": ""rubber"", ""3d_coords"": [0.5940934159379294, 1.5451937614164404, 0.699999988079071], ""rotation"": 155.47381591796875, ""color"": ""brown""}, {""name"": ""Object_3"", ""size"": 0.351, ""material"": ""metal"", ""3d_coords"": [-0.7643876386780498, 2.1753909749200764, 0.3499999940395355], ""rotation"": 254.08737182617188, ""color"": ""green""}, {""name"": ""Object_4"", ""size"": 0.7, ""material"": ""metal"", ""3d_coords"": [-1.916502570023806, -1.3471591376759418, 0.699999988079071], ""rotation"": 287.2309265136719, ""color"": ""yellow""}, {""name"": ""Object_5"", ""size"": 0.7, ""material"": ""rubber"", ""3d_coords"": [-3.7753080171725792, 0.686387177850581, 0.699999988079071], ""rotation"": 167.27239990234375, ""color"": ""gray""}, {""name"": ""Object_6"", ""size"": 0.7, ""material"": ""metal"", ""3d_coords"": [-0.16594942284036907, -3.241313056527682, 0.699999988079071], ""rotation"": 292.74664306640625, ""color"": ""green""}, {""name"": ""Object_7"", ""size"": 0.7, ""material"": ""metal"", ""3d_coords"": [1.3581774635280104, -1.9073316611155742, 0.699999988079071], ""rotation"": 211.51966857910156, ""color"": ""blue""}]}

What is the shape of the object with a rotation of 292.74664306640625?  ASSISTANT:
assistant
{""answer"": ""cube""}",cube,"{""answer"": ""sphere""}",8
44,23.655893,34.041496,38.361156,37.97759,38.569386,37.720715,37.204468,37.143402,37.00134,37.923637,37.488842,37.22668,37.702976,38.756985,38.401646,39.82603,40.868374,40.18031,40.87379,42.189213,41.347946,42.172813,43.299133,41.139324,41.20358,41.00608,41.044228,41.834583,42.18643,42.594463,42.29113,41.2396,41.72209,44.569744,47.196568,47.813183,53.324856,Img tokens,375,527,"['user\n USER:  \nThis image shows a minimalist arrangement of 3D geometric shapes made of different materials and colors. The JSON provided contains information about all objects in the scene, including their name, 3D coordinates (represented as [X, Y, Z]), material (metal = shinny, rubber = matte), and other attributes. \nYour job is to analyze this information, find the object at coordinates [1.2975885998635, 0.8401339439657924, 0.699999988079071], use its attributes to identify which object in the image corresponds to that object, and retrieve its shape in the following format: {""answer"": ""SHAPE""}\nSelect your answer from the following options: cylinder, sphere, cone, or cube. Do not add any additional text to your answer, provide your answer always in the following format: {""answer"": ""SHAPE""}. \n\nUnderstanding the Coordinate System X, Y, Z:\n• X (Depth): Represents the depth relative to the camera. Smaller values indicate objects that are farther away.\n• Y (Horizontal Position): Represents the left-to-right position. A value of zero means the object is centered in the scene, negative values place the object to the left, and positive values to the right.\n• Z (Vertical Position): Represents the height of the object\'s center point. Larger values correspond to higher vertical positions.\n\nHere is the JSON containing details about all objects in the scene in the image:\n\n{""camera_location"": [9.915478112284436, 0, 5.34366512298584], ""objects"": [{""name"": ""Object_0"", ""size"": 0.7, ""material"": ""metal"", ""3d_coords"": [1.2975885998635, 0.8401339439657924, 0.699999988079071], ""rotation"": 141.06199645996094, ""color"": ""brown""}, {""name"": ""Object_1"", ""size"": 0.351, ""material"": ""metal"", ""3d_coords"": [-1.11097150480081, -0.6451276625650629, 0.3499999940395355], ""rotation"": 210.06138610839844, ""color"": ""blue""}, {""name"": ""Object_2"", ""size"": 0.351, ""material"": ""rubber"", ""3d_coords"": [-3.8298335812795212, 0.3357451414887449, 0.3499999940395355], ""rotation"": 358.92822265625, ""color"": ""red""}, {""name"": ""Object_3"", ""size"": 0.351, ""material"": ""rubber"", ""3d_coords"": [2.0505319966856463, -1.4080122271918298, 0.3499999940395355], ""rotation"": 52.902915954589844, ""color"": ""brown""}, {""name"": ""Object_4"", ""size"": 0.7, ""material"": ""metal"", ""3d_coords"": [-0.28984701928461887, 2.180178895681414, 0.699999988079071], ""rotation"": 49.58009338378906, ""color"": ""cyan""}, {""name"": ""Object_5"", ""size"": 0.351, ""material"": ""rubber"", ""3d_coords"": [0.5374585911402288, -3.071383754879487, 0.3499999940395355], ""rotation"": 296.5390319824219, ""color"": ""red""}, {""name"": ""Object_6"", ""size"": 0.351, ""material"": ""rubber"", ""3d_coords"": [2.5342186305058396, 1.5102809134777464, 0.3499999940395355], ""rotation"": 280.4223327636719, ""color"": ""brown""}, {""name"": ""Object_7"", ""size"": 0.351, ""material"": ""metal"", ""3d_coords"": [0.13396782163879895, 3.4402926143280492, 0.3499999940395355], ""rotation"": 6.088474750518799, ""color"": ""gray""}, {""name"": ""Object_8"", ""size"": 0.7, ""material"": ""metal"", ""3d_coords"": [-1.6510812732315323, -2.43466923881069, 0.699999988079071], ""rotation"": 183.10250854492188, ""color"": ""yellow""}, {""name"": ""Object_9"", ""size"": 0.7, ""material"": ""metal"", ""3d_coords"": [3.923481706678918, -0.23059292614586946, 0.699999988079071], ""rotation"": 63.481056213378906, ""color"": ""brown""}]}\n\nWhat is the shape of the object at the coordinates [1.2975885998635, 0.8401339439657924, 0.699999988079071]?  ASSISTANT:\nassistant\n{""answer"": ""sphere""}']",sphere,"{""answer"": ""cylinder""}",10,"user
 USER:  
This image shows a minimalist arrangement of 3D geometric shapes made of different materials and colors. The JSON provided contains information about all objects in the scene, including their name, 3D coordinates (represented as [X, Y, Z]), material (metal = shinny, rubber = matte), and other attributes. 
Your job is to analyze this information, find the object at coordinates [1.2975885998635, 0.8401339439657924, 0.699999988079071], use its attributes to identify which object in the image corresponds to that object, and retrieve its shape in the following format: {""answer"": ""SHAPE""}
Select your answer from the following options: cylinder, sphere, cone, or cube. Do not add any additional text to your answer, provide your answer always in the following format: {""answer"": ""SHAPE""}. 

Understanding the Coordinate System X, Y, Z:
• X (Depth): Represents the depth relative to the camera. Smaller values indicate objects that are farther away.
• Y (Horizontal Position): Represents the left-to-right position. A value of zero means the object is centered in the scene, negative values place the object to the left, and positive values to the right.
• Z (Vertical Position): Represents the height of the object's center point. Larger values correspond to higher vertical positions.

Here is the JSON containing details about all objects in the scene in the image:

{""camera_location"": [9.915478112284436, 0, 5.34366512298584], ""objects"": [{""name"": ""Object_0"", ""size"": 0.7, ""material"": ""metal"", ""3d_coords"": [1.2975885998635, 0.8401339439657924, 0.699999988079071], ""rotation"": 141.06199645996094, ""color"": ""brown""}, {""name"": ""Object_1"", ""size"": 0.351, ""material"": ""metal"", ""3d_coords"": [-1.11097150480081, -0.6451276625650629, 0.3499999940395355], ""rotation"": 210.06138610839844, ""color"": ""blue""}, {""name"": ""Object_2"", ""size"": 0.351, ""material"": ""rubber"", ""3d_coords"": [-3.8298335812795212, 0.3357451414887449, 0.3499999940395355], ""rotation"": 358.92822265625, ""color"": ""red""}, {""name"": ""Object_3"", ""size"": 0.351, ""material"": ""rubber"", ""3d_coords"": [2.0505319966856463, -1.4080122271918298, 0.3499999940395355], ""rotation"": 52.902915954589844, ""color"": ""brown""}, {""name"": ""Object_4"", ""size"": 0.7, ""material"": ""metal"", ""3d_coords"": [-0.28984701928461887, 2.180178895681414, 0.699999988079071], ""rotation"": 49.58009338378906, ""color"": ""cyan""}, {""name"": ""Object_5"", ""size"": 0.351, ""material"": ""rubber"", ""3d_coords"": [0.5374585911402288, -3.071383754879487, 0.3499999940395355], ""rotation"": 296.5390319824219, ""color"": ""red""}, {""name"": ""Object_6"", ""size"": 0.351, ""material"": ""rubber"", ""3d_coords"": [2.5342186305058396, 1.5102809134777464, 0.3499999940395355], ""rotation"": 280.4223327636719, ""color"": ""brown""}, {""name"": ""Object_7"", ""size"": 0.351, ""material"": ""metal"", ""3d_coords"": [0.13396782163879895, 3.4402926143280492, 0.3499999940395355], ""rotation"": 6.088474750518799, ""color"": ""gray""}, {""name"": ""Object_8"", ""size"": 0.7, ""material"": ""metal"", ""3d_coords"": [-1.6510812732315323, -2.43466923881069, 0.699999988079071], ""rotation"": 183.10250854492188, ""color"": ""yellow""}, {""name"": ""Object_9"", ""size"": 0.7, ""material"": ""metal"", ""3d_coords"": [3.923481706678918, -0.23059292614586946, 0.699999988079071], ""rotation"": 63.481056213378906, ""color"": ""brown""}]}

What is the shape of the object at the coordinates [1.2975885998635, 0.8401339439657924, 0.699999988079071]?  ASSISTANT:
assistant
{""answer"": ""cube""}",cube,"{""answer"": ""cylinder""}",10
45,20.13495,29.712759,32.555363,32.610565,32.9905,31.90498,31.187107,30.909945,30.70455,32.012737,31.836754,33.079548,34.326183,35.747223,35.630123,36.820484,37.80602,37.04692,37.950294,39.40007,38.501896,39.674065,41.04029,38.814335,38.208805,37.980995,37.78365,38.53931,38.686516,39.25762,39.11313,38.470943,39.52003,41.361515,43.33151,42.735672,48.91419,Img tokens,1866,2496,"['user\n USER:  \nThis image shows a minimalist arrangement of 3D geometric shapes made of different materials and colors. The JSON provided contains information about all objects in the scene, including their name, 3D coordinates (represented as [X, Y, Z]), material (metal = shinny, rubber = matte), and other attributes. \nYour job is to identify the sphere in the image, match its attributes to identify which of the objects mentioned in the JSON corresponds to that object, and determine its name in the following format: {""answer"": ""NAME""}\nDo not add any additional text to your answer, provide your answer always in the following format: {""answer"": ""NAME""}. \n\nUnderstanding the Coordinate System X, Y, Z:\n• X (Depth): Represents the depth relative to the camera. Smaller values indicate objects that are farther away.\n• Y (Horizontal Position): Represents the left-to-right position. A value of zero means the object is centered in the scene, negative values place the object to the left, and positive values to the right.\n• Z (Vertical Position): Represents the height of the object\'s center point. Larger values correspond to higher vertical positions.\n\nHere is the JSON containing details about all objects in the scene in the image:\n\n{""camera_location"": [9.915478112284436, 0, 5.34366512298584], ""objects"": [{""name"": ""Object_0"", ""size"": 0.351, ""material"": ""rubber"", ""3d_coords"": [-2.8293878996901167, 0.3909492456312882, 0.3499999940395355], ""rotation"": 49.88738250732422, ""color"": ""green""}, {""name"": ""Object_1"", ""size"": 0.351, ""material"": ""rubber"", ""3d_coords"": [2.1039685623454045, -1.0193898134469384, 0.3499999940395355], ""rotation"": 55.51902389526367, ""color"": ""purple""}, {""name"": ""Object_2"", ""size"": 0.351, ""material"": ""metal"", ""3d_coords"": [-1.0769572940387575, 2.2458004040396533, 0.3499999940395355], ""rotation"": 250.79107666015625, ""color"": ""purple""}, {""name"": ""Object_3"", ""size"": 0.351, ""material"": ""metal"", ""3d_coords"": [0.034745539464317465, -1.9064749141967274, 0.3499999940395355], ""rotation"": 63.2608757019043, ""color"": ""blue""}, {""name"": ""Object_4"", ""size"": 0.351, ""material"": ""metal"", ""3d_coords"": [0.5205568001150827, 2.898294492315145, 0.3499999940395355], ""rotation"": 0.9429035782814026, ""color"": ""blue""}, {""name"": ""Object_5"", ""size"": 0.351, ""material"": ""rubber"", ""3d_coords"": [3.1355925540828053, -0.2558178346951985, 0.3499999940395355], ""rotation"": 26.9901180267334, ""color"": ""brown""}, {""name"": ""Object_6"", ""size"": 0.351, ""material"": ""rubber"", ""3d_coords"": [-0.39602216191556283, 1.2910664044784717, 0.3499999940395355], ""rotation"": 38.762420654296875, ""color"": ""cyan""}, {""name"": ""Object_7"", ""size"": 0.351, ""material"": ""metal"", ""3d_coords"": [1.4291195139115145, 1.7445218192966587, 0.3499999940395355], ""rotation"": 111.04891967773438, ""color"": ""red""}]}\n\nWhat is the name of the sphere?  ASSISTANT:\nassistant\n{""answer"": ""Object_3""}']",Object_3,"{""answer"": ""Object_4""}",8,"user
 USER:  
This image shows a minimalist arrangement of 3D geometric shapes made of different materials and colors. The JSON provided contains information about all objects in the scene, including their name, 3D coordinates (represented as [X, Y, Z]), material (metal = shinny, rubber = matte), and other attributes. 
Your job is to identify the sphere in the image, match its attributes to identify which of the objects mentioned in the JSON corresponds to that object, and determine its name in the following format: {""answer"": ""NAME""}
Do not add any additional text to your answer, provide your answer always in the following format: {""answer"": ""NAME""}. 

Understanding the Coordinate System X, Y, Z:
• X (Depth): Represents the depth relative to the camera. Smaller values indicate objects that are farther away.
• Y (Horizontal Position): Represents the left-to-right position. A value of zero means the object is centered in the scene, negative values place the object to the left, and positive values to the right.
• Z (Vertical Position): Represents the height of the object's center point. Larger values correspond to higher vertical positions.

Here is the JSON containing details about all objects in the scene in the image:

{""camera_location"": [9.915478112284436, 0, 5.34366512298584], ""objects"": [{""name"": ""Object_0"", ""size"": 0.351, ""material"": ""rubber"", ""3d_coords"": [-2.8293878996901167, 0.3909492456312882, 0.3499999940395355], ""rotation"": 49.88738250732422, ""color"": ""green""}, {""name"": ""Object_1"", ""size"": 0.351, ""material"": ""rubber"", ""3d_coords"": [2.1039685623454045, -1.0193898134469384, 0.3499999940395355], ""rotation"": 55.51902389526367, ""color"": ""purple""}, {""name"": ""Object_2"", ""size"": 0.351, ""material"": ""metal"", ""3d_coords"": [-1.0769572940387575, 2.2458004040396533, 0.3499999940395355], ""rotation"": 250.79107666015625, ""color"": ""purple""}, {""name"": ""Object_3"", ""size"": 0.351, ""material"": ""metal"", ""3d_coords"": [0.034745539464317465, -1.9064749141967274, 0.3499999940395355], ""rotation"": 63.2608757019043, ""color"": ""blue""}, {""name"": ""Object_4"", ""size"": 0.351, ""material"": ""metal"", ""3d_coords"": [0.5205568001150827, 2.898294492315145, 0.3499999940395355], ""rotation"": 0.9429035782814026, ""color"": ""blue""}, {""name"": ""Object_5"", ""size"": 0.351, ""material"": ""rubber"", ""3d_coords"": [3.1355925540828053, -0.2558178346951985, 0.3499999940395355], ""rotation"": 26.9901180267334, ""color"": ""brown""}, {""name"": ""Object_6"", ""size"": 0.351, ""material"": ""rubber"", ""3d_coords"": [-0.39602216191556283, 1.2910664044784717, 0.3499999940395355], ""rotation"": 38.762420654296875, ""color"": ""cyan""}, {""name"": ""Object_7"", ""size"": 0.351, ""material"": ""metal"", ""3d_coords"": [1.4291195139115145, 1.7445218192966587, 0.3499999940395355], ""rotation"": 111.04891967773438, ""color"": ""red""}]}

What is the name of the sphere?  ASSISTANT:
assistant
{""answer"": ""Object_0""}",Object_0,"{""answer"": ""Object_4""}",8
46,21.390799,31.378489,35.534023,34.890285,35.3037,34.35843,33.65046,33.687687,33.591087,34.72658,34.52887,35.640793,36.468155,37.747276,37.404884,38.913017,39.96738,39.148315,39.927628,41.266933,40.119896,41.070038,42.339546,40.670635,40.471848,39.83112,40.41148,40.888012,40.53991,40.895596,41.204964,39.141243,41.316395,43.670773,45.773197,44.35158,52.13385,Img tokens,2370,3146,"['user\n USER:  \nThis image shows a minimalist arrangement of 3D geometric shapes made of different materials and colors. The JSON provided contains information about all objects in the scene, including their name, 3D coordinates (represented as [X, Y, Z]), material (metal = shinny, rubber = matte), and other attributes. \nYour job is to identify the purple colored object in the image, match its attributes to identify which of the objects mentioned in the JSON corresponds to that object, and determine its rotation in the following format: {""answer"": ""ROTATION""}\nDo not add any additional text to your answer, provide your answer always in the following format: {""answer"": ""ROTATION""}. \n\nUnderstanding the Coordinate System X, Y, Z:\n• X (Depth): Represents the depth relative to the camera. Smaller values indicate objects that are farther away.\n• Y (Horizontal Position): Represents the left-to-right position. A value of zero means the object is centered in the scene, negative values place the object to the left, and positive values to the right.\n• Z (Vertical Position): Represents the height of the object\'s center point. Larger values correspond to higher vertical positions.\n\nHere is the JSON containing details about all objects in the scene in the image:\n\n{""camera_location"": [9.915478112284436, 0, 5.34366512298584], ""objects"": [{""name"": ""Object_0"", ""shape"": ""cube"", ""size"": 0.351, ""material"": ""metal"", ""3d_coords"": [1.9663484620281082, 0.6737628441777787, 0.3499999940395355], ""rotation"": 338.184326171875}, {""name"": ""Object_1"", ""shape"": ""cube"", ""size"": 0.7, ""material"": ""rubber"", ""3d_coords"": [-3.271240244512414, -0.7978345519821368, 0.699999988079071], ""rotation"": 217.46292114257812}, {""name"": ""Object_2"", ""shape"": ""cylinder"", ""size"": 0.351, ""material"": ""metal"", ""3d_coords"": [-0.3649995627391712, 2.1916957880724723, 0.3499999940395355], ""rotation"": 154.05128479003906}, {""name"": ""Object_3"", ""shape"": ""cylinder"", ""size"": 0.351, ""material"": ""rubber"", ""3d_coords"": [-1.6472185430346287, -2.3234978468583054, 0.3499999940395355], ""rotation"": 276.61541748046875}, {""name"": ""Object_4"", ""shape"": ""cube"", ""size"": 0.701, ""material"": ""rubber"", ""3d_coords"": [0.4728637110942111, 3.3065382438076103, 0.699999988079071], ""rotation"": 170.52789306640625}, {""name"": ""Object_5"", ""shape"": ""cylinder"", ""size"": 0.351, ""material"": ""metal"", ""3d_coords"": [1.4511502121596336, -1.4304107648260977, 0.3499999940395355], ""rotation"": 359.98016357421875}, {""name"": ""Object_6"", ""shape"": ""cone"", ""size"": 0.351, ""material"": ""rubber"", ""3d_coords"": [-2.657908889193172, 1.091221656619761, 0.3499999940395355], ""rotation"": 84.4705581665039}, {""name"": ""Object_7"", ""shape"": ""sphere"", ""size"": 0.351, ""material"": ""rubber"", ""3d_coords"": [-1.1491699837653946, -3.1571527397532435, 0.3499999940395355], ""rotation"": 179.01307678222656}]}\n\nWhat is the rotation value of the purple colored object?  ASSISTANT:\nassistant\n{""answer"": ""276.61541748046875""}']",276.61541748046875,"{""answer"": 276.61541748046875}",8,"user
 USER:  
This image shows a minimalist arrangement of 3D geometric shapes made of different materials and colors. The JSON provided contains information about all objects in the scene, including their name, 3D coordinates (represented as [X, Y, Z]), material (metal = shinny, rubber = matte), and other attributes. 
Your job is to identify the purple colored object in the image, match its attributes to identify which of the objects mentioned in the JSON corresponds to that object, and determine its rotation in the following format: {""answer"": ""ROTATION""}
Do not add any additional text to your answer, provide your answer always in the following format: {""answer"": ""ROTATION""}. 

Understanding the Coordinate System X, Y, Z:
• X (Depth): Represents the depth relative to the camera. Smaller values indicate objects that are farther away.
• Y (Horizontal Position): Represents the left-to-right position. A value of zero means the object is centered in the scene, negative values place the object to the left, and positive values to the right.
• Z (Vertical Position): Represents the height of the object's center point. Larger values correspond to higher vertical positions.

Here is the JSON containing details about all objects in the scene in the image:

{""camera_location"": [9.915478112284436, 0, 5.34366512298584], ""objects"": [{""name"": ""Object_0"", ""shape"": ""cube"", ""size"": 0.351, ""material"": ""metal"", ""3d_coords"": [1.9663484620281082, 0.6737628441777787, 0.3499999940395355], ""rotation"": 338.184326171875}, {""name"": ""Object_1"", ""shape"": ""cube"", ""size"": 0.7, ""material"": ""rubber"", ""3d_coords"": [-3.271240244512414, -0.7978345519821368, 0.699999988079071], ""rotation"": 217.46292114257812}, {""name"": ""Object_2"", ""shape"": ""cylinder"", ""size"": 0.351, ""material"": ""metal"", ""3d_coords"": [-0.3649995627391712, 2.1916957880724723, 0.3499999940395355], ""rotation"": 154.05128479003906}, {""name"": ""Object_3"", ""shape"": ""cylinder"", ""size"": 0.351, ""material"": ""rubber"", ""3d_coords"": [-1.6472185430346287, -2.3234978468583054, 0.3499999940395355], ""rotation"": 276.61541748046875}, {""name"": ""Object_4"", ""shape"": ""cube"", ""size"": 0.701, ""material"": ""rubber"", ""3d_coords"": [0.4728637110942111, 3.3065382438076103, 0.699999988079071], ""rotation"": 170.52789306640625}, {""name"": ""Object_5"", ""shape"": ""cylinder"", ""size"": 0.351, ""material"": ""metal"", ""3d_coords"": [1.4511502121596336, -1.4304107648260977, 0.3499999940395355], ""rotation"": 359.98016357421875}, {""name"": ""Object_6"", ""shape"": ""cone"", ""size"": 0.351, ""material"": ""rubber"", ""3d_coords"": [-2.657908889193172, 1.091221656619761, 0.3499999940395355], ""rotation"": 84.4705581665039}, {""name"": ""Object_7"", ""shape"": ""sphere"", ""size"": 0.351, ""material"": ""rubber"", ""3d_coords"": [-1.1491699837653946, -3.1571527397532435, 0.3499999940395355], ""rotation"": 179.01307678222656}]}

What is the rotation value of the purple colored object?  ASSISTANT:
assistant
{""answer"": ""359.98016357421875""}",359.98016357421875,"{""answer"": 276.61541748046875}",8
47,23.481098,33.420547,36.90683,36.11569,36.85693,36.1906,35.820873,35.75003,35.799423,37.190025,37.001637,37.708275,38.26454,39.346497,38.655407,39.79897,40.846825,40.22109,40.550003,41.699455,40.835384,41.736385,42.631058,40.541992,40.48117,39.683517,39.90162,40.529957,40.720673,41.03446,41.477547,39.817654,42.467567,44.5932,46.89199,46.986557,54.85407,Img tokens,653,904,"['user\n USER:  \nThis image shows a minimalist arrangement of 3D geometric shapes made of different materials and colors. The JSON provided contains information about all objects in the scene, including their name, 3D coordinates (represented as [X, Y, Z]), material (metal = shinny, rubber = matte), and other attributes. \nYour job is to analyze this information, find the object named \'Object_1\', use its attributes to identify which object in the image corresponds to that object, and retrieve its color in the following format: {""answer"": ""COLOR""}\nSelect your answer from the following options: gray, red, blue, green, brown, purple, cyan, or yellow. Do not add any additional text to your answer, provide your answer always in the following format: {""answer"": ""COLOR""}. \n\nUnderstanding the Coordinate System X, Y, Z:\n• X (Depth): Represents the depth relative to the camera. Smaller values indicate objects that are farther away.\n• Y (Horizontal Position): Represents the left-to-right position. A value of zero means the object is centered in the scene, negative values place the object to the left, and positive values to the right.\n• Z (Vertical Position): Represents the height of the object\'s center point. Larger values correspond to higher vertical positions.\n\nHere is the JSON containing details about all objects in the scene in the image:\n\n{""camera_location"": [9.915478112284436, 0, 5.34366512298584], ""objects"": [{""name"": ""Object_0"", ""shape"": ""cube"", ""size"": 0.7, ""material"": ""metal"", ""3d_coords"": [2.468893733175896, 0.6475625329632908, 0.699999988079071], ""rotation"": 214.92543029785156}, {""name"": ""Object_1"", ""shape"": ""cube"", ""size"": 0.701, ""material"": ""metal"", ""3d_coords"": [-2.9831698799206667, -0.6553149165423653, 0.699999988079071], ""rotation"": 229.62783813476562}, {""name"": ""Object_2"", ""shape"": ""cube"", ""size"": 0.351, ""material"": ""rubber"", ""3d_coords"": [-1.3304890428772906, 2.5164709815520183, 0.3499999940395355], ""rotation"": 47.335845947265625}, {""name"": ""Object_3"", ""shape"": ""sphere"", ""size"": 0.351, ""material"": ""metal"", ""3d_coords"": [1.8759228890785624, -1.915727289698401, 0.3499999940395355], ""rotation"": 316.53289794921875}, {""name"": ""Object_4"", ""shape"": ""cube"", ""size"": 0.7, ""material"": ""rubber"", ""3d_coords"": [0.6253883379347603, -1.234844054914235, 0.699999988079071], ""rotation"": 349.3927917480469}, {""name"": ""Object_5"", ""shape"": ""cube"", ""size"": 0.351, ""material"": ""metal"", ""3d_coords"": [-0.5381954167312486, -2.685302591057071, 0.3499999940395355], ""rotation"": 72.37040710449219}, {""name"": ""Object_6"", ""shape"": ""sphere"", ""size"": 0.701, ""material"": ""metal"", ""3d_coords"": [-2.1331535273034694, 1.359566973962019, 0.699999988079071], ""rotation"": 111.71510314941406}, {""name"": ""Object_7"", ""shape"": ""cube"", ""size"": 0.351, ""material"": ""rubber"", ""3d_coords"": [4.090673359637737, -0.19905459538621417, 0.3499999940395355], ""rotation"": 16.654754638671875}, {""name"": ""Object_8"", ""shape"": ""cylinder"", ""size"": 0.351, ""material"": ""rubber"", ""3d_coords"": [0.12796171044970683, 3.3528768890315352, 0.3499999940395355], ""rotation"": 190.52114868164062}, {""name"": ""Object_9"", ""shape"": ""cube"", ""size"": 0.351, ""material"": ""metal"", ""3d_coords"": [1.2002038196780207, 2.0730008204385344, 0.3499999940395355], ""rotation"": 62.013465881347656}]}\n\nWhat is the color of the object named \'Object_1\'?  ASSISTANT:\nassistant\n{""answer"": ""red""}']",red,"{""answer"": ""purple""}",10,"user
 USER:  
This image shows a minimalist arrangement of 3D geometric shapes made of different materials and colors. The JSON provided contains information about all objects in the scene, including their name, 3D coordinates (represented as [X, Y, Z]), material (metal = shinny, rubber = matte), and other attributes. 
Your job is to analyze this information, find the object named 'Object_1', use its attributes to identify which object in the image corresponds to that object, and retrieve its color in the following format: {""answer"": ""COLOR""}
Select your answer from the following options: gray, red, blue, green, brown, purple, cyan, or yellow. Do not add any additional text to your answer, provide your answer always in the following format: {""answer"": ""COLOR""}. 

Understanding the Coordinate System X, Y, Z:
• X (Depth): Represents the depth relative to the camera. Smaller values indicate objects that are farther away.
• Y (Horizontal Position): Represents the left-to-right position. A value of zero means the object is centered in the scene, negative values place the object to the left, and positive values to the right.
• Z (Vertical Position): Represents the height of the object's center point. Larger values correspond to higher vertical positions.

Here is the JSON containing details about all objects in the scene in the image:

{""camera_location"": [9.915478112284436, 0, 5.34366512298584], ""objects"": [{""name"": ""Object_0"", ""shape"": ""cube"", ""size"": 0.7, ""material"": ""metal"", ""3d_coords"": [2.468893733175896, 0.6475625329632908, 0.699999988079071], ""rotation"": 214.92543029785156}, {""name"": ""Object_1"", ""shape"": ""cube"", ""size"": 0.701, ""material"": ""metal"", ""3d_coords"": [-2.9831698799206667, -0.6553149165423653, 0.699999988079071], ""rotation"": 229.62783813476562}, {""name"": ""Object_2"", ""shape"": ""cube"", ""size"": 0.351, ""material"": ""rubber"", ""3d_coords"": [-1.3304890428772906, 2.5164709815520183, 0.3499999940395355], ""rotation"": 47.335845947265625}, {""name"": ""Object_3"", ""shape"": ""sphere"", ""size"": 0.351, ""material"": ""metal"", ""3d_coords"": [1.8759228890785624, -1.915727289698401, 0.3499999940395355], ""rotation"": 316.53289794921875}, {""name"": ""Object_4"", ""shape"": ""cube"", ""size"": 0.7, ""material"": ""rubber"", ""3d_coords"": [0.6253883379347603, -1.234844054914235, 0.699999988079071], ""rotation"": 349.3927917480469}, {""name"": ""Object_5"", ""shape"": ""cube"", ""size"": 0.351, ""material"": ""metal"", ""3d_coords"": [-0.5381954167312486, -2.685302591057071, 0.3499999940395355], ""rotation"": 72.37040710449219}, {""name"": ""Object_6"", ""shape"": ""sphere"", ""size"": 0.701, ""material"": ""metal"", ""3d_coords"": [-2.1331535273034694, 1.359566973962019, 0.699999988079071], ""rotation"": 111.71510314941406}, {""name"": ""Object_7"", ""shape"": ""cube"", ""size"": 0.351, ""material"": ""rubber"", ""3d_coords"": [4.090673359637737, -0.19905459538621417, 0.3499999940395355], ""rotation"": 16.654754638671875}, {""name"": ""Object_8"", ""shape"": ""cylinder"", ""size"": 0.351, ""material"": ""rubber"", ""3d_coords"": [0.12796171044970683, 3.3528768890315352, 0.3499999940395355], ""rotation"": 190.52114868164062}, {""name"": ""Object_9"", ""shape"": ""cube"", ""size"": 0.351, ""material"": ""metal"", ""3d_coords"": [1.2002038196780207, 2.0730008204385344, 0.3499999940395355], ""rotation"": 62.013465881347656}]}

What is the color of the object named 'Object_1'?  ASSISTANT:
assistant
{""answer"": ""gray""}",gray,"{""answer"": ""purple""}",10
48,22.207542,31.481098,34.87765,34.305756,34.81271,33.86298,33.2072,33.05603,32.82436,34.26812,34.078484,35.084503,36.08324,37.780388,37.411194,38.499557,39.8798,39.105946,39.785896,41.138805,40.018173,41.027744,42.29337,40.035618,39.656673,38.387566,38.82469,39.502426,39.363617,39.554222,39.963436,38.343884,39.64547,41.572224,43.270435,42.279537,49.922127,Img tokens,1907,2555,"['user\n USER:  \nThis image shows a minimalist arrangement of 3D geometric shapes made of different materials and colors. The JSON provided contains information about all objects in the scene, including their name, 3D coordinates (represented as [X, Y, Z]), material (metal = shinny, rubber = matte), and other attributes. \nYour job is to analyze this information, find the object at coordinates [-2.8131915532347005, 0.6306127206967702, 0.3499999940395355], use its attributes to identify which object in the image corresponds to that object, and retrieve its color in the following format: {""answer"": ""COLOR""}\nSelect your answer from the following options: gray, red, blue, green, brown, purple, cyan, or yellow. Do not add any additional text to your answer, provide your answer always in the following format: {""answer"": ""COLOR""}. \n\nUnderstanding the Coordinate System X, Y, Z:\n• X (Depth): Represents the depth relative to the camera. Smaller values indicate objects that are farther away.\n• Y (Horizontal Position): Represents the left-to-right position. A value of zero means the object is centered in the scene, negative values place the object to the left, and positive values to the right.\n• Z (Vertical Position): Represents the height of the object\'s center point. Larger values correspond to higher vertical positions.\n\nHere is the JSON containing details about all objects in the scene in the image:\n\n{""camera_location"": [9.915478112284436, 0, 5.34366512298584], ""objects"": [{""name"": ""Object_0"", ""shape"": ""cube"", ""size"": 0.7, ""material"": ""metal"", ""3d_coords"": [-1.7828730279593046, -1.3411680427935528, 0.699999988079071], ""rotation"": 149.7908477783203}, {""name"": ""Object_1"", ""shape"": ""sphere"", ""size"": 0.351, ""material"": ""rubber"", ""3d_coords"": [2.3706766406912316, -0.5190709781155874, 0.3499999940395355], ""rotation"": 245.1148223876953}, {""name"": ""Object_2"", ""shape"": ""cylinder"", ""size"": 0.7, ""material"": ""metal"", ""3d_coords"": [1.46345807397663, 1.2092484180082783, 0.699999988079071], ""rotation"": 179.79295349121094}, {""name"": ""Object_3"", ""shape"": ""cylinder"", ""size"": 0.7, ""material"": ""metal"", ""3d_coords"": [-0.36899799130067734, 2.001334104339421, 0.699999988079071], ""rotation"": 206.95492553710938}, {""name"": ""Object_4"", ""shape"": ""cube"", ""size"": 0.351, ""material"": ""metal"", ""3d_coords"": [-2.8131915532347005, 0.6306127206967702, 0.3499999940395355], ""rotation"": 267.2264099121094}, {""name"": ""Object_5"", ""shape"": ""cube"", ""size"": 0.701, ""material"": ""metal"", ""3d_coords"": [0.7406729224835793, -2.9179719471443826, 0.699999988079071], ""rotation"": 181.2461395263672}]}\n\nWhat is the color of the object at the coordinates [-2.8131915532347005, 0.6306127206967702, 0.3499999940395355]?  ASSISTANT:\nassistant\n{""answer"": ""purple""}']",purple,"{""answer"": ""green""}",6,"user
 USER:  
This image shows a minimalist arrangement of 3D geometric shapes made of different materials and colors. The JSON provided contains information about all objects in the scene, including their name, 3D coordinates (represented as [X, Y, Z]), material (metal = shinny, rubber = matte), and other attributes. 
Your job is to analyze this information, find the object at coordinates [-2.8131915532347005, 0.6306127206967702, 0.3499999940395355], use its attributes to identify which object in the image corresponds to that object, and retrieve its color in the following format: {""answer"": ""COLOR""}
Select your answer from the following options: gray, red, blue, green, brown, purple, cyan, or yellow. Do not add any additional text to your answer, provide your answer always in the following format: {""answer"": ""COLOR""}. 

Understanding the Coordinate System X, Y, Z:
• X (Depth): Represents the depth relative to the camera. Smaller values indicate objects that are farther away.
• Y (Horizontal Position): Represents the left-to-right position. A value of zero means the object is centered in the scene, negative values place the object to the left, and positive values to the right.
• Z (Vertical Position): Represents the height of the object's center point. Larger values correspond to higher vertical positions.

Here is the JSON containing details about all objects in the scene in the image:

{""camera_location"": [9.915478112284436, 0, 5.34366512298584], ""objects"": [{""name"": ""Object_0"", ""shape"": ""cube"", ""size"": 0.7, ""material"": ""metal"", ""3d_coords"": [-1.7828730279593046, -1.3411680427935528, 0.699999988079071], ""rotation"": 149.7908477783203}, {""name"": ""Object_1"", ""shape"": ""sphere"", ""size"": 0.351, ""material"": ""rubber"", ""3d_coords"": [2.3706766406912316, -0.5190709781155874, 0.3499999940395355], ""rotation"": 245.1148223876953}, {""name"": ""Object_2"", ""shape"": ""cylinder"", ""size"": 0.7, ""material"": ""metal"", ""3d_coords"": [1.46345807397663, 1.2092484180082783, 0.699999988079071], ""rotation"": 179.79295349121094}, {""name"": ""Object_3"", ""shape"": ""cylinder"", ""size"": 0.7, ""material"": ""metal"", ""3d_coords"": [-0.36899799130067734, 2.001334104339421, 0.699999988079071], ""rotation"": 206.95492553710938}, {""name"": ""Object_4"", ""shape"": ""cube"", ""size"": 0.351, ""material"": ""metal"", ""3d_coords"": [-2.8131915532347005, 0.6306127206967702, 0.3499999940395355], ""rotation"": 267.2264099121094}, {""name"": ""Object_5"", ""shape"": ""cube"", ""size"": 0.701, ""material"": ""metal"", ""3d_coords"": [0.7406729224835793, -2.9179719471443826, 0.699999988079071], ""rotation"": 181.2461395263672}]}

What is the color of the object at the coordinates [-2.8131915532347005, 0.6306127206967702, 0.3499999940395355]?  ASSISTANT:
assistant
{""answer"": ""gray""}",gray,"{""answer"": ""green""}",6
49,21.599754,30.969887,35.671185,34.92574,35.255764,34.219044,33.54179,33.542236,33.17736,34.334427,34.089947,34.994232,36.144245,37.6449,37.592968,38.955853,40.226776,8.086858,8.446064,9.109987,10.458304,11.600938,12.754891,14.144694,17.455254,20.477543,22.223484,25.9727,28.606102,32.091946,35.070126,36.862602,39.37308,42.518345,45.207043,44.30435,51.28064,Img tokens,827,1134,"['user\n USER:  \nThis image shows a minimalist arrangement of 3D geometric shapes made of different materials and colors. The JSON provided contains information about all objects in the scene, including their name, 3D coordinates (represented as [X, Y, Z]), material (metal = shinny, rubber = matte), and other attributes. \nYour job is to analyze this information, find the object at coordinates [0.9484090381630061, 3.1665474089203434, 0.3499999940395355], use its attributes to identify which object in the image corresponds to that object, and retrieve its shape in the following format: {""answer"": ""SHAPE""}\nSelect your answer from the following options: cylinder, sphere, cone, or cube. Do not add any additional text to your answer, provide your answer always in the following format: {""answer"": ""SHAPE""}. \n\nUnderstanding the Coordinate System X, Y, Z:\n• X (Depth): Represents the depth relative to the camera. Smaller values indicate objects that are farther away.\n• Y (Horizontal Position): Represents the left-to-right position. A value of zero means the object is centered in the scene, negative values place the object to the left, and positive values to the right.\n• Z (Vertical Position): Represents the height of the object\'s center point. Larger values correspond to higher vertical positions.\n\nHere is the JSON containing details about all objects in the scene in the image:\n\n{""camera_location"": [9.915478112284436, 0, 5.34366512298584], ""objects"": [{""name"": ""Object_0"", ""size"": 0.7, ""material"": ""metal"", ""3d_coords"": [-2.4358176633221835, -0.14474980779099433, 0.699999988079071], ""rotation"": 241.5412139892578, ""color"": ""red""}, {""name"": ""Object_1"", ""size"": 0.351, ""material"": ""metal"", ""3d_coords"": [0.9484090381630061, 3.1665474089203434, 0.3499999940395355], ""rotation"": 165.46043395996094, ""color"": ""brown""}, {""name"": ""Object_2"", ""size"": 0.7, ""material"": ""metal"", ""3d_coords"": [-0.45198480568860677, -2.0688121519251093, 0.699999988079071], ""rotation"": 256.3016662597656, ""color"": ""purple""}, {""name"": ""Object_3"", ""size"": 0.7, ""material"": ""rubber"", ""3d_coords"": [3.47779817229479, -0.5732526572707033, 0.699999988079071], ""rotation"": 235.2708740234375, ""color"": ""yellow""}, {""name"": ""Object_4"", ""size"": 0.7, ""material"": ""metal"", ""3d_coords"": [1.681514428102919, 1.0692129673033115, 0.699999988079071], ""rotation"": 280.19952392578125, ""color"": ""blue""}]}\n\nWhat is the shape of the object at the coordinates [0.9484090381630061, 3.1665474089203434, 0.3499999940395355]?  ASSISTANT:\nassistant\n{""answer"": ""cylinder""}']",cylinder,"{""answer"": ""cylinder""}",5,"user
 USER:  
This image shows a minimalist arrangement of 3D geometric shapes made of different materials and colors. The JSON provided contains information about all objects in the scene, including their name, 3D coordinates (represented as [X, Y, Z]), material (metal = shinny, rubber = matte), and other attributes. 
Your job is to analyze this information, find the object at coordinates [0.9484090381630061, 3.1665474089203434, 0.3499999940395355], use its attributes to identify which object in the image corresponds to that object, and retrieve its shape in the following format: {""answer"": ""SHAPE""}
Select your answer from the following options: cylinder, sphere, cone, or cube. Do not add any additional text to your answer, provide your answer always in the following format: {""answer"": ""SHAPE""}. 

Understanding the Coordinate System X, Y, Z:
• X (Depth): Represents the depth relative to the camera. Smaller values indicate objects that are farther away.
• Y (Horizontal Position): Represents the left-to-right position. A value of zero means the object is centered in the scene, negative values place the object to the left, and positive values to the right.
• Z (Vertical Position): Represents the height of the object's center point. Larger values correspond to higher vertical positions.

Here is the JSON containing details about all objects in the scene in the image:

{""camera_location"": [9.915478112284436, 0, 5.34366512298584], ""objects"": [{""name"": ""Object_0"", ""size"": 0.7, ""material"": ""metal"", ""3d_coords"": [-2.4358176633221835, -0.14474980779099433, 0.699999988079071], ""rotation"": 241.5412139892578, ""color"": ""red""}, {""name"": ""Object_1"", ""size"": 0.351, ""material"": ""metal"", ""3d_coords"": [0.9484090381630061, 3.1665474089203434, 0.3499999940395355], ""rotation"": 165.46043395996094, ""color"": ""brown""}, {""name"": ""Object_2"", ""size"": 0.7, ""material"": ""metal"", ""3d_coords"": [-0.45198480568860677, -2.0688121519251093, 0.699999988079071], ""rotation"": 256.3016662597656, ""color"": ""purple""}, {""name"": ""Object_3"", ""size"": 0.7, ""material"": ""rubber"", ""3d_coords"": [3.47779817229479, -0.5732526572707033, 0.699999988079071], ""rotation"": 235.2708740234375, ""color"": ""yellow""}, {""name"": ""Object_4"", ""size"": 0.7, ""material"": ""metal"", ""3d_coords"": [1.681514428102919, 1.0692129673033115, 0.699999988079071], ""rotation"": 280.19952392578125, ""color"": ""blue""}]}

What is the shape of the object at the coordinates [0.9484090381630061, 3.1665474089203434, 0.3499999940395355]?  ASSISTANT:
assistant
{""answer"": ""cone""}",cone,"{""answer"": ""cylinder""}",5
0,30.879486,55.08147,73.472435,74.628716,70.54861,68.990425,81.15286,76.337776,92.67511,94.52063,87.02094,79.4866,86.39016,92.16624,95.913055,98.910255,104.10898,78.9187,81.8786,85.86644,100.32463,116.23037,110.72169,116.37539,116.80498,121.38026,110.62338,116.23658,118.37839,128.76294,136.54074,142.52487,148.93416,137.29436,116.717964,99.88525,14.982458,Text tokens,912,1249,"['user\n USER:  \nThis image shows a minimalist arrangement of 3D geometric shapes made of different materials and colors. The JSON provided contains information about all objects in the scene, including their name, 3D coordinates (represented as [X, Y, Z]), material (metal = shinny, rubber = matte), and other attributes. \nYour job is to analyze this information, find the object with a rotation of 142.7777862548828, use its attributes to identify which object in the image corresponds to that object, and retrieve its color in the following format: {""answer"": ""COLOR""}\nSelect your answer from the following options: gray, red, blue, green, brown, purple, cyan, or yellow. Do not add any additional text to your answer, provide your answer always in the following format: {""answer"": ""COLOR""}. \n\nUnderstanding the Coordinate System X, Y, Z:\n• X (Depth): Represents the depth relative to the camera. Smaller values indicate objects that are farther away.\n• Y (Horizontal Position): Represents the left-to-right position. A value of zero means the object is centered in the scene, negative values place the object to the left, and positive values to the right.\n• Z (Vertical Position): Represents the height of the object\'s center point. Larger values correspond to higher vertical positions.\n\nHere is the JSON containing details about all objects in the scene in the image:\n\n{""camera_location"": [9.915478112284436, 0, 5.34366512298584], ""objects"": [{""name"": ""Object_0"", ""shape"": ""cube"", ""size"": 0.351, ""material"": ""metal"", ""3d_coords"": [2.3536632351292663, 0.952007264055984, 0.3499999940395355], ""rotation"": 84.46160888671875}, {""name"": ""Object_1"", ""shape"": ""sphere"", ""size"": 0.351, ""material"": ""rubber"", ""3d_coords"": [-0.9998282437705074, -0.693655230758135, 0.3499999940395355], ""rotation"": 66.35546112060547}, {""name"": ""Object_2"", ""shape"": ""cube"", ""size"": 0.351, ""material"": ""rubber"", ""3d_coords"": [-0.1259371872487077, 0.5501897864010687, 0.3499999940395355], ""rotation"": 142.7777862548828}, {""name"": ""Object_3"", ""shape"": ""sphere"", ""size"": 0.351, ""material"": ""rubber"", ""3d_coords"": [0.3493462079171443, -2.6219429427556094, 0.3499999940395355], ""rotation"": 162.52687072753906}, {""name"": ""Object_4"", ""shape"": ""cylinder"", ""size"": 0.701, ""material"": ""rubber"", ""3d_coords"": [-2.6018151926406943, 0.11180601124584455, 0.699999988079071], ""rotation"": 315.1466979980469}, {""name"": ""Object_5"", ""shape"": ""cube"", ""size"": 0.7, ""material"": ""metal"", ""3d_coords"": [1.0946402931144936, 2.5168990564568983, 0.699999988079071], ""rotation"": 101.67021942138672}, {""name"": ""Object_6"", ""shape"": ""cone"", ""size"": 0.7, ""material"": ""metal"", ""3d_coords"": [1.9116613587829956, -1.508412165444093, 0.699999988079071], ""rotation"": 47.72618865966797}, {""name"": ""Object_7"", ""shape"": ""cube"", ""size"": 0.7, ""material"": ""metal"", ""3d_coords"": [-1.9338468668905113, 1.669799905085533, 0.699999988079071], ""rotation"": 230.21990966796875}]}\n\nWhat is the color of the object with a rotation of 142.7777862548828?  ASSISTANT:\nassistant\n{""answer"": ""yellow""}']",yellow,"{""answer"": ""yellow""}",8,"user
 USER:  
This image shows a minimalist arrangement of 3D geometric shapes made of different materials and colors. The JSON provided contains information about all objects in the scene, including their name, 3D coordinates (represented as [X, Y, Z]), material (metal = shinny, rubber = matte), and other attributes. 
Your job is to analyze this information, find the object with a rotation of 142.7777862548828, use its attributes to identify which object in the image corresponds to that object, and retrieve its color in the following format: {""answer"": ""COLOR""}
Select your answer from the following options: gray, red, blue, green, brown, purple, cyan, or yellow. Do not add any additional text to your answer, provide your answer always in the following format: {""answer"": ""COLOR""}. 

Understanding the Coordinate System X, Y, Z:
• X (Depth): Represents the depth relative to the camera. Smaller values indicate objects that are farther away.
• Y (Horizontal Position): Represents the left-to-right position. A value of zero means the object is centered in the scene, negative values place the object to the left, and positive values to the right.
• Z (Vertical Position): Represents the height of the object's center point. Larger values correspond to higher vertical positions.

Here is the JSON containing details about all objects in the scene in the image:

{""camera_location"": [9.915478112284436, 0, 5.34366512298584], ""objects"": [{""name"": ""Object_0"", ""shape"": ""cube"", ""size"": 0.351, ""material"": ""metal"", ""3d_coords"": [2.3536632351292663, 0.952007264055984, 0.3499999940395355], ""rotation"": 84.46160888671875}, {""name"": ""Object_1"", ""shape"": ""sphere"", ""size"": 0.351, ""material"": ""rubber"", ""3d_coords"": [-0.9998282437705074, -0.693655230758135, 0.3499999940395355], ""rotation"": 66.35546112060547}, {""name"": ""Object_2"", ""shape"": ""cube"", ""size"": 0.351, ""material"": ""rubber"", ""3d_coords"": [-0.1259371872487077, 0.5501897864010687, 0.3499999940395355], ""rotation"": 142.7777862548828}, {""name"": ""Object_3"", ""shape"": ""sphere"", ""size"": 0.351, ""material"": ""rubber"", ""3d_coords"": [0.3493462079171443, -2.6219429427556094, 0.3499999940395355], ""rotation"": 162.52687072753906}, {""name"": ""Object_4"", ""shape"": ""cylinder"", ""size"": 0.701, ""material"": ""rubber"", ""3d_coords"": [-2.6018151926406943, 0.11180601124584455, 0.699999988079071], ""rotation"": 315.1466979980469}, {""name"": ""Object_5"", ""shape"": ""cube"", ""size"": 0.7, ""material"": ""metal"", ""3d_coords"": [1.0946402931144936, 2.5168990564568983, 0.699999988079071], ""rotation"": 101.67021942138672}, {""name"": ""Object_6"", ""shape"": ""cone"", ""size"": 0.7, ""material"": ""metal"", ""3d_coords"": [1.9116613587829956, -1.508412165444093, 0.699999988079071], ""rotation"": 47.72618865966797}, {""name"": ""Object_7"", ""shape"": ""cube"", ""size"": 0.7, ""material"": ""metal"", ""3d_coords"": [-1.9338468668905113, 1.669799905085533, 0.699999988079071], ""rotation"": 230.21990966796875}]}

What is the color of the object with a rotation of 142.7777862548828?  ASSISTANT:
assistant
{""answer"": ""blue""}",blue,"{""answer"": ""yellow""}",8
1,28.459705,51.96673,69.84358,70.694176,66.548676,64.35578,76.74586,82.37611,98.83949,98.13609,89.47301,80.91866,87.20093,93.31494,96.99207,99.32423,105.10999,87.178894,89.562904,91.574745,104.99573,118.65729,108.92909,114.02832,114.918335,118.76545,106.82552,112.68485,113.71442,123.35529,132.08545,139.348,146.38846,135.62665,114.90638,97.08457,14.127022,Text tokens,204,287,"['user\n USER:  \nThis image shows a minimalist arrangement of 3D geometric shapes made of different materials and colors. The JSON provided contains information about all objects in the scene, including their name, 3D coordinates (represented as [X, Y, Z]), material (metal = shinny, rubber = matte), and other attributes. \nYour job is to analyze this information, find the object with a rotation of 336.83026123046875, use its attributes to identify which object in the image corresponds to that object, and retrieve its shape in the following format: {""answer"": ""SHAPE""}\nSelect your answer from the following options: cylinder, sphere, cone, or cube. Do not add any additional text to your answer, provide your answer always in the following format: {""answer"": ""SHAPE""}. \n\nUnderstanding the Coordinate System X, Y, Z:\n• X (Depth): Represents the depth relative to the camera. Smaller values indicate objects that are farther away.\n• Y (Horizontal Position): Represents the left-to-right position. A value of zero means the object is centered in the scene, negative values place the object to the left, and positive values to the right.\n• Z (Vertical Position): Represents the height of the object\'s center point. Larger values correspond to higher vertical positions.\n\nHere is the JSON containing details about all objects in the scene in the image:\n\n{""camera_location"": [9.915478112284436, 0, 5.34366512298584], ""objects"": [{""name"": ""Object_0"", ""size"": 0.7, ""material"": ""metal"", ""3d_coords"": [-3.1138944411725773, 1.1307545095965894, 0.699999988079071], ""rotation"": 320.1335754394531, ""color"": ""gray""}, {""name"": ""Object_1"", ""size"": 0.701, ""material"": ""rubber"", ""3d_coords"": [1.7476166617749986, -1.0149978739204633, 0.699999988079071], ""rotation"": 39.312774658203125, ""color"": ""cyan""}, {""name"": ""Object_2"", ""size"": 0.351, ""material"": ""metal"", ""3d_coords"": [0.6388566137913576, -1.7924203462864052, 0.3499999940395355], ""rotation"": 44.0419921875, ""color"": ""blue""}, {""name"": ""Object_3"", ""size"": 0.351, ""material"": ""rubber"", ""3d_coords"": [1.1571736570054623, 0.6396773137842781, 0.3499999940395355], ""rotation"": 106.93251037597656, ""color"": ""brown""}, {""name"": ""Object_4"", ""size"": 0.351, ""material"": ""rubber"", ""3d_coords"": [-0.18343920391914548, 2.522241180519531, 0.3499999940395355], ""rotation"": 348.177001953125, ""color"": ""yellow""}, {""name"": ""Object_5"", ""size"": 0.351, ""material"": ""rubber"", ""3d_coords"": [-1.615542802863906, -2.3301278355790487, 0.3499999940395355], ""rotation"": 9.999037742614746, ""color"": ""red""}, {""name"": ""Object_6"", ""size"": 0.351, ""material"": ""rubber"", ""3d_coords"": [3.2114168998826247, -0.6147687060059956, 0.3499999940395355], ""rotation"": 321.2648620605469, ""color"": ""red""}, {""name"": ""Object_7"", ""size"": 0.701, ""material"": ""rubber"", ""3d_coords"": [2.3346300424821598, 1.7558490576662746, 0.699999988079071], ""rotation"": 124.95408630371094, ""color"": ""green""}, {""name"": ""Object_8"", ""size"": 0.7, ""material"": ""metal"", ""3d_coords"": [-0.891931062878993, 0.13132574381698464, 0.699999988079071], ""rotation"": 272.32666015625, ""color"": ""red""}, {""name"": ""Object_9"", ""size"": 0.351, ""material"": ""metal"", ""3d_coords"": [0.22428628109618098, 4.164682034279698, 0.3499999940395355], ""rotation"": 336.83026123046875, ""color"": ""gray""}]}\n\nWhat is the shape of the object with a rotation of 336.83026123046875?  ASSISTANT:\nassistant\n{""answer"": ""sphere""}']",sphere,"{""answer"": ""sphere""}",10,"user
 USER:  
This image shows a minimalist arrangement of 3D geometric shapes made of different materials and colors. The JSON provided contains information about all objects in the scene, including their name, 3D coordinates (represented as [X, Y, Z]), material (metal = shinny, rubber = matte), and other attributes. 
Your job is to analyze this information, find the object with a rotation of 336.83026123046875, use its attributes to identify which object in the image corresponds to that object, and retrieve its shape in the following format: {""answer"": ""SHAPE""}
Select your answer from the following options: cylinder, sphere, cone, or cube. Do not add any additional text to your answer, provide your answer always in the following format: {""answer"": ""SHAPE""}. 

Understanding the Coordinate System X, Y, Z:
• X (Depth): Represents the depth relative to the camera. Smaller values indicate objects that are farther away.
• Y (Horizontal Position): Represents the left-to-right position. A value of zero means the object is centered in the scene, negative values place the object to the left, and positive values to the right.
• Z (Vertical Position): Represents the height of the object's center point. Larger values correspond to higher vertical positions.

Here is the JSON containing details about all objects in the scene in the image:

{""camera_location"": [9.915478112284436, 0, 5.34366512298584], ""objects"": [{""name"": ""Object_0"", ""size"": 0.7, ""material"": ""metal"", ""3d_coords"": [-3.1138944411725773, 1.1307545095965894, 0.699999988079071], ""rotation"": 320.1335754394531, ""color"": ""gray""}, {""name"": ""Object_1"", ""size"": 0.701, ""material"": ""rubber"", ""3d_coords"": [1.7476166617749986, -1.0149978739204633, 0.699999988079071], ""rotation"": 39.312774658203125, ""color"": ""cyan""}, {""name"": ""Object_2"", ""size"": 0.351, ""material"": ""metal"", ""3d_coords"": [0.6388566137913576, -1.7924203462864052, 0.3499999940395355], ""rotation"": 44.0419921875, ""color"": ""blue""}, {""name"": ""Object_3"", ""size"": 0.351, ""material"": ""rubber"", ""3d_coords"": [1.1571736570054623, 0.6396773137842781, 0.3499999940395355], ""rotation"": 106.93251037597656, ""color"": ""brown""}, {""name"": ""Object_4"", ""size"": 0.351, ""material"": ""rubber"", ""3d_coords"": [-0.18343920391914548, 2.522241180519531, 0.3499999940395355], ""rotation"": 348.177001953125, ""color"": ""yellow""}, {""name"": ""Object_5"", ""size"": 0.351, ""material"": ""rubber"", ""3d_coords"": [-1.615542802863906, -2.3301278355790487, 0.3499999940395355], ""rotation"": 9.999037742614746, ""color"": ""red""}, {""name"": ""Object_6"", ""size"": 0.351, ""material"": ""rubber"", ""3d_coords"": [3.2114168998826247, -0.6147687060059956, 0.3499999940395355], ""rotation"": 321.2648620605469, ""color"": ""red""}, {""name"": ""Object_7"", ""size"": 0.701, ""material"": ""rubber"", ""3d_coords"": [2.3346300424821598, 1.7558490576662746, 0.699999988079071], ""rotation"": 124.95408630371094, ""color"": ""green""}, {""name"": ""Object_8"", ""size"": 0.7, ""material"": ""metal"", ""3d_coords"": [-0.891931062878993, 0.13132574381698464, 0.699999988079071], ""rotation"": 272.32666015625, ""color"": ""red""}, {""name"": ""Object_9"", ""size"": 0.351, ""material"": ""metal"", ""3d_coords"": [0.22428628109618098, 4.164682034279698, 0.3499999940395355], ""rotation"": 336.83026123046875, ""color"": ""gray""}]}

What is the shape of the object with a rotation of 336.83026123046875?  ASSISTANT:
assistant
{""answer"": ""cube""}",cube,"{""answer"": ""sphere""}",10
2,29.854435,54.17515,71.69852,72.21421,67.998314,66.20015,78.15221,76.911995,92.38421,92.6368,84.723785,77.19686,83.34093,89.00519,92.69495,95.13713,100.25774,79.88717,82.503,85.61154,99.6806,114.27097,105.80601,111.53275,112.01745,115.66726,104.08321,109.92377,111.844246,121.2056,128.98872,135.68681,142.85043,132.35422,111.74345,94.4362,14.82608,Text tokens,2253,3006,"['user\n USER:  \nThis image shows a minimalist arrangement of 3D geometric shapes made of different materials and colors. The JSON provided contains information about all objects in the scene, including their name, 3D coordinates (represented as [X, Y, Z]), material (metal = shinny, rubber = matte), and other attributes. \nYour job is to analyze this information, find the object with a size of 0.35, use its attributes to identify which object in the image corresponds to that object, and retrieve its shape in the following format: {""answer"": ""SHAPE""}\nSelect your answer from the following options: cylinder, sphere, cone, or cube. Do not add any additional text to your answer, provide your answer always in the following format: {""answer"": ""SHAPE""}. \n\nUnderstanding the Coordinate System X, Y, Z:\n• X (Depth): Represents the depth relative to the camera. Smaller values indicate objects that are farther away.\n• Y (Horizontal Position): Represents the left-to-right position. A value of zero means the object is centered in the scene, negative values place the object to the left, and positive values to the right.\n• Z (Vertical Position): Represents the height of the object\'s center point. Larger values correspond to higher vertical positions.\n\nHere is the JSON containing details about all objects in the scene in the image:\n\n{""camera_location"": [9.915478112284436, 0, 5.34366512298584], ""objects"": [{""name"": ""Object_0"", ""size"": 0.351, ""material"": ""rubber"", ""3d_coords"": [2.41178171801114, -1.5903019375179108, 0.3499999940395355], ""rotation"": 220.596923828125, ""color"": ""yellow""}, {""name"": ""Object_1"", ""size"": 0.35, ""material"": ""metal"", ""3d_coords"": [-1.1150844761488397, -0.2700704820691121, 0.3499999940395355], ""rotation"": 49.46784591674805, ""color"": ""purple""}, {""name"": ""Object_2"", ""size"": 0.351, ""material"": ""rubber"", ""3d_coords"": [0.02936943395910685, -3.0228724652037906, 0.3499999940395355], ""rotation"": 95.05706787109375, ""color"": ""red""}, {""name"": ""Object_3"", ""size"": 0.351, ""material"": ""metal"", ""3d_coords"": [1.964361037760023, 1.4433033998308198, 0.3499999940395355], ""rotation"": 90.87294006347656, ""color"": ""gray""}, {""name"": ""Object_4"", ""size"": 0.7, ""material"": ""rubber"", ""3d_coords"": [2.867967219769418, 0.21751024269134134, 0.699999988079071], ""rotation"": 263.740966796875, ""color"": ""gray""}, {""name"": ""Object_5"", ""size"": 0.7, ""material"": ""rubber"", ""3d_coords"": [-1.657704710848841, 2.06534903783686, 0.699999988079071], ""rotation"": 257.38519287109375, ""color"": ""cyan""}, {""name"": ""Object_6"", ""size"": 0.351, ""material"": ""rubber"", ""3d_coords"": [0.9940713514063191, 3.2229483663574827, 0.3499999940395355], ""rotation"": 230.9080352783203, ""color"": ""green""}, {""name"": ""Object_7"", ""size"": 0.351, ""material"": ""rubber"", ""3d_coords"": [0.5925566323035294, 0.6210391827826285, 0.3499999940395355], ""rotation"": 27.29384994506836, ""color"": ""yellow""}, {""name"": ""Object_8"", ""size"": 0.351, ""material"": ""rubber"", ""3d_coords"": [1.4270695627617622, -0.7989700249140843, 0.3499999940395355], ""rotation"": 80.9874038696289, ""color"": ""brown""}]}\n\nWhat is the shape of the object with a size of 0.35?  ASSISTANT:\nassistant\n{""answer"": ""sphere""}']",sphere,"{""answer"": ""sphere""}",9,"user
 USER:  
This image shows a minimalist arrangement of 3D geometric shapes made of different materials and colors. The JSON provided contains information about all objects in the scene, including their name, 3D coordinates (represented as [X, Y, Z]), material (metal = shinny, rubber = matte), and other attributes. 
Your job is to analyze this information, find the object with a size of 0.35, use its attributes to identify which object in the image corresponds to that object, and retrieve its shape in the following format: {""answer"": ""SHAPE""}
Select your answer from the following options: cylinder, sphere, cone, or cube. Do not add any additional text to your answer, provide your answer always in the following format: {""answer"": ""SHAPE""}. 

Understanding the Coordinate System X, Y, Z:
• X (Depth): Represents the depth relative to the camera. Smaller values indicate objects that are farther away.
• Y (Horizontal Position): Represents the left-to-right position. A value of zero means the object is centered in the scene, negative values place the object to the left, and positive values to the right.
• Z (Vertical Position): Represents the height of the object's center point. Larger values correspond to higher vertical positions.

Here is the JSON containing details about all objects in the scene in the image:

{""camera_location"": [9.915478112284436, 0, 5.34366512298584], ""objects"": [{""name"": ""Object_0"", ""size"": 0.351, ""material"": ""rubber"", ""3d_coords"": [2.41178171801114, -1.5903019375179108, 0.3499999940395355], ""rotation"": 220.596923828125, ""color"": ""yellow""}, {""name"": ""Object_1"", ""size"": 0.35, ""material"": ""metal"", ""3d_coords"": [-1.1150844761488397, -0.2700704820691121, 0.3499999940395355], ""rotation"": 49.46784591674805, ""color"": ""purple""}, {""name"": ""Object_2"", ""size"": 0.351, ""material"": ""rubber"", ""3d_coords"": [0.02936943395910685, -3.0228724652037906, 0.3499999940395355], ""rotation"": 95.05706787109375, ""color"": ""red""}, {""name"": ""Object_3"", ""size"": 0.351, ""material"": ""metal"", ""3d_coords"": [1.964361037760023, 1.4433033998308198, 0.3499999940395355], ""rotation"": 90.87294006347656, ""color"": ""gray""}, {""name"": ""Object_4"", ""size"": 0.7, ""material"": ""rubber"", ""3d_coords"": [2.867967219769418, 0.21751024269134134, 0.699999988079071], ""rotation"": 263.740966796875, ""color"": ""gray""}, {""name"": ""Object_5"", ""size"": 0.7, ""material"": ""rubber"", ""3d_coords"": [-1.657704710848841, 2.06534903783686, 0.699999988079071], ""rotation"": 257.38519287109375, ""color"": ""cyan""}, {""name"": ""Object_6"", ""size"": 0.351, ""material"": ""rubber"", ""3d_coords"": [0.9940713514063191, 3.2229483663574827, 0.3499999940395355], ""rotation"": 230.9080352783203, ""color"": ""green""}, {""name"": ""Object_7"", ""size"": 0.351, ""material"": ""rubber"", ""3d_coords"": [0.5925566323035294, 0.6210391827826285, 0.3499999940395355], ""rotation"": 27.29384994506836, ""color"": ""yellow""}, {""name"": ""Object_8"", ""size"": 0.351, ""material"": ""rubber"", ""3d_coords"": [1.4270695627617622, -0.7989700249140843, 0.3499999940395355], ""rotation"": 80.9874038696289, ""color"": ""brown""}]}

What is the shape of the object with a size of 0.35?  ASSISTANT:
assistant
{""answer"": ""cube""}",cube,"{""answer"": ""sphere""}",9
3,43.883053,73.27147,94.12357,97.33887,93.434975,92.643425,105.183495,39.143185,51.93942,58.788795,56.713135,52.955498,58.680748,62.206818,66.00158,68.28082,71.84512,69.13625,73.0858,78.69804,93.73213,109.69359,112.27696,120.10425,122.24467,127.73539,124.573364,131.13287,133.15715,141.0038,144.61732,145.58951,148.60535,141.60197,124.68249,110.76943,21.170431,Text tokens,2006,2683,"['user\n USER:  \nThis image shows a minimalist arrangement of 3D geometric shapes made of different materials and colors. The JSON provided contains information about all objects in the scene, including their name, 3D coordinates (represented as [X, Y, Z]), material (metal = shinny, rubber = matte), and other attributes. \nYour job is to analyze this information, find the object with a rotation of 344.3285217285156, use its attributes to identify which object in the image corresponds to that object, and retrieve its color in the following format: {""answer"": ""COLOR""}\nSelect your answer from the following options: gray, red, blue, green, brown, purple, cyan, or yellow. Do not add any additional text to your answer, provide your answer always in the following format: {""answer"": ""COLOR""}. \n\nUnderstanding the Coordinate System X, Y, Z:\n• X (Depth): Represents the depth relative to the camera. Smaller values indicate objects that are farther away.\n• Y (Horizontal Position): Represents the left-to-right position. A value of zero means the object is centered in the scene, negative values place the object to the left, and positive values to the right.\n• Z (Vertical Position): Represents the height of the object\'s center point. Larger values correspond to higher vertical positions.\n\nHere is the JSON containing details about all objects in the scene in the image:\n\n{""camera_location"": [9.915478112284436, 0, 5.34366512298584], ""objects"": [{""name"": ""Object_0"", ""shape"": ""sphere"", ""size"": 0.7, ""material"": ""metal"", ""3d_coords"": [1.497525784656313, -1.2016221186309874, 0.699999988079071], ""rotation"": 56.16063690185547}, {""name"": ""Object_1"", ""shape"": ""cylinder"", ""size"": 0.351, ""material"": ""metal"", ""3d_coords"": [-1.2142698866447477, 0.8072733349906838, 0.3499999940395355], ""rotation"": 344.3285217285156}, {""name"": ""Object_2"", ""shape"": ""cone"", ""size"": 0.7, ""material"": ""rubber"", ""3d_coords"": [2.2784915234151724, 1.3039251074495044, 0.699999988079071], ""rotation"": 267.6826477050781}]}\n\nWhat is the color of the object with a rotation of 344.3285217285156?  ASSISTANT:\nassistant\n{""answer"": ""cyan""}']",cyan,"{""answer"": ""cyan""}",3,"user
 USER:  
This image shows a minimalist arrangement of 3D geometric shapes made of different materials and colors. The JSON provided contains information about all objects in the scene, including their name, 3D coordinates (represented as [X, Y, Z]), material (metal = shinny, rubber = matte), and other attributes. 
Your job is to analyze this information, find the object with a rotation of 344.3285217285156, use its attributes to identify which object in the image corresponds to that object, and retrieve its color in the following format: {""answer"": ""COLOR""}
Select your answer from the following options: gray, red, blue, green, brown, purple, cyan, or yellow. Do not add any additional text to your answer, provide your answer always in the following format: {""answer"": ""COLOR""}. 

Understanding the Coordinate System X, Y, Z:
• X (Depth): Represents the depth relative to the camera. Smaller values indicate objects that are farther away.
• Y (Horizontal Position): Represents the left-to-right position. A value of zero means the object is centered in the scene, negative values place the object to the left, and positive values to the right.
• Z (Vertical Position): Represents the height of the object's center point. Larger values correspond to higher vertical positions.

Here is the JSON containing details about all objects in the scene in the image:

{""camera_location"": [9.915478112284436, 0, 5.34366512298584], ""objects"": [{""name"": ""Object_0"", ""shape"": ""sphere"", ""size"": 0.7, ""material"": ""metal"", ""3d_coords"": [1.497525784656313, -1.2016221186309874, 0.699999988079071], ""rotation"": 56.16063690185547}, {""name"": ""Object_1"", ""shape"": ""cylinder"", ""size"": 0.351, ""material"": ""metal"", ""3d_coords"": [-1.2142698866447477, 0.8072733349906838, 0.3499999940395355], ""rotation"": 344.3285217285156}, {""name"": ""Object_2"", ""shape"": ""cone"", ""size"": 0.7, ""material"": ""rubber"", ""3d_coords"": [2.2784915234151724, 1.3039251074495044, 0.699999988079071], ""rotation"": 267.6826477050781}]}

What is the color of the object with a rotation of 344.3285217285156?  ASSISTANT:
assistant
{""answer"": ""red""}",red,"{""answer"": ""cyan""}",3
4,30.205652,55.56552,73.87038,75.04669,70.816414,68.748375,80.94746,75.21482,91.337074,92.28004,84.992134,77.24319,83.69884,89.407555,93.45115,96.21874,101.267876,78.93496,81.99609,85.85515,100.008865,115.38219,109.945885,114.45278,115.387085,119.56678,108.98516,115.0728,116.80853,126.4631,134.33354,140.1661,146.42673,135.16934,113.86282,95.23139,11.777669,Text tokens,1828,2447,"['user\n USER:  \nThis image shows a minimalist arrangement of 3D geometric shapes made of different materials and colors. The JSON provided contains information about all objects in the scene, including their name, 3D coordinates (represented as [X, Y, Z]), material (metal = shinny, rubber = matte), and other attributes. \nYour job is to analyze this information, find the object with a rotation of 266.7427062988281, use its attributes to identify which object in the image corresponds to that object, and retrieve its shape in the following format: {""answer"": ""SHAPE""}\nSelect your answer from the following options: cylinder, sphere, cone, or cube. Do not add any additional text to your answer, provide your answer always in the following format: {""answer"": ""SHAPE""}. \n\nUnderstanding the Coordinate System X, Y, Z:\n• X (Depth): Represents the depth relative to the camera. Smaller values indicate objects that are farther away.\n• Y (Horizontal Position): Represents the left-to-right position. A value of zero means the object is centered in the scene, negative values place the object to the left, and positive values to the right.\n• Z (Vertical Position): Represents the height of the object\'s center point. Larger values correspond to higher vertical positions.\n\nHere is the JSON containing details about all objects in the scene in the image:\n\n{""camera_location"": [9.915478112284436, 0, 5.34366512298584], ""objects"": [{""name"": ""Object_0"", ""size"": 0.7, ""material"": ""metal"", ""3d_coords"": [-0.3380178052039913, -2.483322091111213, 0.699999988079071], ""rotation"": 239.54417419433594, ""color"": ""blue""}, {""name"": ""Object_1"", ""size"": 0.351, ""material"": ""metal"", ""3d_coords"": [0.5312415383620793, 0.19042798748615572, 0.3499999940395355], ""rotation"": 177.96139526367188, ""color"": ""gray""}, {""name"": ""Object_2"", ""size"": 0.701, ""material"": ""metal"", ""3d_coords"": [0.1281794912912222, 2.9063478793575346, 0.699999988079071], ""rotation"": 188.2201690673828, ""color"": ""blue""}, {""name"": ""Object_3"", ""size"": 0.7, ""material"": ""rubber"", ""3d_coords"": [1.230897884748495, -1.1591846420722012, 0.699999988079071], ""rotation"": 231.28123474121094, ""color"": ""red""}, {""name"": ""Object_4"", ""size"": 0.351, ""material"": ""metal"", ""3d_coords"": [-1.1372918382544395, 2.3543588709491408, 0.3499999940395355], ""rotation"": 184.23097229003906, ""color"": ""cyan""}, {""name"": ""Object_5"", ""size"": 0.351, ""material"": ""metal"", ""3d_coords"": [1.6870485262144728, 1.4359277315031316, 0.3499999940395355], ""rotation"": 117.2706069946289, ""color"": ""yellow""}, {""name"": ""Object_6"", ""size"": 0.701, ""material"": ""metal"", ""3d_coords"": [-2.822109329598531, 0.94552631347138, 0.699999988079071], ""rotation"": 75.410400390625, ""color"": ""purple""}, {""name"": ""Object_7"", ""size"": 0.351, ""material"": ""metal"", ""3d_coords"": [-2.2777359416841203, -0.33507919623223203, 0.3499999940395355], ""rotation"": 266.7427062988281, ""color"": ""cyan""}]}\n\nWhat is the shape of the object with a rotation of 266.7427062988281?  ASSISTANT:\nassistant\n{""answer"": ""sphere""}']",sphere,"{""answer"": ""cube""}",8,"user
 USER:  
This image shows a minimalist arrangement of 3D geometric shapes made of different materials and colors. The JSON provided contains information about all objects in the scene, including their name, 3D coordinates (represented as [X, Y, Z]), material (metal = shinny, rubber = matte), and other attributes. 
Your job is to analyze this information, find the object with a rotation of 266.7427062988281, use its attributes to identify which object in the image corresponds to that object, and retrieve its shape in the following format: {""answer"": ""SHAPE""}
Select your answer from the following options: cylinder, sphere, cone, or cube. Do not add any additional text to your answer, provide your answer always in the following format: {""answer"": ""SHAPE""}. 

Understanding the Coordinate System X, Y, Z:
• X (Depth): Represents the depth relative to the camera. Smaller values indicate objects that are farther away.
• Y (Horizontal Position): Represents the left-to-right position. A value of zero means the object is centered in the scene, negative values place the object to the left, and positive values to the right.
• Z (Vertical Position): Represents the height of the object's center point. Larger values correspond to higher vertical positions.

Here is the JSON containing details about all objects in the scene in the image:

{""camera_location"": [9.915478112284436, 0, 5.34366512298584], ""objects"": [{""name"": ""Object_0"", ""size"": 0.7, ""material"": ""metal"", ""3d_coords"": [-0.3380178052039913, -2.483322091111213, 0.699999988079071], ""rotation"": 239.54417419433594, ""color"": ""blue""}, {""name"": ""Object_1"", ""size"": 0.351, ""material"": ""metal"", ""3d_coords"": [0.5312415383620793, 0.19042798748615572, 0.3499999940395355], ""rotation"": 177.96139526367188, ""color"": ""gray""}, {""name"": ""Object_2"", ""size"": 0.701, ""material"": ""metal"", ""3d_coords"": [0.1281794912912222, 2.9063478793575346, 0.699999988079071], ""rotation"": 188.2201690673828, ""color"": ""blue""}, {""name"": ""Object_3"", ""size"": 0.7, ""material"": ""rubber"", ""3d_coords"": [1.230897884748495, -1.1591846420722012, 0.699999988079071], ""rotation"": 231.28123474121094, ""color"": ""red""}, {""name"": ""Object_4"", ""size"": 0.351, ""material"": ""metal"", ""3d_coords"": [-1.1372918382544395, 2.3543588709491408, 0.3499999940395355], ""rotation"": 184.23097229003906, ""color"": ""cyan""}, {""name"": ""Object_5"", ""size"": 0.351, ""material"": ""metal"", ""3d_coords"": [1.6870485262144728, 1.4359277315031316, 0.3499999940395355], ""rotation"": 117.2706069946289, ""color"": ""yellow""}, {""name"": ""Object_6"", ""size"": 0.701, ""material"": ""metal"", ""3d_coords"": [-2.822109329598531, 0.94552631347138, 0.699999988079071], ""rotation"": 75.410400390625, ""color"": ""purple""}, {""name"": ""Object_7"", ""size"": 0.351, ""material"": ""metal"", ""3d_coords"": [-2.2777359416841203, -0.33507919623223203, 0.3499999940395355], ""rotation"": 266.7427062988281, ""color"": ""cyan""}]}

What is the shape of the object with a rotation of 266.7427062988281?  ASSISTANT:
assistant
{""answer"": ""cube""}",cube,"{""answer"": ""cube""}",8
5,40.27913,69.90119,89.77854,91.797104,86.715256,85.36313,98.23988,47.01208,61.01218,66.84668,63.340405,58.710075,64.63259,68.63628,72.59946,74.7661,78.38984,47.121395,50.810307,56.613735,72.19049,88.038704,91.93759,101.569305,107.231094,113.913925,110.371895,117.8414,120.478516,129.78139,134.65927,137.71683,142.514,134.20844,115.80402,101.73265,16.809105,Text tokens,1143,1558,"['user\n USER:  \nThis image shows a minimalist arrangement of 3D geometric shapes made of different materials and colors. The JSON provided contains information about all objects in the scene, including their name, 3D coordinates (represented as [X, Y, Z]), material (metal = shinny, rubber = matte), and other attributes. \nYour job is to analyze this information, find the object with a size of 0.701, use its attributes to identify which object in the image corresponds to that object, and retrieve its shape in the following format: {""answer"": ""SHAPE""}\nSelect your answer from the following options: cylinder, sphere, cone, or cube. Do not add any additional text to your answer, provide your answer always in the following format: {""answer"": ""SHAPE""}. \n\nUnderstanding the Coordinate System X, Y, Z:\n• X (Depth): Represents the depth relative to the camera. Smaller values indicate objects that are farther away.\n• Y (Horizontal Position): Represents the left-to-right position. A value of zero means the object is centered in the scene, negative values place the object to the left, and positive values to the right.\n• Z (Vertical Position): Represents the height of the object\'s center point. Larger values correspond to higher vertical positions.\n\nHere is the JSON containing details about all objects in the scene in the image:\n\n{""camera_location"": [9.915478112284436, 0, 5.34366512298584], ""objects"": [{""name"": ""Object_0"", ""size"": 0.7, ""material"": ""rubber"", ""3d_coords"": [-1.8287743121011344, 0.9630842804711663, 0.699999988079071], ""rotation"": 44.579105377197266, ""color"": ""cyan""}, {""name"": ""Object_1"", ""size"": 0.351, ""material"": ""rubber"", ""3d_coords"": [0.7234988567325598, -1.4373095209071598, 0.3499999940395355], ""rotation"": 81.98535919189453, ""color"": ""purple""}, {""name"": ""Object_2"", ""size"": 0.701, ""material"": ""metal"", ""3d_coords"": [1.7988713982083362, 2.050012565814665, 0.699999988079071], ""rotation"": 64.80811309814453, ""color"": ""yellow""}, {""name"": ""Object_3"", ""size"": 0.351, ""material"": ""rubber"", ""3d_coords"": [1.3952332136843588, -0.18657051697186045, 0.3499999940395355], ""rotation"": 196.43255615234375, ""color"": ""red""}]}\n\nWhat is the shape of the object with a size of 0.701?  ASSISTANT:\nassistant\n{""answer"": ""cone""}']",cone,"{""answer"": ""cone""}",4,"user
 USER:  
This image shows a minimalist arrangement of 3D geometric shapes made of different materials and colors. The JSON provided contains information about all objects in the scene, including their name, 3D coordinates (represented as [X, Y, Z]), material (metal = shinny, rubber = matte), and other attributes. 
Your job is to analyze this information, find the object with a size of 0.701, use its attributes to identify which object in the image corresponds to that object, and retrieve its shape in the following format: {""answer"": ""SHAPE""}
Select your answer from the following options: cylinder, sphere, cone, or cube. Do not add any additional text to your answer, provide your answer always in the following format: {""answer"": ""SHAPE""}. 

Understanding the Coordinate System X, Y, Z:
• X (Depth): Represents the depth relative to the camera. Smaller values indicate objects that are farther away.
• Y (Horizontal Position): Represents the left-to-right position. A value of zero means the object is centered in the scene, negative values place the object to the left, and positive values to the right.
• Z (Vertical Position): Represents the height of the object's center point. Larger values correspond to higher vertical positions.

Here is the JSON containing details about all objects in the scene in the image:

{""camera_location"": [9.915478112284436, 0, 5.34366512298584], ""objects"": [{""name"": ""Object_0"", ""size"": 0.7, ""material"": ""rubber"", ""3d_coords"": [-1.8287743121011344, 0.9630842804711663, 0.699999988079071], ""rotation"": 44.579105377197266, ""color"": ""cyan""}, {""name"": ""Object_1"", ""size"": 0.351, ""material"": ""rubber"", ""3d_coords"": [0.7234988567325598, -1.4373095209071598, 0.3499999940395355], ""rotation"": 81.98535919189453, ""color"": ""purple""}, {""name"": ""Object_2"", ""size"": 0.701, ""material"": ""metal"", ""3d_coords"": [1.7988713982083362, 2.050012565814665, 0.699999988079071], ""rotation"": 64.80811309814453, ""color"": ""yellow""}, {""name"": ""Object_3"", ""size"": 0.351, ""material"": ""rubber"", ""3d_coords"": [1.3952332136843588, -0.18657051697186045, 0.3499999940395355], ""rotation"": 196.43255615234375, ""color"": ""red""}]}

What is the shape of the object with a size of 0.701?  ASSISTANT:
assistant
{""answer"": ""cube""}",cube,"{""answer"": ""cone""}",4
6,36.407135,64.19824,83.79201,85.592476,81.50597,80.20145,92.819855,57.44125,73.32005,77.97458,73.0879,67.37659,74.08026,78.931755,83.27054,86.08733,90.27198,86.97237,90.020004,94.051796,107.644585,123.18065,119.059006,124.06511,123.0187,126.44302,117.92626,123.276794,125.01372,133.77946,139.12825,142.69617,147.83955,138.12424,119.09602,104.59627,18.000225,Text tokens,839,1154,"['user\n USER:  \nThis image shows a minimalist arrangement of 3D geometric shapes made of different materials and colors. The JSON provided contains information about all objects in the scene, including their name, 3D coordinates (represented as [X, Y, Z]), material (metal = shinny, rubber = matte), and other attributes. \nYour job is to analyze this information, find the object with a rotation of 25.02638816833496, use its attributes to identify which object in the image corresponds to that object, and retrieve its shape in the following format: {""answer"": ""SHAPE""}\nSelect your answer from the following options: cylinder, sphere, cone, or cube. Do not add any additional text to your answer, provide your answer always in the following format: {""answer"": ""SHAPE""}. \n\nUnderstanding the Coordinate System X, Y, Z:\n• X (Depth): Represents the depth relative to the camera. Smaller values indicate objects that are farther away.\n• Y (Horizontal Position): Represents the left-to-right position. A value of zero means the object is centered in the scene, negative values place the object to the left, and positive values to the right.\n• Z (Vertical Position): Represents the height of the object\'s center point. Larger values correspond to higher vertical positions.\n\nHere is the JSON containing details about all objects in the scene in the image:\n\n{""camera_location"": [9.915478112284436, 0, 5.34366512298584], ""objects"": [{""name"": ""Object_0"", ""size"": 0.351, ""material"": ""rubber"", ""3d_coords"": [-0.7688406121808127, 0.2578378438427226, 0.3499999940395355], ""rotation"": 25.02638816833496, ""color"": ""red""}, {""name"": ""Object_1"", ""size"": 0.351, ""material"": ""rubber"", ""3d_coords"": [-0.28359972572667824, 1.7809464408694078, 0.3499999940395355], ""rotation"": 1.1826918125152588, ""color"": ""red""}, {""name"": ""Object_2"", ""size"": 0.701, ""material"": ""rubber"", ""3d_coords"": [1.5589756765256029, 2.4842512511159267, 0.699999988079071], ""rotation"": 151.97024536132812, ""color"": ""blue""}, {""name"": ""Object_3"", ""size"": 0.7, ""material"": ""metal"", ""3d_coords"": [2.793549618900461, -0.750153045601017, 0.699999988079071], ""rotation"": 267.00469970703125, ""color"": ""yellow""}, {""name"": ""Object_4"", ""size"": 0.7, ""material"": ""metal"", ""3d_coords"": [-2.8544007779019, -0.22235948344020784, 0.699999988079071], ""rotation"": 275.3589172363281, ""color"": ""cyan""}]}\n\nWhat is the shape of the object with a rotation of 25.02638816833496?  ASSISTANT:\nassistant\n{""answer"": ""sphere""}']",sphere,"{""answer"": ""sphere""}",5,"user
 USER:  
This image shows a minimalist arrangement of 3D geometric shapes made of different materials and colors. The JSON provided contains information about all objects in the scene, including their name, 3D coordinates (represented as [X, Y, Z]), material (metal = shinny, rubber = matte), and other attributes. 
Your job is to analyze this information, find the object with a rotation of 25.02638816833496, use its attributes to identify which object in the image corresponds to that object, and retrieve its shape in the following format: {""answer"": ""SHAPE""}
Select your answer from the following options: cylinder, sphere, cone, or cube. Do not add any additional text to your answer, provide your answer always in the following format: {""answer"": ""SHAPE""}. 

Understanding the Coordinate System X, Y, Z:
• X (Depth): Represents the depth relative to the camera. Smaller values indicate objects that are farther away.
• Y (Horizontal Position): Represents the left-to-right position. A value of zero means the object is centered in the scene, negative values place the object to the left, and positive values to the right.
• Z (Vertical Position): Represents the height of the object's center point. Larger values correspond to higher vertical positions.

Here is the JSON containing details about all objects in the scene in the image:

{""camera_location"": [9.915478112284436, 0, 5.34366512298584], ""objects"": [{""name"": ""Object_0"", ""size"": 0.351, ""material"": ""rubber"", ""3d_coords"": [-0.7688406121808127, 0.2578378438427226, 0.3499999940395355], ""rotation"": 25.02638816833496, ""color"": ""red""}, {""name"": ""Object_1"", ""size"": 0.351, ""material"": ""rubber"", ""3d_coords"": [-0.28359972572667824, 1.7809464408694078, 0.3499999940395355], ""rotation"": 1.1826918125152588, ""color"": ""red""}, {""name"": ""Object_2"", ""size"": 0.701, ""material"": ""rubber"", ""3d_coords"": [1.5589756765256029, 2.4842512511159267, 0.699999988079071], ""rotation"": 151.97024536132812, ""color"": ""blue""}, {""name"": ""Object_3"", ""size"": 0.7, ""material"": ""metal"", ""3d_coords"": [2.793549618900461, -0.750153045601017, 0.699999988079071], ""rotation"": 267.00469970703125, ""color"": ""yellow""}, {""name"": ""Object_4"", ""size"": 0.7, ""material"": ""metal"", ""3d_coords"": [-2.8544007779019, -0.22235948344020784, 0.699999988079071], ""rotation"": 275.3589172363281, ""color"": ""cyan""}]}

What is the shape of the object with a rotation of 25.02638816833496?  ASSISTANT:
assistant
{""answer"": ""cylinder""}",cylinder,"{""answer"": ""sphere""}",5
7,39.34944,66.991646,87.48593,89.80714,85.73626,85.246826,97.503784,49.151024,63.56551,69.418465,66.04058,61.3802,67.49225,71.36057,75.33381,77.95762,82.33597,51.04698,55.336803,61.17488,77.608864,94.18045,97.49918,108.0812,114.090645,121.60684,118.77084,126.36093,129.08643,137.92435,143.45284,146.71341,150.3051,142.51855,125.52114,110.55303,23.489573,Text tokens,712,981,"['user\n USER:  \nThis image shows a minimalist arrangement of 3D geometric shapes made of different materials and colors. The JSON provided contains information about all objects in the scene, including their name, 3D coordinates (represented as [X, Y, Z]), material (metal = shinny, rubber = matte), and other attributes. \nYour job is to analyze this information, find the object with a rotation of 232.12574768066406, use its attributes to identify which object in the image corresponds to that object, and retrieve its color in the following format: {""answer"": ""COLOR""}\nSelect your answer from the following options: gray, red, blue, green, brown, purple, cyan, or yellow. Do not add any additional text to your answer, provide your answer always in the following format: {""answer"": ""COLOR""}. \n\nUnderstanding the Coordinate System X, Y, Z:\n• X (Depth): Represents the depth relative to the camera. Smaller values indicate objects that are farther away.\n• Y (Horizontal Position): Represents the left-to-right position. A value of zero means the object is centered in the scene, negative values place the object to the left, and positive values to the right.\n• Z (Vertical Position): Represents the height of the object\'s center point. Larger values correspond to higher vertical positions.\n\nHere is the JSON containing details about all objects in the scene in the image:\n\n{""camera_location"": [9.915478112284436, 0, 5.34366512298584], ""objects"": [{""name"": ""Object_0"", ""shape"": ""cylinder"", ""size"": 0.351, ""material"": ""rubber"", ""3d_coords"": [-2.3552189178942275, 1.5669382954008868, 0.3499999940395355], ""rotation"": 142.60064697265625}, {""name"": ""Object_1"", ""shape"": ""cube"", ""size"": 0.351, ""material"": ""rubber"", ""3d_coords"": [3.657640995446757, -0.1797719977988197, 0.3499999940395355], ""rotation"": 87.7704086303711}, {""name"": ""Object_2"", ""shape"": ""cone"", ""size"": 0.351, ""material"": ""metal"", ""3d_coords"": [-0.3371564845738526, 2.8053122648321462, 0.3499999940395355], ""rotation"": 23.406627655029297}, {""name"": ""Object_3"", ""shape"": ""sphere"", ""size"": 0.351, ""material"": ""rubber"", ""3d_coords"": [0.7765062641414797, -1.8289825434107936, 0.3499999940395355], ""rotation"": 232.12574768066406}]}\n\nWhat is the color of the object with a rotation of 232.12574768066406?  ASSISTANT:\nassistant\n{""answer"": ""brown""}']",brown,"{""answer"": ""brown""}",4,"user
 USER:  
This image shows a minimalist arrangement of 3D geometric shapes made of different materials and colors. The JSON provided contains information about all objects in the scene, including their name, 3D coordinates (represented as [X, Y, Z]), material (metal = shinny, rubber = matte), and other attributes. 
Your job is to analyze this information, find the object with a rotation of 232.12574768066406, use its attributes to identify which object in the image corresponds to that object, and retrieve its color in the following format: {""answer"": ""COLOR""}
Select your answer from the following options: gray, red, blue, green, brown, purple, cyan, or yellow. Do not add any additional text to your answer, provide your answer always in the following format: {""answer"": ""COLOR""}. 

Understanding the Coordinate System X, Y, Z:
• X (Depth): Represents the depth relative to the camera. Smaller values indicate objects that are farther away.
• Y (Horizontal Position): Represents the left-to-right position. A value of zero means the object is centered in the scene, negative values place the object to the left, and positive values to the right.
• Z (Vertical Position): Represents the height of the object's center point. Larger values correspond to higher vertical positions.

Here is the JSON containing details about all objects in the scene in the image:

{""camera_location"": [9.915478112284436, 0, 5.34366512298584], ""objects"": [{""name"": ""Object_0"", ""shape"": ""cylinder"", ""size"": 0.351, ""material"": ""rubber"", ""3d_coords"": [-2.3552189178942275, 1.5669382954008868, 0.3499999940395355], ""rotation"": 142.60064697265625}, {""name"": ""Object_1"", ""shape"": ""cube"", ""size"": 0.351, ""material"": ""rubber"", ""3d_coords"": [3.657640995446757, -0.1797719977988197, 0.3499999940395355], ""rotation"": 87.7704086303711}, {""name"": ""Object_2"", ""shape"": ""cone"", ""size"": 0.351, ""material"": ""metal"", ""3d_coords"": [-0.3371564845738526, 2.8053122648321462, 0.3499999940395355], ""rotation"": 23.406627655029297}, {""name"": ""Object_3"", ""shape"": ""sphere"", ""size"": 0.351, ""material"": ""rubber"", ""3d_coords"": [0.7765062641414797, -1.8289825434107936, 0.3499999940395355], ""rotation"": 232.12574768066406}]}

What is the color of the object with a rotation of 232.12574768066406?  ASSISTANT:
assistant
{""answer"": ""gray""}",gray,"{""answer"": ""brown""}",4
8,34.84135,61.358814,80.361305,81.86655,77.1846,75.8746,88.32092,63.786945,79.76213,83.520706,77.52746,71.2605,77.90448,82.46594,85.96883,88.86741,93.16653,66.52701,70.17257,75.07064,90.12158,106.632645,106.37537,113.34338,114.27931,119.169426,110.97424,116.89212,119.10994,128.56042,134.74321,139.03268,144.22623,134.04878,113.63892,98.41763,13.902837,Text tokens,3456,4589,"['user\n USER:  \nThis image shows a minimalist arrangement of 3D geometric shapes made of different materials and colors. The JSON provided contains information about all objects in the scene, including their name, 3D coordinates (represented as [X, Y, Z]), material (metal = shinny, rubber = matte), and other attributes. \nYour job is to analyze this information, find the object with a size of 0.7, use its attributes to identify which object in the image corresponds to that object, and retrieve its color in the following format: {""answer"": ""COLOR""}\nSelect your answer from the following options: gray, red, blue, green, brown, purple, cyan, or yellow. Do not add any additional text to your answer, provide your answer always in the following format: {""answer"": ""COLOR""}. \n\nUnderstanding the Coordinate System X, Y, Z:\n• X (Depth): Represents the depth relative to the camera. Smaller values indicate objects that are farther away.\n• Y (Horizontal Position): Represents the left-to-right position. A value of zero means the object is centered in the scene, negative values place the object to the left, and positive values to the right.\n• Z (Vertical Position): Represents the height of the object\'s center point. Larger values correspond to higher vertical positions.\n\nHere is the JSON containing details about all objects in the scene in the image:\n\n{""camera_location"": [9.915478112284436, 0, 5.34366512298584], ""objects"": [{""name"": ""Object_0"", ""shape"": ""cylinder"", ""size"": 0.351, ""material"": ""rubber"", ""3d_coords"": [-3.446815868707599, 0.49101349714508413, 0.3499999940395355], ""rotation"": 276.2140808105469}, {""name"": ""Object_1"", ""shape"": ""cube"", ""size"": 0.351, ""material"": ""rubber"", ""3d_coords"": [0.08797373323654215, -0.587972585849492, 0.3499999940395355], ""rotation"": 244.6030731201172}, {""name"": ""Object_2"", ""shape"": ""cube"", ""size"": 0.351, ""material"": ""metal"", ""3d_coords"": [1.8430990976848145, 0.9086803791781174, 0.3499999940395355], ""rotation"": 252.8525848388672}, {""name"": ""Object_3"", ""shape"": ""cube"", ""size"": 0.701, ""material"": ""metal"", ""3d_coords"": [-0.3911008323149323, 3.2310678358222127, 0.699999988079071], ""rotation"": 61.00957489013672}, {""name"": ""Object_4"", ""shape"": ""cone"", ""size"": 0.7, ""material"": ""rubber"", ""3d_coords"": [-2.0973957199323965, -1.8260851007782561, 0.699999988079071], ""rotation"": 26.510316848754883}, {""name"": ""Object_5"", ""shape"": ""sphere"", ""size"": 0.351, ""material"": ""metal"", ""3d_coords"": [0.494945610865555, -2.829583241246721, 0.3499999940395355], ""rotation"": 275.87396240234375}]}\n\nWhat is the color of the object with a size of 0.7?  ASSISTANT:\nassistant\n{""answer"": ""green""}']",green,"{""answer"": ""green""}",6,"user
 USER:  
This image shows a minimalist arrangement of 3D geometric shapes made of different materials and colors. The JSON provided contains information about all objects in the scene, including their name, 3D coordinates (represented as [X, Y, Z]), material (metal = shinny, rubber = matte), and other attributes. 
Your job is to analyze this information, find the object with a size of 0.7, use its attributes to identify which object in the image corresponds to that object, and retrieve its color in the following format: {""answer"": ""COLOR""}
Select your answer from the following options: gray, red, blue, green, brown, purple, cyan, or yellow. Do not add any additional text to your answer, provide your answer always in the following format: {""answer"": ""COLOR""}. 

Understanding the Coordinate System X, Y, Z:
• X (Depth): Represents the depth relative to the camera. Smaller values indicate objects that are farther away.
• Y (Horizontal Position): Represents the left-to-right position. A value of zero means the object is centered in the scene, negative values place the object to the left, and positive values to the right.
• Z (Vertical Position): Represents the height of the object's center point. Larger values correspond to higher vertical positions.

Here is the JSON containing details about all objects in the scene in the image:

{""camera_location"": [9.915478112284436, 0, 5.34366512298584], ""objects"": [{""name"": ""Object_0"", ""shape"": ""cylinder"", ""size"": 0.351, ""material"": ""rubber"", ""3d_coords"": [-3.446815868707599, 0.49101349714508413, 0.3499999940395355], ""rotation"": 276.2140808105469}, {""name"": ""Object_1"", ""shape"": ""cube"", ""size"": 0.351, ""material"": ""rubber"", ""3d_coords"": [0.08797373323654215, -0.587972585849492, 0.3499999940395355], ""rotation"": 244.6030731201172}, {""name"": ""Object_2"", ""shape"": ""cube"", ""size"": 0.351, ""material"": ""metal"", ""3d_coords"": [1.8430990976848145, 0.9086803791781174, 0.3499999940395355], ""rotation"": 252.8525848388672}, {""name"": ""Object_3"", ""shape"": ""cube"", ""size"": 0.701, ""material"": ""metal"", ""3d_coords"": [-0.3911008323149323, 3.2310678358222127, 0.699999988079071], ""rotation"": 61.00957489013672}, {""name"": ""Object_4"", ""shape"": ""cone"", ""size"": 0.7, ""material"": ""rubber"", ""3d_coords"": [-2.0973957199323965, -1.8260851007782561, 0.699999988079071], ""rotation"": 26.510316848754883}, {""name"": ""Object_5"", ""shape"": ""sphere"", ""size"": 0.351, ""material"": ""metal"", ""3d_coords"": [0.494945610865555, -2.829583241246721, 0.3499999940395355], ""rotation"": 275.87396240234375}]}

What is the color of the object with a size of 0.7?  ASSISTANT:
assistant
{""answer"": ""red""}",red,"{""answer"": ""green""}",6
9,35.87478,63.204567,81.34135,82.17833,77.478455,76.28873,89.09623,51.946415,66.498116,71.50874,67.35953,62.694263,69.155075,73.353905,77.19392,79.97563,83.696846,54.199207,57.78104,62.86708,78.56576,94.583565,94.80341,103.87789,107.67457,112.42756,105.67637,112.400215,114.01364,122.28198,127.4549,131.1517,136.32484,128.17438,110.53585,98.145065,16.647541,Text tokens,260,370,"['user\n USER:  \nThis image shows a minimalist arrangement of 3D geometric shapes made of different materials and colors. The JSON provided contains information about all objects in the scene, including their name, 3D coordinates (represented as [X, Y, Z]), material (metal = shinny, rubber = matte), and other attributes. \nYour job is to identify the purple colored object in the image, match its attributes to identify which of the objects mentioned in the JSON corresponds to that object, and determine its rotation in the following format: {""answer"": ""ROTATION""}\nDo not add any additional text to your answer, provide your answer always in the following format: {""answer"": ""ROTATION""}. \n\nUnderstanding the Coordinate System X, Y, Z:\n• X (Depth): Represents the depth relative to the camera. Smaller values indicate objects that are farther away.\n• Y (Horizontal Position): Represents the left-to-right position. A value of zero means the object is centered in the scene, negative values place the object to the left, and positive values to the right.\n• Z (Vertical Position): Represents the height of the object\'s center point. Larger values correspond to higher vertical positions.\n\nHere is the JSON containing details about all objects in the scene in the image:\n\n{""camera_location"": [9.915478112284436, 0, 5.34366512298584], ""objects"": [{""name"": ""Object_0"", ""shape"": ""cylinder"", ""size"": 0.7, ""material"": ""metal"", ""3d_coords"": [-1.591942043143291, -1.2496840973818253, 0.699999988079071], ""rotation"": 312.8865966796875}, {""name"": ""Object_1"", ""shape"": ""cube"", ""size"": 0.7, ""material"": ""metal"", ""3d_coords"": [0.9189972099466277, 0.02540872099204111, 0.699999988079071], ""rotation"": 270.5379943847656}, {""name"": ""Object_2"", ""shape"": ""cone"", ""size"": 0.351, ""material"": ""metal"", ""3d_coords"": [0.21770528477874906, 1.6116442638476218, 0.3499999940395355], ""rotation"": 218.63015747070312}, {""name"": ""Object_3"", ""shape"": ""cube"", ""size"": 0.351, ""material"": ""rubber"", ""3d_coords"": [2.711817340900719, 1.0510211384077992, 0.3499999940395355], ""rotation"": 209.48934936523438}, {""name"": ""Object_4"", ""shape"": ""sphere"", ""size"": 0.351, ""material"": ""rubber"", ""3d_coords"": [-4.006284979065889, 0.4837366025901044, 0.3499999940395355], ""rotation"": 182.2911376953125}]}\n\nWhat is the rotation value of the purple colored object?  ASSISTANT:\nassistant\n{""answer"": ""182.2911376953125""}']",182.2911376953125,"{""answer"": 182.2911376953125}",5,"user
 USER:  
This image shows a minimalist arrangement of 3D geometric shapes made of different materials and colors. The JSON provided contains information about all objects in the scene, including their name, 3D coordinates (represented as [X, Y, Z]), material (metal = shinny, rubber = matte), and other attributes. 
Your job is to identify the purple colored object in the image, match its attributes to identify which of the objects mentioned in the JSON corresponds to that object, and determine its rotation in the following format: {""answer"": ""ROTATION""}
Do not add any additional text to your answer, provide your answer always in the following format: {""answer"": ""ROTATION""}. 

Understanding the Coordinate System X, Y, Z:
• X (Depth): Represents the depth relative to the camera. Smaller values indicate objects that are farther away.
• Y (Horizontal Position): Represents the left-to-right position. A value of zero means the object is centered in the scene, negative values place the object to the left, and positive values to the right.
• Z (Vertical Position): Represents the height of the object's center point. Larger values correspond to higher vertical positions.

Here is the JSON containing details about all objects in the scene in the image:

{""camera_location"": [9.915478112284436, 0, 5.34366512298584], ""objects"": [{""name"": ""Object_0"", ""shape"": ""cylinder"", ""size"": 0.7, ""material"": ""metal"", ""3d_coords"": [-1.591942043143291, -1.2496840973818253, 0.699999988079071], ""rotation"": 312.8865966796875}, {""name"": ""Object_1"", ""shape"": ""cube"", ""size"": 0.7, ""material"": ""metal"", ""3d_coords"": [0.9189972099466277, 0.02540872099204111, 0.699999988079071], ""rotation"": 270.5379943847656}, {""name"": ""Object_2"", ""shape"": ""cone"", ""size"": 0.351, ""material"": ""metal"", ""3d_coords"": [0.21770528477874906, 1.6116442638476218, 0.3499999940395355], ""rotation"": 218.63015747070312}, {""name"": ""Object_3"", ""shape"": ""cube"", ""size"": 0.351, ""material"": ""rubber"", ""3d_coords"": [2.711817340900719, 1.0510211384077992, 0.3499999940395355], ""rotation"": 209.48934936523438}, {""name"": ""Object_4"", ""shape"": ""sphere"", ""size"": 0.351, ""material"": ""rubber"", ""3d_coords"": [-4.006284979065889, 0.4837366025901044, 0.3499999940395355], ""rotation"": 182.2911376953125}]}

What is the rotation value of the purple colored object?  ASSISTANT:
assistant
{""answer"": ""209.48934936523438""}",209.48934936523438,"{""answer"": 182.2911376953125}",5
10,28.545134,52.37441,70.413635,71.06908,66.66286,64.78403,76.51205,82.44817,97.73634,97.663574,89.060425,80.95498,87.774254,93.92334,97.40504,100.35688,105.77856,89.11561,91.296585,94.10464,107.1274,121.53964,112.34401,116.94915,116.18362,120.320816,107.93328,113.50569,115.25324,125.44539,133.7709,141.03258,148.56276,136.91074,114.96316,95.680786,12.729528,Text tokens,244,346,"['user\n USER:  \nThis image shows a minimalist arrangement of 3D geometric shapes made of different materials and colors. The JSON provided contains information about all objects in the scene, including their name, 3D coordinates (represented as [X, Y, Z]), material (metal = shinny, rubber = matte), and other attributes. \nYour job is to analyze this information, find the object with a rotation of 165.31961059570312, use its attributes to identify which object in the image corresponds to that object, and retrieve its color in the following format: {""answer"": ""COLOR""}\nSelect your answer from the following options: gray, red, blue, green, brown, purple, cyan, or yellow. Do not add any additional text to your answer, provide your answer always in the following format: {""answer"": ""COLOR""}. \n\nUnderstanding the Coordinate System X, Y, Z:\n• X (Depth): Represents the depth relative to the camera. Smaller values indicate objects that are farther away.\n• Y (Horizontal Position): Represents the left-to-right position. A value of zero means the object is centered in the scene, negative values place the object to the left, and positive values to the right.\n• Z (Vertical Position): Represents the height of the object\'s center point. Larger values correspond to higher vertical positions.\n\nHere is the JSON containing details about all objects in the scene in the image:\n\n{""camera_location"": [9.915478112284436, 0, 5.34366512298584], ""objects"": [{""name"": ""Object_0"", ""shape"": ""cylinder"", ""size"": 0.7, ""material"": ""rubber"", ""3d_coords"": [-0.5963509222103384, 0.8555032788134402, 0.699999988079071], ""rotation"": 132.22984313964844}, {""name"": ""Object_1"", ""shape"": ""cube"", ""size"": 0.351, ""material"": ""metal"", ""3d_coords"": [1.9596953268473278, 1.6035558370661513, 0.3499999940395355], ""rotation"": 236.74391174316406}, {""name"": ""Object_2"", ""shape"": ""sphere"", ""size"": 0.351, ""material"": ""metal"", ""3d_coords"": [-0.09404706331348178, -3.6358951907994457, 0.3499999940395355], ""rotation"": 182.56710815429688}, {""name"": ""Object_3"", ""shape"": ""cube"", ""size"": 0.7, ""material"": ""rubber"", ""3d_coords"": [3.572088971725676, -0.8319100495066869, 0.699999988079071], ""rotation"": 165.31961059570312}, {""name"": ""Object_4"", ""shape"": ""cylinder"", ""size"": 0.351, ""material"": ""rubber"", ""3d_coords"": [-1.6291685567126233, -2.4808526061745293, 0.3499999940395355], ""rotation"": 338.7406005859375}, {""name"": ""Object_5"", ""shape"": ""cube"", ""size"": 0.351, ""material"": ""metal"", ""3d_coords"": [-2.919907584340635, 0.28883501029226144, 0.3499999940395355], ""rotation"": 122.74473571777344}, {""name"": ""Object_6"", ""shape"": ""cone"", ""size"": 0.7, ""material"": ""metal"", ""3d_coords"": [0.9624861426391786, 3.320220364933027, 0.699999988079071], ""rotation"": 126.17110443115234}, {""name"": ""Object_7"", ""shape"": ""cylinder"", ""size"": 0.7, ""material"": ""rubber"", ""3d_coords"": [0.32033794700094187, -1.304318842496162, 0.699999988079071], ""rotation"": 256.7774658203125}, {""name"": ""Object_8"", ""shape"": ""cylinder"", ""size"": 0.351, ""material"": ""metal"", ""3d_coords"": [1.558059913609951, -1.9835437383531422, 0.3499999940395355], ""rotation"": 354.0904846191406}, {""name"": ""Object_9"", ""shape"": ""cylinder"", ""size"": 0.351, ""material"": ""metal"", ""3d_coords"": [-1.1460673783001005, 2.8807531222174294, 0.3499999940395355], ""rotation"": 32.034080505371094}]}\n\nWhat is the color of the object with a rotation of 165.31961059570312?  ASSISTANT:\nassistant\n{""answer"": ""gray""}']",gray,"{""answer"": ""blue""}",10,"user
 USER:  
This image shows a minimalist arrangement of 3D geometric shapes made of different materials and colors. The JSON provided contains information about all objects in the scene, including their name, 3D coordinates (represented as [X, Y, Z]), material (metal = shinny, rubber = matte), and other attributes. 
Your job is to analyze this information, find the object with a rotation of 165.31961059570312, use its attributes to identify which object in the image corresponds to that object, and retrieve its color in the following format: {""answer"": ""COLOR""}
Select your answer from the following options: gray, red, blue, green, brown, purple, cyan, or yellow. Do not add any additional text to your answer, provide your answer always in the following format: {""answer"": ""COLOR""}. 

Understanding the Coordinate System X, Y, Z:
• X (Depth): Represents the depth relative to the camera. Smaller values indicate objects that are farther away.
• Y (Horizontal Position): Represents the left-to-right position. A value of zero means the object is centered in the scene, negative values place the object to the left, and positive values to the right.
• Z (Vertical Position): Represents the height of the object's center point. Larger values correspond to higher vertical positions.

Here is the JSON containing details about all objects in the scene in the image:

{""camera_location"": [9.915478112284436, 0, 5.34366512298584], ""objects"": [{""name"": ""Object_0"", ""shape"": ""cylinder"", ""size"": 0.7, ""material"": ""rubber"", ""3d_coords"": [-0.5963509222103384, 0.8555032788134402, 0.699999988079071], ""rotation"": 132.22984313964844}, {""name"": ""Object_1"", ""shape"": ""cube"", ""size"": 0.351, ""material"": ""metal"", ""3d_coords"": [1.9596953268473278, 1.6035558370661513, 0.3499999940395355], ""rotation"": 236.74391174316406}, {""name"": ""Object_2"", ""shape"": ""sphere"", ""size"": 0.351, ""material"": ""metal"", ""3d_coords"": [-0.09404706331348178, -3.6358951907994457, 0.3499999940395355], ""rotation"": 182.56710815429688}, {""name"": ""Object_3"", ""shape"": ""cube"", ""size"": 0.7, ""material"": ""rubber"", ""3d_coords"": [3.572088971725676, -0.8319100495066869, 0.699999988079071], ""rotation"": 165.31961059570312}, {""name"": ""Object_4"", ""shape"": ""cylinder"", ""size"": 0.351, ""material"": ""rubber"", ""3d_coords"": [-1.6291685567126233, -2.4808526061745293, 0.3499999940395355], ""rotation"": 338.7406005859375}, {""name"": ""Object_5"", ""shape"": ""cube"", ""size"": 0.351, ""material"": ""metal"", ""3d_coords"": [-2.919907584340635, 0.28883501029226144, 0.3499999940395355], ""rotation"": 122.74473571777344}, {""name"": ""Object_6"", ""shape"": ""cone"", ""size"": 0.7, ""material"": ""metal"", ""3d_coords"": [0.9624861426391786, 3.320220364933027, 0.699999988079071], ""rotation"": 126.17110443115234}, {""name"": ""Object_7"", ""shape"": ""cylinder"", ""size"": 0.7, ""material"": ""rubber"", ""3d_coords"": [0.32033794700094187, -1.304318842496162, 0.699999988079071], ""rotation"": 256.7774658203125}, {""name"": ""Object_8"", ""shape"": ""cylinder"", ""size"": 0.351, ""material"": ""metal"", ""3d_coords"": [1.558059913609951, -1.9835437383531422, 0.3499999940395355], ""rotation"": 354.0904846191406}, {""name"": ""Object_9"", ""shape"": ""cylinder"", ""size"": 0.351, ""material"": ""metal"", ""3d_coords"": [-1.1460673783001005, 2.8807531222174294, 0.3499999940395355], ""rotation"": 32.034080505371094}]}

What is the color of the object with a rotation of 165.31961059570312?  ASSISTANT:
assistant
{""answer"": ""red""}",red,"{""answer"": ""blue""}",10
11,33.87989,59.656353,77.40523,77.98031,73.119644,71.80094,84.2978,58.704617,73.4109,77.16999,71.83225,66.318756,72.96987,77.70556,81.42715,84.00507,88.0196,59.657864,62.979088,67.218765,82.337265,98.04423,95.73971,104.23385,106.48748,110.56795,102.538025,108.2833,110.20797,119.03126,124.69884,129.6967,135.36589,126.71064,108.58423,94.659904,14.491161,Text tokens,767,1052,"['user\n USER:  \nThis image shows a minimalist arrangement of 3D geometric shapes made of different materials and colors. The JSON provided contains information about all objects in the scene, including their name, 3D coordinates (represented as [X, Y, Z]), material (metal = shinny, rubber = matte), and other attributes. \nYour job is to identify the green colored object in the image, match its attributes to identify which of the objects mentioned in the JSON corresponds to that object, and determine its name in the following format: {""answer"": ""NAME""}\nDo not add any additional text to your answer, provide your answer always in the following format: {""answer"": ""NAME""}. \n\nUnderstanding the Coordinate System X, Y, Z:\n• X (Depth): Represents the depth relative to the camera. Smaller values indicate objects that are farther away.\n• Y (Horizontal Position): Represents the left-to-right position. A value of zero means the object is centered in the scene, negative values place the object to the left, and positive values to the right.\n• Z (Vertical Position): Represents the height of the object\'s center point. Larger values correspond to higher vertical positions.\n\nHere is the JSON containing details about all objects in the scene in the image:\n\n{""camera_location"": [9.915478112284436, 0, 5.34366512298584], ""objects"": [{""name"": ""Object_0"", ""shape"": ""cube"", ""size"": 0.7, ""material"": ""metal"", ""3d_coords"": [-2.6366885926928822, 1.4068235439295704, 0.699999988079071], ""rotation"": 52.96209716796875}, {""name"": ""Object_1"", ""shape"": ""cone"", ""size"": 0.7, ""material"": ""rubber"", ""3d_coords"": [2.014599868522229, -1.8843249357854348, 0.699999988079071], ""rotation"": 64.84207153320312}, {""name"": ""Object_2"", ""shape"": ""cylinder"", ""size"": 0.351, ""material"": ""rubber"", ""3d_coords"": [-1.1145251997780832, -2.9610925303406983, 0.3499999940395355], ""rotation"": 306.3620300292969}, {""name"": ""Object_3"", ""shape"": ""cylinder"", ""size"": 0.7, ""material"": ""metal"", ""3d_coords"": [-3.0675586520596037, -0.8788965394173738, 0.699999988079071], ""rotation"": 211.88417053222656}, {""name"": ""Object_4"", ""shape"": ""cylinder"", ""size"": 0.351, ""material"": ""metal"", ""3d_coords"": [0.35434264486983497, 0.3345610617670085, 0.3499999940395355], ""rotation"": 71.63798522949219}, {""name"": ""Object_5"", ""shape"": ""cone"", ""size"": 0.7, ""material"": ""rubber"", ""3d_coords"": [-0.5104371021398848, 2.614751106687411, 0.699999988079071], ""rotation"": 25.481096267700195}]}\n\nWhat is the name of the green colored object?  ASSISTANT:\nassistant\n{""answer"": ""Object_4""}']",Object_4,"{""answer"": ""Object_4""}",6,"user
 USER:  
This image shows a minimalist arrangement of 3D geometric shapes made of different materials and colors. The JSON provided contains information about all objects in the scene, including their name, 3D coordinates (represented as [X, Y, Z]), material (metal = shinny, rubber = matte), and other attributes. 
Your job is to identify the green colored object in the image, match its attributes to identify which of the objects mentioned in the JSON corresponds to that object, and determine its name in the following format: {""answer"": ""NAME""}
Do not add any additional text to your answer, provide your answer always in the following format: {""answer"": ""NAME""}. 

Understanding the Coordinate System X, Y, Z:
• X (Depth): Represents the depth relative to the camera. Smaller values indicate objects that are farther away.
• Y (Horizontal Position): Represents the left-to-right position. A value of zero means the object is centered in the scene, negative values place the object to the left, and positive values to the right.
• Z (Vertical Position): Represents the height of the object's center point. Larger values correspond to higher vertical positions.

Here is the JSON containing details about all objects in the scene in the image:

{""camera_location"": [9.915478112284436, 0, 5.34366512298584], ""objects"": [{""name"": ""Object_0"", ""shape"": ""cube"", ""size"": 0.7, ""material"": ""metal"", ""3d_coords"": [-2.6366885926928822, 1.4068235439295704, 0.699999988079071], ""rotation"": 52.96209716796875}, {""name"": ""Object_1"", ""shape"": ""cone"", ""size"": 0.7, ""material"": ""rubber"", ""3d_coords"": [2.014599868522229, -1.8843249357854348, 0.699999988079071], ""rotation"": 64.84207153320312}, {""name"": ""Object_2"", ""shape"": ""cylinder"", ""size"": 0.351, ""material"": ""rubber"", ""3d_coords"": [-1.1145251997780832, -2.9610925303406983, 0.3499999940395355], ""rotation"": 306.3620300292969}, {""name"": ""Object_3"", ""shape"": ""cylinder"", ""size"": 0.7, ""material"": ""metal"", ""3d_coords"": [-3.0675586520596037, -0.8788965394173738, 0.699999988079071], ""rotation"": 211.88417053222656}, {""name"": ""Object_4"", ""shape"": ""cylinder"", ""size"": 0.351, ""material"": ""metal"", ""3d_coords"": [0.35434264486983497, 0.3345610617670085, 0.3499999940395355], ""rotation"": 71.63798522949219}, {""name"": ""Object_5"", ""shape"": ""cone"", ""size"": 0.7, ""material"": ""rubber"", ""3d_coords"": [-0.5104371021398848, 2.614751106687411, 0.699999988079071], ""rotation"": 25.481096267700195}]}

What is the name of the green colored object?  ASSISTANT:
assistant
{""answer"": ""Object_5""}",Object_5,"{""answer"": ""Object_4""}",6
12,28.908064,52.64893,69.770424,69.807526,65.4818,63.59473,75.65329,74.60224,89.97331,90.23855,82.98804,75.868126,82.29605,88.22453,92.04909,94.883736,100.00378,78.748116,81.55375,84.43973,98.45955,113.263214,104.7519,110.041504,110.77635,113.941895,102.29643,107.31842,108.589096,117.50921,125.01432,131.35986,137.71478,127.20001,107.479065,90.66908,12.617196,Text tokens,1791,2395,"['user\n USER:  \nThis image shows a minimalist arrangement of 3D geometric shapes made of different materials and colors. The JSON provided contains information about all objects in the scene, including their name, 3D coordinates (represented as [X, Y, Z]), material (metal = shinny, rubber = matte), and other attributes. \nYour job is to identify the sphere in the image, match its attributes to identify which of the objects mentioned in the JSON corresponds to that object, and determine its rotation in the following format: {""answer"": ""ROTATION""}\nDo not add any additional text to your answer, provide your answer always in the following format: {""answer"": ""ROTATION""}. \n\nUnderstanding the Coordinate System X, Y, Z:\n• X (Depth): Represents the depth relative to the camera. Smaller values indicate objects that are farther away.\n• Y (Horizontal Position): Represents the left-to-right position. A value of zero means the object is centered in the scene, negative values place the object to the left, and positive values to the right.\n• Z (Vertical Position): Represents the height of the object\'s center point. Larger values correspond to higher vertical positions.\n\nHere is the JSON containing details about all objects in the scene in the image:\n\n{""camera_location"": [9.915478112284436, 0, 5.34366512298584], ""objects"": [{""name"": ""Object_0"", ""size"": 0.351, ""material"": ""metal"", ""3d_coords"": [-2.372398505046415, -0.39747873069195594, 0.3499999940395355], ""rotation"": 211.63101196289062, ""color"": ""green""}, {""name"": ""Object_1"", ""size"": 0.7, ""material"": ""rubber"", ""3d_coords"": [0.6232362519755055, 0.4957048187076219, 0.699999988079071], ""rotation"": 104.50055694580078, ""color"": ""purple""}, {""name"": ""Object_2"", ""size"": 0.7, ""material"": ""metal"", ""3d_coords"": [-0.8738257055352776, 2.870242792717485, 0.699999988079071], ""rotation"": 315.33099365234375, ""color"": ""yellow""}, {""name"": ""Object_3"", ""size"": 0.351, ""material"": ""metal"", ""3d_coords"": [-0.02248640065592178, -3.1631010984785233, 0.3499999940395355], ""rotation"": 99.96887969970703, ""color"": ""cyan""}, {""name"": ""Object_4"", ""size"": 0.351, ""material"": ""metal"", ""3d_coords"": [1.3184011240790674, -2.7096027164923706, 0.3499999940395355], ""rotation"": 290.90203857421875, ""color"": ""green""}, {""name"": ""Object_5"", ""size"": 0.7, ""material"": ""rubber"", ""3d_coords"": [-1.7561270265643834, -2.0078837814313553, 0.699999988079071], ""rotation"": 343.685791015625, ""color"": ""blue""}, {""name"": ""Object_6"", ""size"": 0.351, ""material"": ""rubber"", ""3d_coords"": [-0.4397722694094792, -1.3267859464288265, 0.3499999940395355], ""rotation"": 287.93170166015625, ""color"": ""brown""}, {""name"": ""Object_7"", ""size"": 0.351, ""material"": ""rubber"", ""3d_coords"": [1.7624547228858733, 2.176969392723907, 0.3499999940395355], ""rotation"": 179.15823364257812, ""color"": ""cyan""}, {""name"": ""Object_8"", ""size"": 0.7, ""material"": ""rubber"", ""3d_coords"": [3.1620595057088092, 0.045002803695253, 0.699999988079071], ""rotation"": 317.5128173828125, ""color"": ""red""}]}\n\nWhat is the rotation value of the sphere?  ASSISTANT:\nassistant\n{""answer"": 287.93170166015625}']",287.93170166015625,"{""answer"": 287.93170166015625}",9,"user
 USER:  
This image shows a minimalist arrangement of 3D geometric shapes made of different materials and colors. The JSON provided contains information about all objects in the scene, including their name, 3D coordinates (represented as [X, Y, Z]), material (metal = shinny, rubber = matte), and other attributes. 
Your job is to identify the sphere in the image, match its attributes to identify which of the objects mentioned in the JSON corresponds to that object, and determine its rotation in the following format: {""answer"": ""ROTATION""}
Do not add any additional text to your answer, provide your answer always in the following format: {""answer"": ""ROTATION""}. 

Understanding the Coordinate System X, Y, Z:
• X (Depth): Represents the depth relative to the camera. Smaller values indicate objects that are farther away.
• Y (Horizontal Position): Represents the left-to-right position. A value of zero means the object is centered in the scene, negative values place the object to the left, and positive values to the right.
• Z (Vertical Position): Represents the height of the object's center point. Larger values correspond to higher vertical positions.

Here is the JSON containing details about all objects in the scene in the image:

{""camera_location"": [9.915478112284436, 0, 5.34366512298584], ""objects"": [{""name"": ""Object_0"", ""size"": 0.351, ""material"": ""metal"", ""3d_coords"": [-2.372398505046415, -0.39747873069195594, 0.3499999940395355], ""rotation"": 211.63101196289062, ""color"": ""green""}, {""name"": ""Object_1"", ""size"": 0.7, ""material"": ""rubber"", ""3d_coords"": [0.6232362519755055, 0.4957048187076219, 0.699999988079071], ""rotation"": 104.50055694580078, ""color"": ""purple""}, {""name"": ""Object_2"", ""size"": 0.7, ""material"": ""metal"", ""3d_coords"": [-0.8738257055352776, 2.870242792717485, 0.699999988079071], ""rotation"": 315.33099365234375, ""color"": ""yellow""}, {""name"": ""Object_3"", ""size"": 0.351, ""material"": ""metal"", ""3d_coords"": [-0.02248640065592178, -3.1631010984785233, 0.3499999940395355], ""rotation"": 99.96887969970703, ""color"": ""cyan""}, {""name"": ""Object_4"", ""size"": 0.351, ""material"": ""metal"", ""3d_coords"": [1.3184011240790674, -2.7096027164923706, 0.3499999940395355], ""rotation"": 290.90203857421875, ""color"": ""green""}, {""name"": ""Object_5"", ""size"": 0.7, ""material"": ""rubber"", ""3d_coords"": [-1.7561270265643834, -2.0078837814313553, 0.699999988079071], ""rotation"": 343.685791015625, ""color"": ""blue""}, {""name"": ""Object_6"", ""size"": 0.351, ""material"": ""rubber"", ""3d_coords"": [-0.4397722694094792, -1.3267859464288265, 0.3499999940395355], ""rotation"": 287.93170166015625, ""color"": ""brown""}, {""name"": ""Object_7"", ""size"": 0.351, ""material"": ""rubber"", ""3d_coords"": [1.7624547228858733, 2.176969392723907, 0.3499999940395355], ""rotation"": 179.15823364257812, ""color"": ""cyan""}, {""name"": ""Object_8"", ""size"": 0.7, ""material"": ""rubber"", ""3d_coords"": [3.1620595057088092, 0.045002803695253, 0.699999988079071], ""rotation"": 317.5128173828125, ""color"": ""red""}]}

What is the rotation value of the sphere?  ASSISTANT:
assistant
{""answer"": ""211.63101196289062""}",211.63101196289062,"{""answer"": 287.93170166015625}",9
13,45.155613,75.83669,95.47278,98.21993,93.581894,93.09307,105.97879,36.034718,48.049896,54.902084,52.89594,49.44188,54.723312,58.17674,62.014484,64.32149,67.47757,64.9728,68.98207,74.70045,89.77327,105.43447,107.06979,114.7267,116.88299,121.65601,117.519066,124.334404,126.37124,133.76096,137.74979,138.7804,142.34962,135.38745,118.830666,106.014275,23.786694,Text tokens,1905,2553,"['user\n USER:  \nThis image shows a minimalist arrangement of 3D geometric shapes made of different materials and colors. The JSON provided contains information about all objects in the scene, including their name, 3D coordinates (represented as [X, Y, Z]), material (metal = shinny, rubber = matte), and other attributes. \nYour job is to analyze this information, find the object with a size of 0.7, use its attributes to identify which object in the image corresponds to that object, and retrieve its shape in the following format: {""answer"": ""SHAPE""}\nSelect your answer from the following options: cylinder, sphere, cone, or cube. Do not add any additional text to your answer, provide your answer always in the following format: {""answer"": ""SHAPE""}. \n\nUnderstanding the Coordinate System X, Y, Z:\n• X (Depth): Represents the depth relative to the camera. Smaller values indicate objects that are farther away.\n• Y (Horizontal Position): Represents the left-to-right position. A value of zero means the object is centered in the scene, negative values place the object to the left, and positive values to the right.\n• Z (Vertical Position): Represents the height of the object\'s center point. Larger values correspond to higher vertical positions.\n\nHere is the JSON containing details about all objects in the scene in the image:\n\n{""camera_location"": [9.915478112284436, 0, 5.34366512298584], ""objects"": [{""name"": ""Object_0"", ""size"": 0.7, ""material"": ""rubber"", ""3d_coords"": [-0.7229361903991207, -2.4494391558322413, 0.699999988079071], ""rotation"": 256.993408203125, ""color"": ""blue""}, {""name"": ""Object_1"", ""size"": 0.351, ""material"": ""metal"", ""3d_coords"": [0.4406416248691593, -0.4636134240217492, 0.3499999940395355], ""rotation"": 86.39359283447266, ""color"": ""cyan""}, {""name"": ""Object_2"", ""size"": 0.351, ""material"": ""metal"", ""3d_coords"": [2.6571181964591464, 1.1475936486582223, 0.3499999940395355], ""rotation"": 337.097900390625, ""color"": ""red""}]}\n\nWhat is the shape of the object with a size of 0.7?  ASSISTANT:\nassistant\n{""answer"": ""cone""}']",cone,"{""answer"": ""cone""}",3,"user
 USER:  
This image shows a minimalist arrangement of 3D geometric shapes made of different materials and colors. The JSON provided contains information about all objects in the scene, including their name, 3D coordinates (represented as [X, Y, Z]), material (metal = shinny, rubber = matte), and other attributes. 
Your job is to analyze this information, find the object with a size of 0.7, use its attributes to identify which object in the image corresponds to that object, and retrieve its shape in the following format: {""answer"": ""SHAPE""}
Select your answer from the following options: cylinder, sphere, cone, or cube. Do not add any additional text to your answer, provide your answer always in the following format: {""answer"": ""SHAPE""}. 

Understanding the Coordinate System X, Y, Z:
• X (Depth): Represents the depth relative to the camera. Smaller values indicate objects that are farther away.
• Y (Horizontal Position): Represents the left-to-right position. A value of zero means the object is centered in the scene, negative values place the object to the left, and positive values to the right.
• Z (Vertical Position): Represents the height of the object's center point. Larger values correspond to higher vertical positions.

Here is the JSON containing details about all objects in the scene in the image:

{""camera_location"": [9.915478112284436, 0, 5.34366512298584], ""objects"": [{""name"": ""Object_0"", ""size"": 0.7, ""material"": ""rubber"", ""3d_coords"": [-0.7229361903991207, -2.4494391558322413, 0.699999988079071], ""rotation"": 256.993408203125, ""color"": ""blue""}, {""name"": ""Object_1"", ""size"": 0.351, ""material"": ""metal"", ""3d_coords"": [0.4406416248691593, -0.4636134240217492, 0.3499999940395355], ""rotation"": 86.39359283447266, ""color"": ""cyan""}, {""name"": ""Object_2"", ""size"": 0.351, ""material"": ""metal"", ""3d_coords"": [2.6571181964591464, 1.1475936486582223, 0.3499999940395355], ""rotation"": 337.097900390625, ""color"": ""red""}]}

What is the shape of the object with a size of 0.7?  ASSISTANT:
assistant
{""answer"": ""cube""}",cube,"{""answer"": ""cone""}",3
14,30.013994,54.14777,71.42801,72.09571,67.49357,65.656265,78.021736,77.23092,93.120964,93.36737,85.02749,77.42708,83.496704,89.38235,92.720146,95.64565,100.48503,80.677025,83.13307,85.963585,100.21873,114.755806,106.62593,111.987434,113.08323,116.39299,104.61157,109.98957,111.63167,121.31731,129.63153,136.39525,143.59943,133.3008,112.809425,95.48376,12.13052,Text tokens,217,304,"['user\n USER:  \nThis image shows a minimalist arrangement of 3D geometric shapes made of different materials and colors. The JSON provided contains information about all objects in the scene, including their name, 3D coordinates (represented as [X, Y, Z]), material (metal = shinny, rubber = matte), and other attributes. \nYour job is to analyze this information, find the object named \'Object_0\', use its attributes to identify which object in the image corresponds to that object, and retrieve its shape in the following format: {""answer"": ""SHAPE""}\nSelect your answer from the following options: cylinder, sphere, cone, or cube. Do not add any additional text to your answer, provide your answer always in the following format: {""answer"": ""SHAPE""}. \n\nUnderstanding the Coordinate System X, Y, Z:\n• X (Depth): Represents the depth relative to the camera. Smaller values indicate objects that are farther away.\n• Y (Horizontal Position): Represents the left-to-right position. A value of zero means the object is centered in the scene, negative values place the object to the left, and positive values to the right.\n• Z (Vertical Position): Represents the height of the object\'s center point. Larger values correspond to higher vertical positions.\n\nHere is the JSON containing details about all objects in the scene in the image:\n\n{""camera_location"": [9.915478112284436, 0, 5.34366512298584], ""objects"": [{""name"": ""Object_0"", ""size"": 0.351, ""material"": ""rubber"", ""3d_coords"": [2.709698080722311, -1.440235361418496, 0.3499999940395355], ""rotation"": 309.60693359375, ""color"": ""yellow""}, {""name"": ""Object_1"", ""size"": 0.7, ""material"": ""rubber"", ""3d_coords"": [-0.6384590216732801, 0.4124965998571457, 0.699999988079071], ""rotation"": 314.451904296875, ""color"": ""yellow""}, {""name"": ""Object_2"", ""size"": 0.701, ""material"": ""rubber"", ""3d_coords"": [0.7390138156754887, -2.7264980674598487, 0.699999988079071], ""rotation"": 110.91935729980469, ""color"": ""cyan""}, {""name"": ""Object_3"", ""size"": 0.701, ""material"": ""rubber"", ""3d_coords"": [-3.244447530119098, -0.8037323196943484, 0.699999988079071], ""rotation"": 41.17438507080078, ""color"": ""gray""}, {""name"": ""Object_4"", ""size"": 0.351, ""material"": ""metal"", ""3d_coords"": [-1.2420418246304212, -2.2994553754845746, 0.3499999940395355], ""rotation"": 171.4700927734375, ""color"": ""red""}, {""name"": ""Object_5"", ""size"": 0.351, ""material"": ""rubber"", ""3d_coords"": [-0.21406908499043587, 3.6610315147846757, 0.3499999940395355], ""rotation"": 126.65029907226562, ""color"": ""blue""}, {""name"": ""Object_6"", ""size"": 0.7, ""material"": ""rubber"", ""3d_coords"": [-2.4429121306997312, 1.5710332858717675, 0.699999988079071], ""rotation"": 18.680837631225586, ""color"": ""green""}, {""name"": ""Object_7"", ""size"": 0.351, ""material"": ""metal"", ""3d_coords"": [1.6869559938138854, 2.284117278151671, 0.3499999940395355], ""rotation"": 94.076171875, ""color"": ""yellow""}, {""name"": ""Object_8"", ""size"": 0.351, ""material"": ""metal"", ""3d_coords"": [-1.7225403608950587, -0.33498221889377644, 0.3499999940395355], ""rotation"": 107.05933380126953, ""color"": ""blue""}]}\n\nWhat is the shape of the object named \'Object_0\'?  ASSISTANT:\nassistant\n{""answer"": ""cylinder""}']",cylinder,"{""answer"": ""cylinder""}",9,"user
 USER:  
This image shows a minimalist arrangement of 3D geometric shapes made of different materials and colors. The JSON provided contains information about all objects in the scene, including their name, 3D coordinates (represented as [X, Y, Z]), material (metal = shinny, rubber = matte), and other attributes. 
Your job is to analyze this information, find the object named 'Object_0', use its attributes to identify which object in the image corresponds to that object, and retrieve its shape in the following format: {""answer"": ""SHAPE""}
Select your answer from the following options: cylinder, sphere, cone, or cube. Do not add any additional text to your answer, provide your answer always in the following format: {""answer"": ""SHAPE""}. 

Understanding the Coordinate System X, Y, Z:
• X (Depth): Represents the depth relative to the camera. Smaller values indicate objects that are farther away.
• Y (Horizontal Position): Represents the left-to-right position. A value of zero means the object is centered in the scene, negative values place the object to the left, and positive values to the right.
• Z (Vertical Position): Represents the height of the object's center point. Larger values correspond to higher vertical positions.

Here is the JSON containing details about all objects in the scene in the image:

{""camera_location"": [9.915478112284436, 0, 5.34366512298584], ""objects"": [{""name"": ""Object_0"", ""size"": 0.351, ""material"": ""rubber"", ""3d_coords"": [2.709698080722311, -1.440235361418496, 0.3499999940395355], ""rotation"": 309.60693359375, ""color"": ""yellow""}, {""name"": ""Object_1"", ""size"": 0.7, ""material"": ""rubber"", ""3d_coords"": [-0.6384590216732801, 0.4124965998571457, 0.699999988079071], ""rotation"": 314.451904296875, ""color"": ""yellow""}, {""name"": ""Object_2"", ""size"": 0.701, ""material"": ""rubber"", ""3d_coords"": [0.7390138156754887, -2.7264980674598487, 0.699999988079071], ""rotation"": 110.91935729980469, ""color"": ""cyan""}, {""name"": ""Object_3"", ""size"": 0.701, ""material"": ""rubber"", ""3d_coords"": [-3.244447530119098, -0.8037323196943484, 0.699999988079071], ""rotation"": 41.17438507080078, ""color"": ""gray""}, {""name"": ""Object_4"", ""size"": 0.351, ""material"": ""metal"", ""3d_coords"": [-1.2420418246304212, -2.2994553754845746, 0.3499999940395355], ""rotation"": 171.4700927734375, ""color"": ""red""}, {""name"": ""Object_5"", ""size"": 0.351, ""material"": ""rubber"", ""3d_coords"": [-0.21406908499043587, 3.6610315147846757, 0.3499999940395355], ""rotation"": 126.65029907226562, ""color"": ""blue""}, {""name"": ""Object_6"", ""size"": 0.7, ""material"": ""rubber"", ""3d_coords"": [-2.4429121306997312, 1.5710332858717675, 0.699999988079071], ""rotation"": 18.680837631225586, ""color"": ""green""}, {""name"": ""Object_7"", ""size"": 0.351, ""material"": ""metal"", ""3d_coords"": [1.6869559938138854, 2.284117278151671, 0.3499999940395355], ""rotation"": 94.076171875, ""color"": ""yellow""}, {""name"": ""Object_8"", ""size"": 0.351, ""material"": ""metal"", ""3d_coords"": [-1.7225403608950587, -0.33498221889377644, 0.3499999940395355], ""rotation"": 107.05933380126953, ""color"": ""blue""}]}

What is the shape of the object named 'Object_0'?  ASSISTANT:
assistant
{""answer"": ""cube""}",cube,"{""answer"": ""cylinder""}",9
15,29.300554,52.782642,69.88266,70.265816,65.8016,64.35311,76.54945,75.67808,91.31026,92.292015,84.12096,77.003,83.93185,89.52585,92.97477,96.27055,101.52882,82.67974,84.99221,87.850624,100.94043,115.69689,107.40708,112.57363,112.09472,115.49685,103.78284,109.192604,110.216644,119.45354,127.35502,133.22194,139.68051,128.77505,108.41562,91.44999,13.282514,Text tokens,1628,2190,"['user\n USER:  \nThis image shows a minimalist arrangement of 3D geometric shapes made of different materials and colors. The JSON provided contains information about all objects in the scene, including their name, 3D coordinates (represented as [X, Y, Z]), material (metal = shinny, rubber = matte), and other attributes. \nYour job is to identify the green colored object in the image, match its attributes to identify which of the objects mentioned in the JSON corresponds to that object, and determine its 3D coordinates in the following format: {""answer"": [X, Y, Z]}\nDo not add any additional text to your answer, provide your answer always in the following format: {""answer"": [X, Y, Z]}. \n\nUnderstanding the Coordinate System X, Y, Z:\n• X (Depth): Represents the depth relative to the camera. Smaller values indicate objects that are farther away.\n• Y (Horizontal Position): Represents the left-to-right position. A value of zero means the object is centered in the scene, negative values place the object to the left, and positive values to the right.\n• Z (Vertical Position): Represents the height of the object\'s center point. Larger values correspond to higher vertical positions.\n\nHere is the JSON containing details about all objects in the scene in the image:\n\n{""camera_location"": [9.915478112284436, 0, 5.34366512298584], ""objects"": [{""name"": ""Object_0"", ""shape"": ""cube"", ""size"": 0.7, ""material"": ""metal"", ""3d_coords"": [1.1267004222382218, 1.8231683790597089, 0.699999988079071], ""rotation"": 16.7275390625}, {""name"": ""Object_1"", ""shape"": ""cube"", ""size"": 0.351, ""material"": ""rubber"", ""3d_coords"": [-1.1304236640784986, 2.822405236940696, 0.3499999940395355], ""rotation"": 161.14205932617188}, {""name"": ""Object_2"", ""shape"": ""cylinder"", ""size"": 0.7, ""material"": ""metal"", ""3d_coords"": [0.4076121100534016, 3.461943479264021, 0.699999988079071], ""rotation"": 172.60667419433594}, {""name"": ""Object_3"", ""shape"": ""cylinder"", ""size"": 0.7, ""material"": ""metal"", ""3d_coords"": [-2.229718809188212, -1.5826300310566999, 0.699999988079071], ""rotation"": 257.14556884765625}, {""name"": ""Object_4"", ""shape"": ""sphere"", ""size"": 0.351, ""material"": ""rubber"", ""3d_coords"": [-0.06781999581971365, -0.9115756806495989, 0.3499999940395355], ""rotation"": 341.6014709472656}, {""name"": ""Object_5"", ""shape"": ""cube"", ""size"": 0.351, ""material"": ""metal"", ""3d_coords"": [-1.5590014841350859, -0.1204632424687877, 0.3499999940395355], ""rotation"": 182.80690002441406}, {""name"": ""Object_6"", ""shape"": ""sphere"", ""size"": 0.351, ""material"": ""rubber"", ""3d_coords"": [-2.916665289872583, 1.034661346462233, 0.3499999940395355], ""rotation"": 305.560302734375}, {""name"": ""Object_7"", ""shape"": ""sphere"", ""size"": 0.351, ""material"": ""metal"", ""3d_coords"": [-4.102307173336684, 0.4056000536439983, 0.3499999940395355], ""rotation"": 0.8873293995857239}, {""name"": ""Object_8"", ""shape"": ""cone"", ""size"": 0.351, ""material"": ""metal"", ""3d_coords"": [-0.630786297988576, -2.5257303393567216, 0.3499999940395355], ""rotation"": 45.06630325317383}]}\n\nWhich are the 3D coordinates of the green colored object?  ASSISTANT:\nassistant\n{""answer"": [-2.229718809188212, -1.5826300310566999, 0.69999']","[-2.229718809188212, -1.5826300310566999, 0.69999","{""answer"": [-2.229718809188212, -1.5826300310566999, 0.699999988079071]}",9,"user
 USER:  
This image shows a minimalist arrangement of 3D geometric shapes made of different materials and colors. The JSON provided contains information about all objects in the scene, including their name, 3D coordinates (represented as [X, Y, Z]), material (metal = shinny, rubber = matte), and other attributes. 
Your job is to identify the green colored object in the image, match its attributes to identify which of the objects mentioned in the JSON corresponds to that object, and determine its 3D coordinates in the following format: {""answer"": [X, Y, Z]}
Do not add any additional text to your answer, provide your answer always in the following format: {""answer"": [X, Y, Z]}. 

Understanding the Coordinate System X, Y, Z:
• X (Depth): Represents the depth relative to the camera. Smaller values indicate objects that are farther away.
• Y (Horizontal Position): Represents the left-to-right position. A value of zero means the object is centered in the scene, negative values place the object to the left, and positive values to the right.
• Z (Vertical Position): Represents the height of the object's center point. Larger values correspond to higher vertical positions.

Here is the JSON containing details about all objects in the scene in the image:

{""camera_location"": [9.915478112284436, 0, 5.34366512298584], ""objects"": [{""name"": ""Object_0"", ""shape"": ""cube"", ""size"": 0.7, ""material"": ""metal"", ""3d_coords"": [1.1267004222382218, 1.8231683790597089, 0.699999988079071], ""rotation"": 16.7275390625}, {""name"": ""Object_1"", ""shape"": ""cube"", ""size"": 0.351, ""material"": ""rubber"", ""3d_coords"": [-1.1304236640784986, 2.822405236940696, 0.3499999940395355], ""rotation"": 161.14205932617188}, {""name"": ""Object_2"", ""shape"": ""cylinder"", ""size"": 0.7, ""material"": ""metal"", ""3d_coords"": [0.4076121100534016, 3.461943479264021, 0.699999988079071], ""rotation"": 172.60667419433594}, {""name"": ""Object_3"", ""shape"": ""cylinder"", ""size"": 0.7, ""material"": ""metal"", ""3d_coords"": [-2.229718809188212, -1.5826300310566999, 0.699999988079071], ""rotation"": 257.14556884765625}, {""name"": ""Object_4"", ""shape"": ""sphere"", ""size"": 0.351, ""material"": ""rubber"", ""3d_coords"": [-0.06781999581971365, -0.9115756806495989, 0.3499999940395355], ""rotation"": 341.6014709472656}, {""name"": ""Object_5"", ""shape"": ""cube"", ""size"": 0.351, ""material"": ""metal"", ""3d_coords"": [-1.5590014841350859, -0.1204632424687877, 0.3499999940395355], ""rotation"": 182.80690002441406}, {""name"": ""Object_6"", ""shape"": ""sphere"", ""size"": 0.351, ""material"": ""rubber"", ""3d_coords"": [-2.916665289872583, 1.034661346462233, 0.3499999940395355], ""rotation"": 305.560302734375}, {""name"": ""Object_7"", ""shape"": ""sphere"", ""size"": 0.351, ""material"": ""metal"", ""3d_coords"": [-4.102307173336684, 0.4056000536439983, 0.3499999940395355], ""rotation"": 0.8873293995857239}, {""name"": ""Object_8"", ""shape"": ""cone"", ""size"": 0.351, ""material"": ""metal"", ""3d_coords"": [-0.630786297988576, -2.5257303393567216, 0.3499999940395355], ""rotation"": 45.06630325317383}]}

Which are the 3D coordinates of the green colored object?  ASSISTANT:
assistant
{""answer"": [1.1267004222382218, 1.8231683790597089, 0.6999","[1.1267004222382218, 1.8231683790597089, 0.6999","{""answer"": [-2.229718809188212, -1.5826300310566999, 0.699999988079071]}",9
16,31.796644,56.954926,74.30299,74.50998,69.95554,68.318016,80.73001,65.061874,80.576454,82.70219,76.49705,70.308014,76.69903,81.51102,84.97909,87.62663,91.99903,76.990036,79.41219,82.516136,96.324,111.554985,105.68404,111.42325,111.441315,114.19494,104.17149,109.34986,110.30901,119.32226,125.544075,130.0035,135.65105,125.86907,105.890396,90.8911,13.219546,Text tokens,3436,4566,"['user\n USER:  \nThis image shows a minimalist arrangement of 3D geometric shapes made of different materials and colors. The JSON provided contains information about all objects in the scene, including their name, 3D coordinates (represented as [X, Y, Z]), material (metal = shinny, rubber = matte), and other attributes. \nYour job is to identify the cylinder in the image, match its attributes to identify which of the objects mentioned in the JSON corresponds to that object, and determine its rotation in the following format: {""answer"": ""ROTATION""}\nDo not add any additional text to your answer, provide your answer always in the following format: {""answer"": ""ROTATION""}. \n\nUnderstanding the Coordinate System X, Y, Z:\n• X (Depth): Represents the depth relative to the camera. Smaller values indicate objects that are farther away.\n• Y (Horizontal Position): Represents the left-to-right position. A value of zero means the object is centered in the scene, negative values place the object to the left, and positive values to the right.\n• Z (Vertical Position): Represents the height of the object\'s center point. Larger values correspond to higher vertical positions.\n\nHere is the JSON containing details about all objects in the scene in the image:\n\n{""camera_location"": [9.915478112284436, 0, 5.34366512298584], ""objects"": [{""name"": ""Object_0"", ""size"": 0.7, ""material"": ""rubber"", ""3d_coords"": [0.9441266640162618, -0.22483856510749234, 0.699999988079071], ""rotation"": 107.11721801757812, ""color"": ""cyan""}, {""name"": ""Object_1"", ""size"": 0.7, ""material"": ""metal"", ""3d_coords"": [-3.722745258241467, 0.3759789649741465, 0.699999988079071], ""rotation"": 24.617082595825195, ""color"": ""blue""}, {""name"": ""Object_2"", ""size"": 0.701, ""material"": ""rubber"", ""3d_coords"": [-0.35222737980262564, -1.7545273289216365, 0.699999988079071], ""rotation"": 328.1737365722656, ""color"": ""brown""}, {""name"": ""Object_3"", ""size"": 0.7, ""material"": ""rubber"", ""3d_coords"": [0.2761092814031165, 3.977669944068631, 0.699999988079071], ""rotation"": 123.37783813476562, ""color"": ""green""}, {""name"": ""Object_4"", ""size"": 0.351, ""material"": ""metal"", ""3d_coords"": [2.4302379401481073, -1.1448305103783136, 0.3499999940395355], ""rotation"": 76.5225830078125, ""color"": ""purple""}, {""name"": ""Object_5"", ""size"": 0.7, ""material"": ""rubber"", ""3d_coords"": [-1.4063884131545423, 1.6972843575742607, 0.699999988079071], ""rotation"": 314.00177001953125, ""color"": ""yellow""}, {""name"": ""Object_6"", ""size"": 0.7, ""material"": ""metal"", ""3d_coords"": [3.0776287614498274, 0.9713124039416563, 0.699999988079071], ""rotation"": 213.0209197998047, ""color"": ""gray""}]}\n\nWhat is the rotation value of the cylinder?  ASSISTANT:\nassistant\n{""answer"": ""213.0209197998047""}']",213.0209197998047,"{""answer"": 213.0209197998047}",7,"user
 USER:  
This image shows a minimalist arrangement of 3D geometric shapes made of different materials and colors. The JSON provided contains information about all objects in the scene, including their name, 3D coordinates (represented as [X, Y, Z]), material (metal = shinny, rubber = matte), and other attributes. 
Your job is to identify the cylinder in the image, match its attributes to identify which of the objects mentioned in the JSON corresponds to that object, and determine its rotation in the following format: {""answer"": ""ROTATION""}
Do not add any additional text to your answer, provide your answer always in the following format: {""answer"": ""ROTATION""}. 

Understanding the Coordinate System X, Y, Z:
• X (Depth): Represents the depth relative to the camera. Smaller values indicate objects that are farther away.
• Y (Horizontal Position): Represents the left-to-right position. A value of zero means the object is centered in the scene, negative values place the object to the left, and positive values to the right.
• Z (Vertical Position): Represents the height of the object's center point. Larger values correspond to higher vertical positions.

Here is the JSON containing details about all objects in the scene in the image:

{""camera_location"": [9.915478112284436, 0, 5.34366512298584], ""objects"": [{""name"": ""Object_0"", ""size"": 0.7, ""material"": ""rubber"", ""3d_coords"": [0.9441266640162618, -0.22483856510749234, 0.699999988079071], ""rotation"": 107.11721801757812, ""color"": ""cyan""}, {""name"": ""Object_1"", ""size"": 0.7, ""material"": ""metal"", ""3d_coords"": [-3.722745258241467, 0.3759789649741465, 0.699999988079071], ""rotation"": 24.617082595825195, ""color"": ""blue""}, {""name"": ""Object_2"", ""size"": 0.701, ""material"": ""rubber"", ""3d_coords"": [-0.35222737980262564, -1.7545273289216365, 0.699999988079071], ""rotation"": 328.1737365722656, ""color"": ""brown""}, {""name"": ""Object_3"", ""size"": 0.7, ""material"": ""rubber"", ""3d_coords"": [0.2761092814031165, 3.977669944068631, 0.699999988079071], ""rotation"": 123.37783813476562, ""color"": ""green""}, {""name"": ""Object_4"", ""size"": 0.351, ""material"": ""metal"", ""3d_coords"": [2.4302379401481073, -1.1448305103783136, 0.3499999940395355], ""rotation"": 76.5225830078125, ""color"": ""purple""}, {""name"": ""Object_5"", ""size"": 0.7, ""material"": ""rubber"", ""3d_coords"": [-1.4063884131545423, 1.6972843575742607, 0.699999988079071], ""rotation"": 314.00177001953125, ""color"": ""yellow""}, {""name"": ""Object_6"", ""size"": 0.7, ""material"": ""metal"", ""3d_coords"": [3.0776287614498274, 0.9713124039416563, 0.699999988079071], ""rotation"": 213.0209197998047, ""color"": ""gray""}]}

What is the rotation value of the cylinder?  ASSISTANT:
assistant
{""answer"": 76.5225830078125}",76.5225830078125,"{""answer"": 213.0209197998047}",7
17,31.540773,56.461845,74.17004,74.8239,70.0475,68.600624,81.3763,66.21385,81.59273,84.15775,77.88469,71.443985,78.30389,83.0915,86.60579,89.41393,93.77885,68.71212,71.800095,75.78305,90.566536,106.60047,102.60738,109.86544,110.99711,115.28084,105.99582,112.131386,113.75916,122.68982,129.84416,135.69508,141.9942,131.80774,111.7231,96.32207,13.70248,Text tokens,1805,2418,"['user\n USER:  \nThis image shows a minimalist arrangement of 3D geometric shapes made of different materials and colors. The JSON provided contains information about all objects in the scene, including their name, 3D coordinates (represented as [X, Y, Z]), material (metal = shinny, rubber = matte), and other attributes. \nYour job is to identify the cyan colored object in the image, match its attributes to identify which of the objects mentioned in the JSON corresponds to that object, and determine its name in the following format: {""answer"": ""NAME""}\nDo not add any additional text to your answer, provide your answer always in the following format: {""answer"": ""NAME""}. \n\nUnderstanding the Coordinate System X, Y, Z:\n• X (Depth): Represents the depth relative to the camera. Smaller values indicate objects that are farther away.\n• Y (Horizontal Position): Represents the left-to-right position. A value of zero means the object is centered in the scene, negative values place the object to the left, and positive values to the right.\n• Z (Vertical Position): Represents the height of the object\'s center point. Larger values correspond to higher vertical positions.\n\nHere is the JSON containing details about all objects in the scene in the image:\n\n{""camera_location"": [9.915478112284436, 0, 5.34366512298584], ""objects"": [{""name"": ""Object_0"", ""shape"": ""cylinder"", ""size"": 0.351, ""material"": ""metal"", ""3d_coords"": [1.9715103467822042, 1.0036172285913458, 0.3499999940395355], ""rotation"": 183.19174194335938}, {""name"": ""Object_1"", ""shape"": ""cube"", ""size"": 0.701, ""material"": ""metal"", ""3d_coords"": [-1.499516598690568, -2.08751141428164, 0.699999988079071], ""rotation"": 254.70333862304688}, {""name"": ""Object_2"", ""shape"": ""sphere"", ""size"": 0.701, ""material"": ""metal"", ""3d_coords"": [-0.5710916076489768, -0.5236323108122478, 0.699999988079071], ""rotation"": 47.61067581176758}, {""name"": ""Object_3"", ""shape"": ""cube"", ""size"": 0.351, ""material"": ""rubber"", ""3d_coords"": [3.021911887929601, -1.1518407531723882, 0.3499999940395355], ""rotation"": 210.48883056640625}, {""name"": ""Object_4"", ""shape"": ""cube"", ""size"": 0.351, ""material"": ""metal"", ""3d_coords"": [0.5625254749245985, -3.164288463488598, 0.3499999940395355], ""rotation"": 296.24273681640625}, {""name"": ""Object_5"", ""shape"": ""cylinder"", ""size"": 0.701, ""material"": ""metal"", ""3d_coords"": [-0.05509519096109283, 1.6308176402778738, 0.699999988079071], ""rotation"": 127.38538360595703}, {""name"": ""Object_6"", ""shape"": ""cone"", ""size"": 0.351, ""material"": ""rubber"", ""3d_coords"": [1.250979583099738, 2.9290185399395225, 0.3499999940395355], ""rotation"": 322.3577575683594}]}\n\nWhat is the name of the cyan colored object?  ASSISTANT:\nassistant\n{""answer"": ""Object_2""}']",Object_2,"{""answer"": ""Object_2""}",7,"user
 USER:  
This image shows a minimalist arrangement of 3D geometric shapes made of different materials and colors. The JSON provided contains information about all objects in the scene, including their name, 3D coordinates (represented as [X, Y, Z]), material (metal = shinny, rubber = matte), and other attributes. 
Your job is to identify the cyan colored object in the image, match its attributes to identify which of the objects mentioned in the JSON corresponds to that object, and determine its name in the following format: {""answer"": ""NAME""}
Do not add any additional text to your answer, provide your answer always in the following format: {""answer"": ""NAME""}. 

Understanding the Coordinate System X, Y, Z:
• X (Depth): Represents the depth relative to the camera. Smaller values indicate objects that are farther away.
• Y (Horizontal Position): Represents the left-to-right position. A value of zero means the object is centered in the scene, negative values place the object to the left, and positive values to the right.
• Z (Vertical Position): Represents the height of the object's center point. Larger values correspond to higher vertical positions.

Here is the JSON containing details about all objects in the scene in the image:

{""camera_location"": [9.915478112284436, 0, 5.34366512298584], ""objects"": [{""name"": ""Object_0"", ""shape"": ""cylinder"", ""size"": 0.351, ""material"": ""metal"", ""3d_coords"": [1.9715103467822042, 1.0036172285913458, 0.3499999940395355], ""rotation"": 183.19174194335938}, {""name"": ""Object_1"", ""shape"": ""cube"", ""size"": 0.701, ""material"": ""metal"", ""3d_coords"": [-1.499516598690568, -2.08751141428164, 0.699999988079071], ""rotation"": 254.70333862304688}, {""name"": ""Object_2"", ""shape"": ""sphere"", ""size"": 0.701, ""material"": ""metal"", ""3d_coords"": [-0.5710916076489768, -0.5236323108122478, 0.699999988079071], ""rotation"": 47.61067581176758}, {""name"": ""Object_3"", ""shape"": ""cube"", ""size"": 0.351, ""material"": ""rubber"", ""3d_coords"": [3.021911887929601, -1.1518407531723882, 0.3499999940395355], ""rotation"": 210.48883056640625}, {""name"": ""Object_4"", ""shape"": ""cube"", ""size"": 0.351, ""material"": ""metal"", ""3d_coords"": [0.5625254749245985, -3.164288463488598, 0.3499999940395355], ""rotation"": 296.24273681640625}, {""name"": ""Object_5"", ""shape"": ""cylinder"", ""size"": 0.701, ""material"": ""metal"", ""3d_coords"": [-0.05509519096109283, 1.6308176402778738, 0.699999988079071], ""rotation"": 127.38538360595703}, {""name"": ""Object_6"", ""shape"": ""cone"", ""size"": 0.351, ""material"": ""rubber"", ""3d_coords"": [1.250979583099738, 2.9290185399395225, 0.3499999940395355], ""rotation"": 322.3577575683594}]}

What is the name of the cyan colored object?  ASSISTANT:
assistant
{""answer"": ""Object_6""}",Object_6,"{""answer"": ""Object_2""}",7
18,33.008392,58.261658,76.64043,77.66184,72.99469,71.75851,84.16237,69.635345,85.17913,87.989265,81.028206,74.778496,81.5034,86.5645,90.039024,93.65626,98.41408,72.83848,76.013115,80.05873,95.42959,111.516365,107.44453,113.95423,114.628426,118.962296,108.74558,114.17707,116.24323,125.574005,132.50925,138.86507,145.54974,135.26305,114.821655,98.652466,13.808618,Text tokens,3679,4881,"['user\n USER:  \nThis image shows a minimalist arrangement of 3D geometric shapes made of different materials and colors. The JSON provided contains information about all objects in the scene, including their name, 3D coordinates (represented as [X, Y, Z]), material (metal = shinny, rubber = matte), and other attributes. \nYour job is to analyze this information, find the object named \'Object_5\', use its attributes to identify which object in the image corresponds to that object, and retrieve its color in the following format: {""answer"": ""COLOR""}\nSelect your answer from the following options: gray, red, blue, green, brown, purple, cyan, or yellow. Do not add any additional text to your answer, provide your answer always in the following format: {""answer"": ""COLOR""}. \n\nUnderstanding the Coordinate System X, Y, Z:\n• X (Depth): Represents the depth relative to the camera. Smaller values indicate objects that are farther away.\n• Y (Horizontal Position): Represents the left-to-right position. A value of zero means the object is centered in the scene, negative values place the object to the left, and positive values to the right.\n• Z (Vertical Position): Represents the height of the object\'s center point. Larger values correspond to higher vertical positions.\n\nHere is the JSON containing details about all objects in the scene in the image:\n\n{""camera_location"": [9.915478112284436, 0, 5.34366512298584], ""objects"": [{""name"": ""Object_0"", ""shape"": ""cube"", ""size"": 0.351, ""material"": ""metal"", ""3d_coords"": [-2.445188500961103, -1.5560055352129516, 0.3499999940395355], ""rotation"": 14.61153507232666}, {""name"": ""Object_1"", ""shape"": ""cube"", ""size"": 0.351, ""material"": ""rubber"", ""3d_coords"": [2.6395974868177556, 1.274716328591265, 0.3499999940395355], ""rotation"": 112.32064056396484}, {""name"": ""Object_2"", ""shape"": ""cylinder"", ""size"": 0.351, ""material"": ""rubber"", ""3d_coords"": [1.7866211566202654, -0.635475506514094, 0.3499999940395355], ""rotation"": 315.68341064453125}, {""name"": ""Object_3"", ""shape"": ""cube"", ""size"": 0.351, ""material"": ""rubber"", ""3d_coords"": [-0.3719451901462727, 3.3669840000063473, 0.3499999940395355], ""rotation"": 35.343406677246094}, {""name"": ""Object_4"", ""shape"": ""sphere"", ""size"": 0.7, ""material"": ""metal"", ""3d_coords"": [-1.6405167219633765, -2.6354780198772754, 0.699999988079071], ""rotation"": 230.78268432617188}, {""name"": ""Object_5"", ""shape"": ""cone"", ""size"": 0.351, ""material"": ""metal"", ""3d_coords"": [0.26265857556830574, -3.351698405404906, 0.3499999940395355], ""rotation"": 192.7850341796875}, {""name"": ""Object_6"", ""shape"": ""cylinder"", ""size"": 0.7, ""material"": ""rubber"", ""3d_coords"": [-1.104184740651302, 0.6638253294955823, 0.699999988079071], ""rotation"": 207.54583740234375}]}\n\nWhat is the color of the object named \'Object_5\'?  ASSISTANT:\nassistant\n{""answer"": ""green""}']",green,"{""answer"": ""green""}",7,"user
 USER:  
This image shows a minimalist arrangement of 3D geometric shapes made of different materials and colors. The JSON provided contains information about all objects in the scene, including their name, 3D coordinates (represented as [X, Y, Z]), material (metal = shinny, rubber = matte), and other attributes. 
Your job is to analyze this information, find the object named 'Object_5', use its attributes to identify which object in the image corresponds to that object, and retrieve its color in the following format: {""answer"": ""COLOR""}
Select your answer from the following options: gray, red, blue, green, brown, purple, cyan, or yellow. Do not add any additional text to your answer, provide your answer always in the following format: {""answer"": ""COLOR""}. 

Understanding the Coordinate System X, Y, Z:
• X (Depth): Represents the depth relative to the camera. Smaller values indicate objects that are farther away.
• Y (Horizontal Position): Represents the left-to-right position. A value of zero means the object is centered in the scene, negative values place the object to the left, and positive values to the right.
• Z (Vertical Position): Represents the height of the object's center point. Larger values correspond to higher vertical positions.

Here is the JSON containing details about all objects in the scene in the image:

{""camera_location"": [9.915478112284436, 0, 5.34366512298584], ""objects"": [{""name"": ""Object_0"", ""shape"": ""cube"", ""size"": 0.351, ""material"": ""metal"", ""3d_coords"": [-2.445188500961103, -1.5560055352129516, 0.3499999940395355], ""rotation"": 14.61153507232666}, {""name"": ""Object_1"", ""shape"": ""cube"", ""size"": 0.351, ""material"": ""rubber"", ""3d_coords"": [2.6395974868177556, 1.274716328591265, 0.3499999940395355], ""rotation"": 112.32064056396484}, {""name"": ""Object_2"", ""shape"": ""cylinder"", ""size"": 0.351, ""material"": ""rubber"", ""3d_coords"": [1.7866211566202654, -0.635475506514094, 0.3499999940395355], ""rotation"": 315.68341064453125}, {""name"": ""Object_3"", ""shape"": ""cube"", ""size"": 0.351, ""material"": ""rubber"", ""3d_coords"": [-0.3719451901462727, 3.3669840000063473, 0.3499999940395355], ""rotation"": 35.343406677246094}, {""name"": ""Object_4"", ""shape"": ""sphere"", ""size"": 0.7, ""material"": ""metal"", ""3d_coords"": [-1.6405167219633765, -2.6354780198772754, 0.699999988079071], ""rotation"": 230.78268432617188}, {""name"": ""Object_5"", ""shape"": ""cone"", ""size"": 0.351, ""material"": ""metal"", ""3d_coords"": [0.26265857556830574, -3.351698405404906, 0.3499999940395355], ""rotation"": 192.7850341796875}, {""name"": ""Object_6"", ""shape"": ""cylinder"", ""size"": 0.7, ""material"": ""rubber"", ""3d_coords"": [-1.104184740651302, 0.6638253294955823, 0.699999988079071], ""rotation"": 207.54583740234375}]}

What is the color of the object named 'Object_5'?  ASSISTANT:
assistant
{""answer"": ""gray""}",gray,"{""answer"": ""green""}",7
19,30.737316,53.989716,72.24032,73.29202,69.35712,67.93075,80.21491,75.91039,92.595375,94.205246,86.38497,78.9516,85.91792,91.46531,95.42563,98.395905,103.758484,80.14911,83.22275,87.08807,101.7162,117.116844,111.151024,116.17264,116.51399,120.94666,110.471565,115.931816,117.32914,126.90135,134.44806,140.83835,147.43434,136.5724,115.83378,99.85277,14.663884,Text tokens,2278,3037,"['user\n USER:  \nThis image shows a minimalist arrangement of 3D geometric shapes made of different materials and colors. The JSON provided contains information about all objects in the scene, including their name, 3D coordinates (represented as [X, Y, Z]), material (metal = shinny, rubber = matte), and other attributes. \nYour job is to analyze this information, find the object with a rotation of 75.78177642822266, use its attributes to identify which object in the image corresponds to that object, and retrieve its color in the following format: {""answer"": ""COLOR""}\nSelect your answer from the following options: gray, red, blue, green, brown, purple, cyan, or yellow. Do not add any additional text to your answer, provide your answer always in the following format: {""answer"": ""COLOR""}. \n\nUnderstanding the Coordinate System X, Y, Z:\n• X (Depth): Represents the depth relative to the camera. Smaller values indicate objects that are farther away.\n• Y (Horizontal Position): Represents the left-to-right position. A value of zero means the object is centered in the scene, negative values place the object to the left, and positive values to the right.\n• Z (Vertical Position): Represents the height of the object\'s center point. Larger values correspond to higher vertical positions.\n\nHere is the JSON containing details about all objects in the scene in the image:\n\n{""camera_location"": [9.915478112284436, 0, 5.34366512298584], ""objects"": [{""name"": ""Object_0"", ""shape"": ""cube"", ""size"": 0.351, ""material"": ""metal"", ""3d_coords"": [-2.5531326245289714, 1.2848999437446484, 0.3499999940395355], ""rotation"": 296.314697265625}, {""name"": ""Object_1"", ""shape"": ""cylinder"", ""size"": 0.7, ""material"": ""metal"", ""3d_coords"": [-0.9599980818788072, 2.633434424017166, 0.699999988079071], ""rotation"": 75.78177642822266}, {""name"": ""Object_2"", ""shape"": ""cone"", ""size"": 0.701, ""material"": ""metal"", ""3d_coords"": [2.8387851629390055, 0.08394451390957447, 0.699999988079071], ""rotation"": 125.53655242919922}, {""name"": ""Object_3"", ""shape"": ""sphere"", ""size"": 0.7, ""material"": ""rubber"", ""3d_coords"": [-2.1289506774633766, -1.4107329099562966, 0.699999988079071], ""rotation"": 227.28489685058594}, {""name"": ""Object_4"", ""shape"": ""cube"", ""size"": 0.7, ""material"": ""rubber"", ""3d_coords"": [-3.9439605297926827, 0.5281433263548074, 0.699999988079071], ""rotation"": 22.532094955444336}, {""name"": ""Object_5"", ""shape"": ""sphere"", ""size"": 0.7, ""material"": ""metal"", ""3d_coords"": [1.2323485742386673, 1.9779332506077625, 0.699999988079071], ""rotation"": 287.2242126464844}, {""name"": ""Object_6"", ""shape"": ""sphere"", ""size"": 0.701, ""material"": ""metal"", ""3d_coords"": [-0.06383135440439136, -3.447260566399846, 0.699999988079071], ""rotation"": 344.1072998046875}, {""name"": ""Object_7"", ""shape"": ""sphere"", ""size"": 0.351, ""material"": ""rubber"", ""3d_coords"": [0.40677580597406626, 3.433592583664887, 0.3499999940395355], ""rotation"": 346.62005615234375}]}\n\nWhat is the color of the object with a rotation of 75.78177642822266?  ASSISTANT:\nassistant\n{""answer"": ""blue""}']",blue,"{""answer"": ""blue""}",8,"user
 USER:  
This image shows a minimalist arrangement of 3D geometric shapes made of different materials and colors. The JSON provided contains information about all objects in the scene, including their name, 3D coordinates (represented as [X, Y, Z]), material (metal = shinny, rubber = matte), and other attributes. 
Your job is to analyze this information, find the object with a rotation of 75.78177642822266, use its attributes to identify which object in the image corresponds to that object, and retrieve its color in the following format: {""answer"": ""COLOR""}
Select your answer from the following options: gray, red, blue, green, brown, purple, cyan, or yellow. Do not add any additional text to your answer, provide your answer always in the following format: {""answer"": ""COLOR""}. 

Understanding the Coordinate System X, Y, Z:
• X (Depth): Represents the depth relative to the camera. Smaller values indicate objects that are farther away.
• Y (Horizontal Position): Represents the left-to-right position. A value of zero means the object is centered in the scene, negative values place the object to the left, and positive values to the right.
• Z (Vertical Position): Represents the height of the object's center point. Larger values correspond to higher vertical positions.

Here is the JSON containing details about all objects in the scene in the image:

{""camera_location"": [9.915478112284436, 0, 5.34366512298584], ""objects"": [{""name"": ""Object_0"", ""shape"": ""cube"", ""size"": 0.351, ""material"": ""metal"", ""3d_coords"": [-2.5531326245289714, 1.2848999437446484, 0.3499999940395355], ""rotation"": 296.314697265625}, {""name"": ""Object_1"", ""shape"": ""cylinder"", ""size"": 0.7, ""material"": ""metal"", ""3d_coords"": [-0.9599980818788072, 2.633434424017166, 0.699999988079071], ""rotation"": 75.78177642822266}, {""name"": ""Object_2"", ""shape"": ""cone"", ""size"": 0.701, ""material"": ""metal"", ""3d_coords"": [2.8387851629390055, 0.08394451390957447, 0.699999988079071], ""rotation"": 125.53655242919922}, {""name"": ""Object_3"", ""shape"": ""sphere"", ""size"": 0.7, ""material"": ""rubber"", ""3d_coords"": [-2.1289506774633766, -1.4107329099562966, 0.699999988079071], ""rotation"": 227.28489685058594}, {""name"": ""Object_4"", ""shape"": ""cube"", ""size"": 0.7, ""material"": ""rubber"", ""3d_coords"": [-3.9439605297926827, 0.5281433263548074, 0.699999988079071], ""rotation"": 22.532094955444336}, {""name"": ""Object_5"", ""shape"": ""sphere"", ""size"": 0.7, ""material"": ""metal"", ""3d_coords"": [1.2323485742386673, 1.9779332506077625, 0.699999988079071], ""rotation"": 287.2242126464844}, {""name"": ""Object_6"", ""shape"": ""sphere"", ""size"": 0.701, ""material"": ""metal"", ""3d_coords"": [-0.06383135440439136, -3.447260566399846, 0.699999988079071], ""rotation"": 344.1072998046875}, {""name"": ""Object_7"", ""shape"": ""sphere"", ""size"": 0.351, ""material"": ""rubber"", ""3d_coords"": [0.40677580597406626, 3.433592583664887, 0.3499999940395355], ""rotation"": 346.62005615234375}]}

What is the color of the object with a rotation of 75.78177642822266?  ASSISTANT:
assistant
{""answer"": ""red""}",red,"{""answer"": ""blue""}",8
20,29.372608,52.98773,70.23139,70.36627,65.39951,63.737995,75.92614,75.40047,90.897385,91.42431,83.42414,76.33679,83.040955,88.678955,91.91071,94.76234,99.80655,77.42107,80.21429,83.37869,97.32216,111.944984,103.898994,109.95963,110.371254,113.9576,102.350105,107.46748,109.03375,118.446266,125.44772,131.57872,138.42839,127.93825,107.63093,92.0319,12.965186,Text tokens,53,64,"['user\n USER:  \nThis image shows a minimalist arrangement of 3D geometric shapes made of different materials and colors. The JSON provided contains information about all objects in the scene, including their name, 3D coordinates (represented as [X, Y, Z]), material (metal = shinny, rubber = matte), and other attributes. \nYour job is to identify the gray colored object in the image, match its attributes to identify which of the objects mentioned in the JSON corresponds to that object, and determine its rotation in the following format: {""answer"": ""ROTATION""}\nDo not add any additional text to your answer, provide your answer always in the following format: {""answer"": ""ROTATION""}. \n\nUnderstanding the Coordinate System X, Y, Z:\n• X (Depth): Represents the depth relative to the camera. Smaller values indicate objects that are farther away.\n• Y (Horizontal Position): Represents the left-to-right position. A value of zero means the object is centered in the scene, negative values place the object to the left, and positive values to the right.\n• Z (Vertical Position): Represents the height of the object\'s center point. Larger values correspond to higher vertical positions.\n\nHere is the JSON containing details about all objects in the scene in the image:\n\n{""camera_location"": [9.915478112284436, 0, 5.34366512298584], ""objects"": [{""name"": ""Object_0"", ""shape"": ""cone"", ""size"": 0.701, ""material"": ""metal"", ""3d_coords"": [-2.2778193362856465, -1.6093739849760187, 0.699999988079071], ""rotation"": 56.63710021972656}, {""name"": ""Object_1"", ""shape"": ""cylinder"", ""size"": 0.7, ""material"": ""rubber"", ""3d_coords"": [0.7564866389478568, 3.1605182904211926, 0.699999988079071], ""rotation"": 211.11355590820312}, {""name"": ""Object_2"", ""shape"": ""cylinder"", ""size"": 0.351, ""material"": ""rubber"", ""3d_coords"": [3.030335189382724, 0.6367029216640572, 0.3499999940395355], ""rotation"": 173.11021423339844}, {""name"": ""Object_3"", ""shape"": ""cube"", ""size"": 0.351, ""material"": ""rubber"", ""3d_coords"": [-1.1013150744206142, -0.6742462953970658, 0.3499999940395355], ""rotation"": 293.5579528808594}, {""name"": ""Object_4"", ""shape"": ""sphere"", ""size"": 0.7, ""material"": ""metal"", ""3d_coords"": [-0.03242299061260745, -3.0150073204698806, 0.699999988079071], ""rotation"": 278.7586669921875}, {""name"": ""Object_5"", ""shape"": ""sphere"", ""size"": 0.351, ""material"": ""rubber"", ""3d_coords"": [-1.539528920201923, 1.4368258208362459, 0.3499999940395355], ""rotation"": 249.6799774169922}, {""name"": ""Object_6"", ""shape"": ""sphere"", ""size"": 0.701, ""material"": ""rubber"", ""3d_coords"": [-3.603400639869795, -0.11707381905353587, 0.699999988079071], ""rotation"": 15.354483604431152}, {""name"": ""Object_7"", ""shape"": ""cylinder"", ""size"": 0.351, ""material"": ""rubber"", ""3d_coords"": [1.7855962776226457, 2.2611515867329586, 0.3499999940395355], ""rotation"": 51.206382751464844}, {""name"": ""Object_8"", ""shape"": ""sphere"", ""size"": 0.7, ""material"": ""metal"", ""3d_coords"": [2.334640530788117, -1.0859925247221103, 0.699999988079071], ""rotation"": 72.93251037597656}]}\n\nWhat is the rotation value of the gray colored object?  ASSISTANT:\nassistant\n{""answer"": ""72.93251037597656""}']",72.93251037597656,"{""answer"": 72.93251037597656}",9,"user
 USER:  
This image shows a minimalist arrangement of 3D geometric shapes made of different materials and colors. The JSON provided contains information about all objects in the scene, including their name, 3D coordinates (represented as [X, Y, Z]), material (metal = shinny, rubber = matte), and other attributes. 
Your job is to identify the gray colored object in the image, match its attributes to identify which of the objects mentioned in the JSON corresponds to that object, and determine its rotation in the following format: {""answer"": ""ROTATION""}
Do not add any additional text to your answer, provide your answer always in the following format: {""answer"": ""ROTATION""}. 

Understanding the Coordinate System X, Y, Z:
• X (Depth): Represents the depth relative to the camera. Smaller values indicate objects that are farther away.
• Y (Horizontal Position): Represents the left-to-right position. A value of zero means the object is centered in the scene, negative values place the object to the left, and positive values to the right.
• Z (Vertical Position): Represents the height of the object's center point. Larger values correspond to higher vertical positions.

Here is the JSON containing details about all objects in the scene in the image:

{""camera_location"": [9.915478112284436, 0, 5.34366512298584], ""objects"": [{""name"": ""Object_0"", ""shape"": ""cone"", ""size"": 0.701, ""material"": ""metal"", ""3d_coords"": [-2.2778193362856465, -1.6093739849760187, 0.699999988079071], ""rotation"": 56.63710021972656}, {""name"": ""Object_1"", ""shape"": ""cylinder"", ""size"": 0.7, ""material"": ""rubber"", ""3d_coords"": [0.7564866389478568, 3.1605182904211926, 0.699999988079071], ""rotation"": 211.11355590820312}, {""name"": ""Object_2"", ""shape"": ""cylinder"", ""size"": 0.351, ""material"": ""rubber"", ""3d_coords"": [3.030335189382724, 0.6367029216640572, 0.3499999940395355], ""rotation"": 173.11021423339844}, {""name"": ""Object_3"", ""shape"": ""cube"", ""size"": 0.351, ""material"": ""rubber"", ""3d_coords"": [-1.1013150744206142, -0.6742462953970658, 0.3499999940395355], ""rotation"": 293.5579528808594}, {""name"": ""Object_4"", ""shape"": ""sphere"", ""size"": 0.7, ""material"": ""metal"", ""3d_coords"": [-0.03242299061260745, -3.0150073204698806, 0.699999988079071], ""rotation"": 278.7586669921875}, {""name"": ""Object_5"", ""shape"": ""sphere"", ""size"": 0.351, ""material"": ""rubber"", ""3d_coords"": [-1.539528920201923, 1.4368258208362459, 0.3499999940395355], ""rotation"": 249.6799774169922}, {""name"": ""Object_6"", ""shape"": ""sphere"", ""size"": 0.701, ""material"": ""rubber"", ""3d_coords"": [-3.603400639869795, -0.11707381905353587, 0.699999988079071], ""rotation"": 15.354483604431152}, {""name"": ""Object_7"", ""shape"": ""cylinder"", ""size"": 0.351, ""material"": ""rubber"", ""3d_coords"": [1.7855962776226457, 2.2611515867329586, 0.3499999940395355], ""rotation"": 51.206382751464844}, {""name"": ""Object_8"", ""shape"": ""sphere"", ""size"": 0.7, ""material"": ""metal"", ""3d_coords"": [2.334640530788117, -1.0859925247221103, 0.699999988079071], ""rotation"": 72.93251037597656}]}

What is the rotation value of the gray colored object?  ASSISTANT:
assistant
{""answer"": 293.5579528808594}",293.5579528808594,"{""answer"": 72.93251037597656}",9
21,32.85649,57.98797,76.16779,77.10717,72.20296,70.55698,82.93652,68.65507,84.329475,86.95093,80.24379,73.723076,80.50924,85.443794,88.91428,92.06144,96.56663,67.660934,70.87756,75.155304,90.47267,106.29601,102.55152,109.82355,111.66477,116.02318,106.704765,112.61299,114.372795,124.37033,131.5562,137.35223,144.14153,134.13318,113.7921,97.41015,14.631403,Text tokens,1307,1766,"['user\n USER:  \nThis image shows a minimalist arrangement of 3D geometric shapes made of different materials and colors. The JSON provided contains information about all objects in the scene, including their name, 3D coordinates (represented as [X, Y, Z]), material (metal = shinny, rubber = matte), and other attributes. \nYour job is to analyze this information, find the object named \'Object_2\', use its attributes to identify which object in the image corresponds to that object, and retrieve its color in the following format: {""answer"": ""COLOR""}\nSelect your answer from the following options: gray, red, blue, green, brown, purple, cyan, or yellow. Do not add any additional text to your answer, provide your answer always in the following format: {""answer"": ""COLOR""}. \n\nUnderstanding the Coordinate System X, Y, Z:\n• X (Depth): Represents the depth relative to the camera. Smaller values indicate objects that are farther away.\n• Y (Horizontal Position): Represents the left-to-right position. A value of zero means the object is centered in the scene, negative values place the object to the left, and positive values to the right.\n• Z (Vertical Position): Represents the height of the object\'s center point. Larger values correspond to higher vertical positions.\n\nHere is the JSON containing details about all objects in the scene in the image:\n\n{""camera_location"": [9.915478112284436, 0, 5.34366512298584], ""objects"": [{""name"": ""Object_0"", ""shape"": ""cone"", ""size"": 0.7, ""material"": ""metal"", ""3d_coords"": [-2.8839351172117005, -0.2536845856104357, 0.699999988079071], ""rotation"": 28.844106674194336}, {""name"": ""Object_1"", ""shape"": ""cylinder"", ""size"": 0.7, ""material"": ""metal"", ""3d_coords"": [1.4344545268755151, -1.4074696284077985, 0.699999988079071], ""rotation"": 340.490478515625}, {""name"": ""Object_2"", ""shape"": ""cube"", ""size"": 0.351, ""material"": ""metal"", ""3d_coords"": [0.39217149138876983, 2.1709943247820096, 0.3499999940395355], ""rotation"": 238.8386993408203}, {""name"": ""Object_3"", ""shape"": ""cone"", ""size"": 0.7, ""material"": ""metal"", ""3d_coords"": [-0.28966501140358325, 3.4754815982173186, 0.699999988079071], ""rotation"": 140.06410217285156}, {""name"": ""Object_4"", ""shape"": ""cube"", ""size"": 0.351, ""material"": ""metal"", ""3d_coords"": [3.2507579782822367, -0.7659305988606258, 0.3499999940395355], ""rotation"": 167.57737731933594}, {""name"": ""Object_5"", ""shape"": ""cone"", ""size"": 0.351, ""material"": ""rubber"", ""3d_coords"": [-2.119971397323962, 1.686120705729722, 0.3499999940395355], ""rotation"": 88.39899444580078}, {""name"": ""Object_6"", ""shape"": ""cube"", ""size"": 0.701, ""material"": ""metal"", ""3d_coords"": [-1.2340097552806468, 0.6285478458156566, 0.699999988079071], ""rotation"": 163.65171813964844}]}\n\nWhat is the color of the object named \'Object_2\'?  ASSISTANT:\nassistant\n{""answer"": ""blue""}']",blue,"{""answer"": ""green""}",7,"user
 USER:  
This image shows a minimalist arrangement of 3D geometric shapes made of different materials and colors. The JSON provided contains information about all objects in the scene, including their name, 3D coordinates (represented as [X, Y, Z]), material (metal = shinny, rubber = matte), and other attributes. 
Your job is to analyze this information, find the object named 'Object_2', use its attributes to identify which object in the image corresponds to that object, and retrieve its color in the following format: {""answer"": ""COLOR""}
Select your answer from the following options: gray, red, blue, green, brown, purple, cyan, or yellow. Do not add any additional text to your answer, provide your answer always in the following format: {""answer"": ""COLOR""}. 

Understanding the Coordinate System X, Y, Z:
• X (Depth): Represents the depth relative to the camera. Smaller values indicate objects that are farther away.
• Y (Horizontal Position): Represents the left-to-right position. A value of zero means the object is centered in the scene, negative values place the object to the left, and positive values to the right.
• Z (Vertical Position): Represents the height of the object's center point. Larger values correspond to higher vertical positions.

Here is the JSON containing details about all objects in the scene in the image:

{""camera_location"": [9.915478112284436, 0, 5.34366512298584], ""objects"": [{""name"": ""Object_0"", ""shape"": ""cone"", ""size"": 0.7, ""material"": ""metal"", ""3d_coords"": [-2.8839351172117005, -0.2536845856104357, 0.699999988079071], ""rotation"": 28.844106674194336}, {""name"": ""Object_1"", ""shape"": ""cylinder"", ""size"": 0.7, ""material"": ""metal"", ""3d_coords"": [1.4344545268755151, -1.4074696284077985, 0.699999988079071], ""rotation"": 340.490478515625}, {""name"": ""Object_2"", ""shape"": ""cube"", ""size"": 0.351, ""material"": ""metal"", ""3d_coords"": [0.39217149138876983, 2.1709943247820096, 0.3499999940395355], ""rotation"": 238.8386993408203}, {""name"": ""Object_3"", ""shape"": ""cone"", ""size"": 0.7, ""material"": ""metal"", ""3d_coords"": [-0.28966501140358325, 3.4754815982173186, 0.699999988079071], ""rotation"": 140.06410217285156}, {""name"": ""Object_4"", ""shape"": ""cube"", ""size"": 0.351, ""material"": ""metal"", ""3d_coords"": [3.2507579782822367, -0.7659305988606258, 0.3499999940395355], ""rotation"": 167.57737731933594}, {""name"": ""Object_5"", ""shape"": ""cone"", ""size"": 0.351, ""material"": ""rubber"", ""3d_coords"": [-2.119971397323962, 1.686120705729722, 0.3499999940395355], ""rotation"": 88.39899444580078}, {""name"": ""Object_6"", ""shape"": ""cube"", ""size"": 0.701, ""material"": ""metal"", ""3d_coords"": [-1.2340097552806468, 0.6285478458156566, 0.699999988079071], ""rotation"": 163.65171813964844}]}

What is the color of the object named 'Object_2'?  ASSISTANT:
assistant
{""answer"": ""gray""}",gray,"{""answer"": ""green""}",7
22,35.621246,62.68756,82.02025,83.51091,79.79858,79.14998,90.6904,53.249146,67.742874,72.83614,69.41412,64.22595,71.1742,75.37822,79.82046,82.55782,87.11327,61.443985,65.892494,71.915665,88.272385,104.76174,108.19412,116.91402,119.982895,126.34973,121.672035,128.14993,129.58276,138.51027,145.05525,148.70502,152.87721,144.01244,125.967834,109.4128,18.080793,Text tokens,3462,4597,"['user\n USER:  \nThis image shows a minimalist arrangement of 3D geometric shapes made of different materials and colors. The JSON provided contains information about all objects in the scene, including their name, 3D coordinates (represented as [X, Y, Z]), material (metal = shinny, rubber = matte), and other attributes. \nYour job is to analyze this information, find the object at coordinates [-1.6205637265514417, -1.6095188497030175, 0.3499999940395355], use its attributes to identify which object in the image corresponds to that object, and retrieve its color in the following format: {""answer"": ""COLOR""}\nSelect your answer from the following options: gray, red, blue, green, brown, purple, cyan, or yellow. Do not add any additional text to your answer, provide your answer always in the following format: {""answer"": ""COLOR""}. \n\nUnderstanding the Coordinate System X, Y, Z:\n• X (Depth): Represents the depth relative to the camera. Smaller values indicate objects that are farther away.\n• Y (Horizontal Position): Represents the left-to-right position. A value of zero means the object is centered in the scene, negative values place the object to the left, and positive values to the right.\n• Z (Vertical Position): Represents the height of the object\'s center point. Larger values correspond to higher vertical positions.\n\nHere is the JSON containing details about all objects in the scene in the image:\n\n{""camera_location"": [9.915478112284436, 0, 5.34366512298584], ""objects"": [{""name"": ""Object_0"", ""shape"": ""cube"", ""size"": 0.351, ""material"": ""rubber"", ""3d_coords"": [0.2692485868464962, 2.6156030522240585, 0.3499999940395355], ""rotation"": 31.759798049926758}, {""name"": ""Object_1"", ""shape"": ""cylinder"", ""size"": 0.351, ""material"": ""metal"", ""3d_coords"": [-1.6205637265514417, -1.6095188497030175, 0.3499999940395355], ""rotation"": 1.592658519744873}, {""name"": ""Object_2"", ""shape"": ""sphere"", ""size"": 0.35, ""material"": ""metal"", ""3d_coords"": [2.361977664529512, -1.0024581030893205, 0.3499999940395355], ""rotation"": 352.219970703125}, {""name"": ""Object_3"", ""shape"": ""cube"", ""size"": 0.351, ""material"": ""metal"", ""3d_coords"": [-0.9183712132778115, 0.1318403097967576, 0.3499999940395355], ""rotation"": 69.93518829345703}]}\n\nWhat is the color of the object at the coordinates [-1.6205637265514417, -1.6095188497030175, 0.3499999940395355]?  ASSISTANT:\nassistant\n{""answer"": ""green""}']",green,"{""answer"": ""green""}",4,"user
 USER:  
This image shows a minimalist arrangement of 3D geometric shapes made of different materials and colors. The JSON provided contains information about all objects in the scene, including their name, 3D coordinates (represented as [X, Y, Z]), material (metal = shinny, rubber = matte), and other attributes. 
Your job is to analyze this information, find the object at coordinates [-1.6205637265514417, -1.6095188497030175, 0.3499999940395355], use its attributes to identify which object in the image corresponds to that object, and retrieve its color in the following format: {""answer"": ""COLOR""}
Select your answer from the following options: gray, red, blue, green, brown, purple, cyan, or yellow. Do not add any additional text to your answer, provide your answer always in the following format: {""answer"": ""COLOR""}. 

Understanding the Coordinate System X, Y, Z:
• X (Depth): Represents the depth relative to the camera. Smaller values indicate objects that are farther away.
• Y (Horizontal Position): Represents the left-to-right position. A value of zero means the object is centered in the scene, negative values place the object to the left, and positive values to the right.
• Z (Vertical Position): Represents the height of the object's center point. Larger values correspond to higher vertical positions.

Here is the JSON containing details about all objects in the scene in the image:

{""camera_location"": [9.915478112284436, 0, 5.34366512298584], ""objects"": [{""name"": ""Object_0"", ""shape"": ""cube"", ""size"": 0.351, ""material"": ""rubber"", ""3d_coords"": [0.2692485868464962, 2.6156030522240585, 0.3499999940395355], ""rotation"": 31.759798049926758}, {""name"": ""Object_1"", ""shape"": ""cylinder"", ""size"": 0.351, ""material"": ""metal"", ""3d_coords"": [-1.6205637265514417, -1.6095188497030175, 0.3499999940395355], ""rotation"": 1.592658519744873}, {""name"": ""Object_2"", ""shape"": ""sphere"", ""size"": 0.35, ""material"": ""metal"", ""3d_coords"": [2.361977664529512, -1.0024581030893205, 0.3499999940395355], ""rotation"": 352.219970703125}, {""name"": ""Object_3"", ""shape"": ""cube"", ""size"": 0.351, ""material"": ""metal"", ""3d_coords"": [-0.9183712132778115, 0.1318403097967576, 0.3499999940395355], ""rotation"": 69.93518829345703}]}

What is the color of the object at the coordinates [-1.6205637265514417, -1.6095188497030175, 0.3499999940395355]?  ASSISTANT:
assistant
{""answer"": ""blue""}",blue,"{""answer"": ""green""}",4
23,30.395815,54.771004,71.918816,72.42684,67.5657,65.958824,78.43651,70.43801,85.99826,88.10635,80.965866,74.36293,80.75866,86.18616,89.71687,92.53345,97.44038,72.588554,75.68031,79.215866,93.77414,109.12634,103.303566,109.529465,110.219894,114.02065,103.510124,109.28683,110.127754,118.9513,126.35714,131.89665,138.03778,127.83459,108.50313,93.093254,14.270089,Text tokens,2787,3695,"['user\n USER:  \nThis image shows a minimalist arrangement of 3D geometric shapes made of different materials and colors. The JSON provided contains information about all objects in the scene, including their name, 3D coordinates (represented as [X, Y, Z]), material (metal = shinny, rubber = matte), and other attributes. \nYour job is to identify the brown colored object in the image, match its attributes to identify which of the objects mentioned in the JSON corresponds to that object, and determine its rotation in the following format: {""answer"": ""ROTATION""}\nDo not add any additional text to your answer, provide your answer always in the following format: {""answer"": ""ROTATION""}. \n\nUnderstanding the Coordinate System X, Y, Z:\n• X (Depth): Represents the depth relative to the camera. Smaller values indicate objects that are farther away.\n• Y (Horizontal Position): Represents the left-to-right position. A value of zero means the object is centered in the scene, negative values place the object to the left, and positive values to the right.\n• Z (Vertical Position): Represents the height of the object\'s center point. Larger values correspond to higher vertical positions.\n\nHere is the JSON containing details about all objects in the scene in the image:\n\n{""camera_location"": [9.915478112284436, 0, 5.34366512298584], ""objects"": [{""name"": ""Object_0"", ""shape"": ""sphere"", ""size"": 0.7, ""material"": ""metal"", ""3d_coords"": [-0.07361999526687302, 1.8722428745253594, 0.699999988079071], ""rotation"": 15.92742919921875}, {""name"": ""Object_1"", ""shape"": ""sphere"", ""size"": 0.351, ""material"": ""metal"", ""3d_coords"": [-2.700051231943594, 0.4616032561715302, 0.3499999940395355], ""rotation"": 164.30142211914062}, {""name"": ""Object_2"", ""shape"": ""cube"", ""size"": 0.7, ""material"": ""metal"", ""3d_coords"": [-1.2432265751953837, -2.495981055345415, 0.699999988079071], ""rotation"": 66.65753173828125}, {""name"": ""Object_3"", ""shape"": ""cube"", ""size"": 0.351, ""material"": ""rubber"", ""3d_coords"": [-1.9022750934629629, -1.2867743830808136, 0.3499999940395355], ""rotation"": 105.78932189941406}, {""name"": ""Object_4"", ""shape"": ""sphere"", ""size"": 0.351, ""material"": ""rubber"", ""3d_coords"": [-0.5099157323377341, -0.18524114604745404, 0.3499999940395355], ""rotation"": 264.9756774902344}, {""name"": ""Object_5"", ""shape"": ""cube"", ""size"": 0.7, ""material"": ""metal"", ""3d_coords"": [0.4048916457016045, 3.489996715421023, 0.699999988079071], ""rotation"": 224.58984375}, {""name"": ""Object_6"", ""shape"": ""cylinder"", ""size"": 0.7, ""material"": ""rubber"", ""3d_coords"": [1.097881859916141, -1.827211128137302, 0.699999988079071], ""rotation"": 357.45440673828125}, {""name"": ""Object_7"", ""shape"": ""sphere"", ""size"": 0.351, ""material"": ""metal"", ""3d_coords"": [2.460918624448298, 1.0509875036163945, 0.3499999940395355], ""rotation"": 187.651611328125}]}\n\nWhat is the rotation value of the brown colored object?  ASSISTANT:\nassistant\n{""answer"": ""357.45440673828125""}']",357.45440673828125,"{""answer"": 224.58984375}",8,"user
 USER:  
This image shows a minimalist arrangement of 3D geometric shapes made of different materials and colors. The JSON provided contains information about all objects in the scene, including their name, 3D coordinates (represented as [X, Y, Z]), material (metal = shinny, rubber = matte), and other attributes. 
Your job is to identify the brown colored object in the image, match its attributes to identify which of the objects mentioned in the JSON corresponds to that object, and determine its rotation in the following format: {""answer"": ""ROTATION""}
Do not add any additional text to your answer, provide your answer always in the following format: {""answer"": ""ROTATION""}. 

Understanding the Coordinate System X, Y, Z:
• X (Depth): Represents the depth relative to the camera. Smaller values indicate objects that are farther away.
• Y (Horizontal Position): Represents the left-to-right position. A value of zero means the object is centered in the scene, negative values place the object to the left, and positive values to the right.
• Z (Vertical Position): Represents the height of the object's center point. Larger values correspond to higher vertical positions.

Here is the JSON containing details about all objects in the scene in the image:

{""camera_location"": [9.915478112284436, 0, 5.34366512298584], ""objects"": [{""name"": ""Object_0"", ""shape"": ""sphere"", ""size"": 0.7, ""material"": ""metal"", ""3d_coords"": [-0.07361999526687302, 1.8722428745253594, 0.699999988079071], ""rotation"": 15.92742919921875}, {""name"": ""Object_1"", ""shape"": ""sphere"", ""size"": 0.351, ""material"": ""metal"", ""3d_coords"": [-2.700051231943594, 0.4616032561715302, 0.3499999940395355], ""rotation"": 164.30142211914062}, {""name"": ""Object_2"", ""shape"": ""cube"", ""size"": 0.7, ""material"": ""metal"", ""3d_coords"": [-1.2432265751953837, -2.495981055345415, 0.699999988079071], ""rotation"": 66.65753173828125}, {""name"": ""Object_3"", ""shape"": ""cube"", ""size"": 0.351, ""material"": ""rubber"", ""3d_coords"": [-1.9022750934629629, -1.2867743830808136, 0.3499999940395355], ""rotation"": 105.78932189941406}, {""name"": ""Object_4"", ""shape"": ""sphere"", ""size"": 0.351, ""material"": ""rubber"", ""3d_coords"": [-0.5099157323377341, -0.18524114604745404, 0.3499999940395355], ""rotation"": 264.9756774902344}, {""name"": ""Object_5"", ""shape"": ""cube"", ""size"": 0.7, ""material"": ""metal"", ""3d_coords"": [0.4048916457016045, 3.489996715421023, 0.699999988079071], ""rotation"": 224.58984375}, {""name"": ""Object_6"", ""shape"": ""cylinder"", ""size"": 0.7, ""material"": ""rubber"", ""3d_coords"": [1.097881859916141, -1.827211128137302, 0.699999988079071], ""rotation"": 357.45440673828125}, {""name"": ""Object_7"", ""shape"": ""sphere"", ""size"": 0.351, ""material"": ""metal"", ""3d_coords"": [2.460918624448298, 1.0509875036163945, 0.3499999940395355], ""rotation"": 187.651611328125}]}

What is the rotation value of the brown colored object?  ASSISTANT:
assistant
{""answer"": ""224.58984375""}",224.58984375,"{""answer"": 224.58984375}",8
24,44.62083,74.42771,93.68365,96.83085,92.34277,91.77492,104.262634,36.03789,47.563812,54.23144,52.43698,48.95617,54.43486,58.04144,62.13596,64.61315,67.922905,65.628685,69.66368,75.28468,90.35756,105.50331,107.77165,114.967384,117.73635,122.0744,118.308815,125.02589,127.669136,135.37692,138.9882,140.93878,144.35442,137.83047,121.2512,108.67394,18.949965,Text tokens,2276,3035,"['user\n USER:  \nThis image shows a minimalist arrangement of 3D geometric shapes made of different materials and colors. The JSON provided contains information about all objects in the scene, including their name, 3D coordinates (represented as [X, Y, Z]), material (metal = shinny, rubber = matte), and other attributes. \nYour job is to analyze this information, find the object named \'Object_1\', use its attributes to identify which object in the image corresponds to that object, and retrieve its shape in the following format: {""answer"": ""SHAPE""}\nSelect your answer from the following options: cylinder, sphere, cone, or cube. Do not add any additional text to your answer, provide your answer always in the following format: {""answer"": ""SHAPE""}. \n\nUnderstanding the Coordinate System X, Y, Z:\n• X (Depth): Represents the depth relative to the camera. Smaller values indicate objects that are farther away.\n• Y (Horizontal Position): Represents the left-to-right position. A value of zero means the object is centered in the scene, negative values place the object to the left, and positive values to the right.\n• Z (Vertical Position): Represents the height of the object\'s center point. Larger values correspond to higher vertical positions.\n\nHere is the JSON containing details about all objects in the scene in the image:\n\n{""camera_location"": [9.915478112284436, 0, 5.34366512298584], ""objects"": [{""name"": ""Object_0"", ""size"": 0.351, ""material"": ""metal"", ""3d_coords"": [0.04394927913947255, 0.6171594319543938, 0.3499999940395355], ""rotation"": 103.81303405761719, ""color"": ""brown""}, {""name"": ""Object_1"", ""size"": 0.351, ""material"": ""rubber"", ""3d_coords"": [1.525246365328825, -0.7400269287732497, 0.3499999940395355], ""rotation"": 199.88343811035156, ""color"": ""cyan""}, {""name"": ""Object_2"", ""size"": 0.351, ""material"": ""rubber"", ""3d_coords"": [-0.3794246517944452, -1.8250792228155683, 0.3499999940395355], ""rotation"": 359.5333251953125, ""color"": ""gray""}]}\n\nWhat is the shape of the object named \'Object_1\'?  ASSISTANT:\nassistant\n{""answer"": ""sphere""}']",sphere,"{""answer"": ""sphere""}",3,"user
 USER:  
This image shows a minimalist arrangement of 3D geometric shapes made of different materials and colors. The JSON provided contains information about all objects in the scene, including their name, 3D coordinates (represented as [X, Y, Z]), material (metal = shinny, rubber = matte), and other attributes. 
Your job is to analyze this information, find the object named 'Object_1', use its attributes to identify which object in the image corresponds to that object, and retrieve its shape in the following format: {""answer"": ""SHAPE""}
Select your answer from the following options: cylinder, sphere, cone, or cube. Do not add any additional text to your answer, provide your answer always in the following format: {""answer"": ""SHAPE""}. 

Understanding the Coordinate System X, Y, Z:
• X (Depth): Represents the depth relative to the camera. Smaller values indicate objects that are farther away.
• Y (Horizontal Position): Represents the left-to-right position. A value of zero means the object is centered in the scene, negative values place the object to the left, and positive values to the right.
• Z (Vertical Position): Represents the height of the object's center point. Larger values correspond to higher vertical positions.

Here is the JSON containing details about all objects in the scene in the image:

{""camera_location"": [9.915478112284436, 0, 5.34366512298584], ""objects"": [{""name"": ""Object_0"", ""size"": 0.351, ""material"": ""metal"", ""3d_coords"": [0.04394927913947255, 0.6171594319543938, 0.3499999940395355], ""rotation"": 103.81303405761719, ""color"": ""brown""}, {""name"": ""Object_1"", ""size"": 0.351, ""material"": ""rubber"", ""3d_coords"": [1.525246365328825, -0.7400269287732497, 0.3499999940395355], ""rotation"": 199.88343811035156, ""color"": ""cyan""}, {""name"": ""Object_2"", ""size"": 0.351, ""material"": ""rubber"", ""3d_coords"": [-0.3794246517944452, -1.8250792228155683, 0.3499999940395355], ""rotation"": 359.5333251953125, ""color"": ""gray""}]}

What is the shape of the object named 'Object_1'?  ASSISTANT:
assistant
{""answer"": ""cone""}",cone,"{""answer"": ""sphere""}",3
25,30.244268,54.5085,72.46049,73.18351,68.48244,66.758125,78.862724,78.35808,94.05721,95.04766,86.840675,79.57446,86.44703,92.06376,95.369774,97.921814,103.36067,81.21322,83.85068,86.90326,100.96753,115.59962,108.03765,114.230606,114.3155,117.98269,106.99896,112.68985,114.30275,123.93,132.0702,138.40437,145.65326,134.6644,114.22925,96.72637,14.638384,Text tokens,1273,1719,"['user\n USER:  \nThis image shows a minimalist arrangement of 3D geometric shapes made of different materials and colors. The JSON provided contains information about all objects in the scene, including their name, 3D coordinates (represented as [X, Y, Z]), material (metal = shinny, rubber = matte), and other attributes. \nYour job is to analyze this information, find the object with a size of 0.701, use its attributes to identify which object in the image corresponds to that object, and retrieve its color in the following format: {""answer"": ""COLOR""}\nSelect your answer from the following options: gray, red, blue, green, brown, purple, cyan, or yellow. Do not add any additional text to your answer, provide your answer always in the following format: {""answer"": ""COLOR""}. \n\nUnderstanding the Coordinate System X, Y, Z:\n• X (Depth): Represents the depth relative to the camera. Smaller values indicate objects that are farther away.\n• Y (Horizontal Position): Represents the left-to-right position. A value of zero means the object is centered in the scene, negative values place the object to the left, and positive values to the right.\n• Z (Vertical Position): Represents the height of the object\'s center point. Larger values correspond to higher vertical positions.\n\nHere is the JSON containing details about all objects in the scene in the image:\n\n{""camera_location"": [9.915478112284436, 0, 5.34366512298584], ""objects"": [{""name"": ""Object_0"", ""shape"": ""cylinder"", ""size"": 0.7, ""material"": ""rubber"", ""3d_coords"": [-0.1606681918080175, 0.7018721599015969, 0.699999988079071], ""rotation"": 346.54864501953125}, {""name"": ""Object_1"", ""shape"": ""cube"", ""size"": 0.351, ""material"": ""rubber"", ""3d_coords"": [-2.367545748014542, -1.3522377104138676, 0.3499999940395355], ""rotation"": 164.09930419921875}, {""name"": ""Object_2"", ""shape"": ""cube"", ""size"": 0.7, ""material"": ""rubber"", ""3d_coords"": [-1.7097698929136345, 2.2686358410078236, 0.699999988079071], ""rotation"": 156.09521484375}, {""name"": ""Object_3"", ""shape"": ""sphere"", ""size"": 0.351, ""material"": ""rubber"", ""3d_coords"": [1.788194284270057, -2.1788770450712565, 0.3499999940395355], ""rotation"": 45.26325607299805}, {""name"": ""Object_4"", ""shape"": ""cylinder"", ""size"": 0.351, ""material"": ""rubber"", ""3d_coords"": [1.346578102516892, -0.7144348966941717, 0.3499999940395355], ""rotation"": 258.3526916503906}, {""name"": ""Object_5"", ""shape"": ""cylinder"", ""size"": 0.701, ""material"": ""rubber"", ""3d_coords"": [-0.8096957061792329, -3.1371075480461075, 0.699999988079071], ""rotation"": 44.271751403808594}, {""name"": ""Object_6"", ""shape"": ""cube"", ""size"": 0.7, ""material"": ""rubber"", ""3d_coords"": [2.6237371395358684, 1.375110532280918, 0.699999988079071], ""rotation"": 356.73760986328125}, {""name"": ""Object_7"", ""shape"": ""cylinder"", ""size"": 0.351, ""material"": ""metal"", ""3d_coords"": [3.6695428963977217, 0.18229497216910828, 0.3499999940395355], ""rotation"": 100.61064910888672}, {""name"": ""Object_8"", ""shape"": ""cone"", ""size"": 0.351, ""material"": ""rubber"", ""3d_coords"": [0.5219128239470097, 3.1775772075921687, 0.3499999940395355], ""rotation"": 161.50157165527344}]}\n\nWhat is the color of the object with a size of 0.701?  ASSISTANT:\nassistant\n{""answer"": ""cyan""}']",cyan,"{""answer"": ""green""}",9,"user
 USER:  
This image shows a minimalist arrangement of 3D geometric shapes made of different materials and colors. The JSON provided contains information about all objects in the scene, including their name, 3D coordinates (represented as [X, Y, Z]), material (metal = shinny, rubber = matte), and other attributes. 
Your job is to analyze this information, find the object with a size of 0.701, use its attributes to identify which object in the image corresponds to that object, and retrieve its color in the following format: {""answer"": ""COLOR""}
Select your answer from the following options: gray, red, blue, green, brown, purple, cyan, or yellow. Do not add any additional text to your answer, provide your answer always in the following format: {""answer"": ""COLOR""}. 

Understanding the Coordinate System X, Y, Z:
• X (Depth): Represents the depth relative to the camera. Smaller values indicate objects that are farther away.
• Y (Horizontal Position): Represents the left-to-right position. A value of zero means the object is centered in the scene, negative values place the object to the left, and positive values to the right.
• Z (Vertical Position): Represents the height of the object's center point. Larger values correspond to higher vertical positions.

Here is the JSON containing details about all objects in the scene in the image:

{""camera_location"": [9.915478112284436, 0, 5.34366512298584], ""objects"": [{""name"": ""Object_0"", ""shape"": ""cylinder"", ""size"": 0.7, ""material"": ""rubber"", ""3d_coords"": [-0.1606681918080175, 0.7018721599015969, 0.699999988079071], ""rotation"": 346.54864501953125}, {""name"": ""Object_1"", ""shape"": ""cube"", ""size"": 0.351, ""material"": ""rubber"", ""3d_coords"": [-2.367545748014542, -1.3522377104138676, 0.3499999940395355], ""rotation"": 164.09930419921875}, {""name"": ""Object_2"", ""shape"": ""cube"", ""size"": 0.7, ""material"": ""rubber"", ""3d_coords"": [-1.7097698929136345, 2.2686358410078236, 0.699999988079071], ""rotation"": 156.09521484375}, {""name"": ""Object_3"", ""shape"": ""sphere"", ""size"": 0.351, ""material"": ""rubber"", ""3d_coords"": [1.788194284270057, -2.1788770450712565, 0.3499999940395355], ""rotation"": 45.26325607299805}, {""name"": ""Object_4"", ""shape"": ""cylinder"", ""size"": 0.351, ""material"": ""rubber"", ""3d_coords"": [1.346578102516892, -0.7144348966941717, 0.3499999940395355], ""rotation"": 258.3526916503906}, {""name"": ""Object_5"", ""shape"": ""cylinder"", ""size"": 0.701, ""material"": ""rubber"", ""3d_coords"": [-0.8096957061792329, -3.1371075480461075, 0.699999988079071], ""rotation"": 44.271751403808594}, {""name"": ""Object_6"", ""shape"": ""cube"", ""size"": 0.7, ""material"": ""rubber"", ""3d_coords"": [2.6237371395358684, 1.375110532280918, 0.699999988079071], ""rotation"": 356.73760986328125}, {""name"": ""Object_7"", ""shape"": ""cylinder"", ""size"": 0.351, ""material"": ""metal"", ""3d_coords"": [3.6695428963977217, 0.18229497216910828, 0.3499999940395355], ""rotation"": 100.61064910888672}, {""name"": ""Object_8"", ""shape"": ""cone"", ""size"": 0.351, ""material"": ""rubber"", ""3d_coords"": [0.5219128239470097, 3.1775772075921687, 0.3499999940395355], ""rotation"": 161.50157165527344}]}

What is the color of the object with a size of 0.701?  ASSISTANT:
assistant
{""answer"": ""gray""}",gray,"{""answer"": ""green""}",9
26,31.77001,56.94325,74.95839,75.49797,70.89358,69.267586,81.69449,67.203804,82.68491,84.63104,78.3146,71.51389,78.1509,83.06916,86.40219,89.08085,93.64448,69.90033,72.9523,76.85059,91.668076,107.05316,101.81035,108.895966,110.39248,113.79873,104.158875,109.78669,111.27919,120.72563,127.533325,132.64296,138.84499,129.01498,109.22286,93.65573,13.123299,Text tokens,1763,2364,"['user\n USER:  \nThis image shows a minimalist arrangement of 3D geometric shapes made of different materials and colors. The JSON provided contains information about all objects in the scene, including their name, 3D coordinates (represented as [X, Y, Z]), material (metal = shinny, rubber = matte), and other attributes. \nYour job is to identify the cone in the image, match its attributes to identify which of the objects mentioned in the JSON corresponds to that object, and determine its 3D coordinates in the following format: {""answer"": [X, Y, Z]}\nDo not add any additional text to your answer, provide your answer always in the following format: {""answer"": [X, Y, Z]}. \n\nUnderstanding the Coordinate System X, Y, Z:\n• X (Depth): Represents the depth relative to the camera. Smaller values indicate objects that are farther away.\n• Y (Horizontal Position): Represents the left-to-right position. A value of zero means the object is centered in the scene, negative values place the object to the left, and positive values to the right.\n• Z (Vertical Position): Represents the height of the object\'s center point. Larger values correspond to higher vertical positions.\n\nHere is the JSON containing details about all objects in the scene in the image:\n\n{""camera_location"": [9.915478112284436, 0, 5.34366512298584], ""objects"": [{""name"": ""Object_0"", ""size"": 0.351, ""material"": ""rubber"", ""3d_coords"": [1.7637049622115026, -2.078359624814423, 0.3499999940395355], ""rotation"": 230.55128479003906, ""color"": ""cyan""}, {""name"": ""Object_1"", ""size"": 0.701, ""material"": ""rubber"", ""3d_coords"": [-0.541677747336774, -0.25762640855916286, 0.699999988079071], ""rotation"": 109.10364532470703, ""color"": ""gray""}, {""name"": ""Object_2"", ""size"": 0.351, ""material"": ""rubber"", ""3d_coords"": [0.9457669489564922, -0.9416399909697161, 0.3499999940395355], ""rotation"": 19.822256088256836, ""color"": ""red""}, {""name"": ""Object_3"", ""size"": 0.7, ""material"": ""metal"", ""3d_coords"": [-1.4870844308204467, 1.8173299038159842, 0.699999988079071], ""rotation"": 345.46905517578125, ""color"": ""green""}, {""name"": ""Object_4"", ""size"": 0.701, ""material"": ""rubber"", ""3d_coords"": [0.06377568583385718, -3.8369737436151885, 0.699999988079071], ""rotation"": 195.95790100097656, ""color"": ""blue""}, {""name"": ""Object_5"", ""size"": 0.7, ""material"": ""rubber"", ""3d_coords"": [-2.8465154139901827, 0.5906719929122008, 0.699999988079071], ""rotation"": 323.02484130859375, ""color"": ""green""}, {""name"": ""Object_6"", ""size"": 0.351, ""material"": ""metal"", ""3d_coords"": [2.7516130061875574, -1.5240810690226496, 0.3499999940395355], ""rotation"": 111.76055145263672, ""color"": ""cyan""}]}\n\nWhich are the 3D coordinates of the cone?  ASSISTANT:\nassistant\n{""answer"": [0.9457669489564922, -0.9416399909697161, 0.3499']","[0.9457669489564922, -0.9416399909697161, 0.3499","{""answer"": [-2.8465154139901827, 0.5906719929122008, 0.699999988079071]}",7,"user
 USER:  
This image shows a minimalist arrangement of 3D geometric shapes made of different materials and colors. The JSON provided contains information about all objects in the scene, including their name, 3D coordinates (represented as [X, Y, Z]), material (metal = shinny, rubber = matte), and other attributes. 
Your job is to identify the cone in the image, match its attributes to identify which of the objects mentioned in the JSON corresponds to that object, and determine its 3D coordinates in the following format: {""answer"": [X, Y, Z]}
Do not add any additional text to your answer, provide your answer always in the following format: {""answer"": [X, Y, Z]}. 

Understanding the Coordinate System X, Y, Z:
• X (Depth): Represents the depth relative to the camera. Smaller values indicate objects that are farther away.
• Y (Horizontal Position): Represents the left-to-right position. A value of zero means the object is centered in the scene, negative values place the object to the left, and positive values to the right.
• Z (Vertical Position): Represents the height of the object's center point. Larger values correspond to higher vertical positions.

Here is the JSON containing details about all objects in the scene in the image:

{""camera_location"": [9.915478112284436, 0, 5.34366512298584], ""objects"": [{""name"": ""Object_0"", ""size"": 0.351, ""material"": ""rubber"", ""3d_coords"": [1.7637049622115026, -2.078359624814423, 0.3499999940395355], ""rotation"": 230.55128479003906, ""color"": ""cyan""}, {""name"": ""Object_1"", ""size"": 0.701, ""material"": ""rubber"", ""3d_coords"": [-0.541677747336774, -0.25762640855916286, 0.699999988079071], ""rotation"": 109.10364532470703, ""color"": ""gray""}, {""name"": ""Object_2"", ""size"": 0.351, ""material"": ""rubber"", ""3d_coords"": [0.9457669489564922, -0.9416399909697161, 0.3499999940395355], ""rotation"": 19.822256088256836, ""color"": ""red""}, {""name"": ""Object_3"", ""size"": 0.7, ""material"": ""metal"", ""3d_coords"": [-1.4870844308204467, 1.8173299038159842, 0.699999988079071], ""rotation"": 345.46905517578125, ""color"": ""green""}, {""name"": ""Object_4"", ""size"": 0.701, ""material"": ""rubber"", ""3d_coords"": [0.06377568583385718, -3.8369737436151885, 0.699999988079071], ""rotation"": 195.95790100097656, ""color"": ""blue""}, {""name"": ""Object_5"", ""size"": 0.7, ""material"": ""rubber"", ""3d_coords"": [-2.8465154139901827, 0.5906719929122008, 0.699999988079071], ""rotation"": 323.02484130859375, ""color"": ""green""}, {""name"": ""Object_6"", ""size"": 0.351, ""material"": ""metal"", ""3d_coords"": [2.7516130061875574, -1.5240810690226496, 0.3499999940395355], ""rotation"": 111.76055145263672, ""color"": ""cyan""}]}

Which are the 3D coordinates of the cone?  ASSISTANT:
assistant
{""answer"": [1.7637049622115026, -2.078359624814423, 0.34999","[1.7637049622115026, -2.078359624814423, 0.34999","{""answer"": [-2.8465154139901827, 0.5906719929122008, 0.699999988079071]}",7
27,29.394024,54.228123,72.53914,73.45005,69.124115,67.324684,79.438515,79.49551,95.4554,95.78148,87.58589,79.67504,86.14663,92.34814,96.23296,99.09513,104.7055,83.66719,86.04285,88.728386,102.652855,117.57427,108.91487,114.05812,115.10764,118.933716,107.49225,112.653915,113.95608,123.644554,131.79198,138.44014,145.31859,134.44972,113.907074,95.195114,13.898357,Text tokens,2757,3652,"['user\n USER:  \nThis image shows a minimalist arrangement of 3D geometric shapes made of different materials and colors. The JSON provided contains information about all objects in the scene, including their name, 3D coordinates (represented as [X, Y, Z]), material (metal = shinny, rubber = matte), and other attributes. \nYour job is to analyze this information, find the object with a rotation of 127.015380859375, use its attributes to identify which object in the image corresponds to that object, and retrieve its shape in the following format: {""answer"": ""SHAPE""}\nSelect your answer from the following options: cylinder, sphere, cone, or cube. Do not add any additional text to your answer, provide your answer always in the following format: {""answer"": ""SHAPE""}. \n\nUnderstanding the Coordinate System X, Y, Z:\n• X (Depth): Represents the depth relative to the camera. Smaller values indicate objects that are farther away.\n• Y (Horizontal Position): Represents the left-to-right position. A value of zero means the object is centered in the scene, negative values place the object to the left, and positive values to the right.\n• Z (Vertical Position): Represents the height of the object\'s center point. Larger values correspond to higher vertical positions.\n\nHere is the JSON containing details about all objects in the scene in the image:\n\n{""camera_location"": [9.915478112284436, 0, 5.34366512298584], ""objects"": [{""name"": ""Object_0"", ""size"": 0.351, ""material"": ""rubber"", ""3d_coords"": [0.64358728194546, 1.4017654924554899, 0.3499999940395355], ""rotation"": 74.52092742919922, ""color"": ""yellow""}, {""name"": ""Object_1"", ""size"": 0.351, ""material"": ""metal"", ""3d_coords"": [-2.8130710752401447, -0.29763037993608554, 0.3499999940395355], ""rotation"": 271.9960632324219, ""color"": ""purple""}, {""name"": ""Object_2"", ""size"": 0.7, ""material"": ""rubber"", ""3d_coords"": [2.7184234573813413, -0.8782292313301926, 0.699999988079071], ""rotation"": 102.63001251220703, ""color"": ""cyan""}, {""name"": ""Object_3"", ""size"": 0.351, ""material"": ""metal"", ""3d_coords"": [-2.092079725241204, -1.3481793102738768, 0.3499999940395355], ""rotation"": 72.73233032226562, ""color"": ""yellow""}, {""name"": ""Object_4"", ""size"": 0.351, ""material"": ""rubber"", ""3d_coords"": [-1.2502468148813555, 2.564259059898659, 0.3499999940395355], ""rotation"": 94.24529266357422, ""color"": ""green""}, {""name"": ""Object_5"", ""size"": 0.351, ""material"": ""rubber"", ""3d_coords"": [-0.48081596024065126, 0.8887716490911104, 0.3499999940395355], ""rotation"": 200.69154357910156, ""color"": ""blue""}, {""name"": ""Object_6"", ""size"": 0.351, ""material"": ""rubber"", ""3d_coords"": [1.688507070051415, -1.8242689437502806, 0.3499999940395355], ""rotation"": 266.36572265625, ""color"": ""brown""}, {""name"": ""Object_7"", ""size"": 0.351, ""material"": ""rubber"", ""3d_coords"": [-3.9790485301104432, 0.3474424102617424, 0.3499999940395355], ""rotation"": 127.015380859375, ""color"": ""gray""}, {""name"": ""Object_8"", ""size"": 0.7, ""material"": ""metal"", ""3d_coords"": [0.016606569178203356, -2.9589752129856057, 0.699999988079071], ""rotation"": 21.311233520507812, ""color"": ""red""}]}\n\nWhat is the shape of the object with a rotation of 127.015380859375?  ASSISTANT:\nassistant\n{""answer"": ""cube""}']",cube,"{""answer"": ""cube""}",9,"user
 USER:  
This image shows a minimalist arrangement of 3D geometric shapes made of different materials and colors. The JSON provided contains information about all objects in the scene, including their name, 3D coordinates (represented as [X, Y, Z]), material (metal = shinny, rubber = matte), and other attributes. 
Your job is to analyze this information, find the object with a rotation of 127.015380859375, use its attributes to identify which object in the image corresponds to that object, and retrieve its shape in the following format: {""answer"": ""SHAPE""}
Select your answer from the following options: cylinder, sphere, cone, or cube. Do not add any additional text to your answer, provide your answer always in the following format: {""answer"": ""SHAPE""}. 

Understanding the Coordinate System X, Y, Z:
• X (Depth): Represents the depth relative to the camera. Smaller values indicate objects that are farther away.
• Y (Horizontal Position): Represents the left-to-right position. A value of zero means the object is centered in the scene, negative values place the object to the left, and positive values to the right.
• Z (Vertical Position): Represents the height of the object's center point. Larger values correspond to higher vertical positions.

Here is the JSON containing details about all objects in the scene in the image:

{""camera_location"": [9.915478112284436, 0, 5.34366512298584], ""objects"": [{""name"": ""Object_0"", ""size"": 0.351, ""material"": ""rubber"", ""3d_coords"": [0.64358728194546, 1.4017654924554899, 0.3499999940395355], ""rotation"": 74.52092742919922, ""color"": ""yellow""}, {""name"": ""Object_1"", ""size"": 0.351, ""material"": ""metal"", ""3d_coords"": [-2.8130710752401447, -0.29763037993608554, 0.3499999940395355], ""rotation"": 271.9960632324219, ""color"": ""purple""}, {""name"": ""Object_2"", ""size"": 0.7, ""material"": ""rubber"", ""3d_coords"": [2.7184234573813413, -0.8782292313301926, 0.699999988079071], ""rotation"": 102.63001251220703, ""color"": ""cyan""}, {""name"": ""Object_3"", ""size"": 0.351, ""material"": ""metal"", ""3d_coords"": [-2.092079725241204, -1.3481793102738768, 0.3499999940395355], ""rotation"": 72.73233032226562, ""color"": ""yellow""}, {""name"": ""Object_4"", ""size"": 0.351, ""material"": ""rubber"", ""3d_coords"": [-1.2502468148813555, 2.564259059898659, 0.3499999940395355], ""rotation"": 94.24529266357422, ""color"": ""green""}, {""name"": ""Object_5"", ""size"": 0.351, ""material"": ""rubber"", ""3d_coords"": [-0.48081596024065126, 0.8887716490911104, 0.3499999940395355], ""rotation"": 200.69154357910156, ""color"": ""blue""}, {""name"": ""Object_6"", ""size"": 0.351, ""material"": ""rubber"", ""3d_coords"": [1.688507070051415, -1.8242689437502806, 0.3499999940395355], ""rotation"": 266.36572265625, ""color"": ""brown""}, {""name"": ""Object_7"", ""size"": 0.351, ""material"": ""rubber"", ""3d_coords"": [-3.9790485301104432, 0.3474424102617424, 0.3499999940395355], ""rotation"": 127.015380859375, ""color"": ""gray""}, {""name"": ""Object_8"", ""size"": 0.7, ""material"": ""metal"", ""3d_coords"": [0.016606569178203356, -2.9589752129856057, 0.699999988079071], ""rotation"": 21.311233520507812, ""color"": ""red""}]}

What is the shape of the object with a rotation of 127.015380859375?  ASSISTANT:
assistant
{""answer"": ""sphere""}",sphere,"{""answer"": ""cube""}",9
28,27.742933,50.71041,67.59747,67.70215,63.31938,61.228954,73.34006,77.60043,92.91532,92.18939,84.1352,76.25137,82.49372,88.47743,91.62105,94.358376,99.91483,81.52944,83.762566,86.36836,99.30846,112.89493,103.10293,108.042656,108.603134,111.65109,99.38436,104.05225,105.57649,114.93253,122.811874,129.54922,136.48463,125.59893,105.07747,87.69902,11.500112,Text tokens,837,1152,"['user\n USER:  \nThis image shows a minimalist arrangement of 3D geometric shapes made of different materials and colors. The JSON provided contains information about all objects in the scene, including their name, 3D coordinates (represented as [X, Y, Z]), material (metal = shinny, rubber = matte), and other attributes. \nYour job is to identify the cone in the image, match its attributes to identify which of the objects mentioned in the JSON corresponds to that object, and determine its rotation in the following format: {""answer"": ""ROTATION""}\nDo not add any additional text to your answer, provide your answer always in the following format: {""answer"": ""ROTATION""}. \n\nUnderstanding the Coordinate System X, Y, Z:\n• X (Depth): Represents the depth relative to the camera. Smaller values indicate objects that are farther away.\n• Y (Horizontal Position): Represents the left-to-right position. A value of zero means the object is centered in the scene, negative values place the object to the left, and positive values to the right.\n• Z (Vertical Position): Represents the height of the object\'s center point. Larger values correspond to higher vertical positions.\n\nHere is the JSON containing details about all objects in the scene in the image:\n\n{""camera_location"": [9.915478112284436, 0, 5.34366512298584], ""objects"": [{""name"": ""Object_0"", ""size"": 0.701, ""material"": ""rubber"", ""3d_coords"": [1.2623137074708397, -1.764611023304337, 0.699999988079071], ""rotation"": 10.289356231689453, ""color"": ""gray""}, {""name"": ""Object_1"", ""size"": 0.351, ""material"": ""metal"", ""3d_coords"": [-0.8455590493594192, 1.8016953941616474, 0.3499999940395355], ""rotation"": 148.09388732910156, ""color"": ""green""}, {""name"": ""Object_2"", ""size"": 0.7, ""material"": ""rubber"", ""3d_coords"": [0.3787945202740741, 3.400004039196693, 0.699999988079071], ""rotation"": 307.0750427246094, ""color"": ""cyan""}, {""name"": ""Object_3"", ""size"": 0.351, ""material"": ""metal"", ""3d_coords"": [3.166490711433788, -0.6398373975452669, 0.3499999940395355], ""rotation"": 157.10389709472656, ""color"": ""gray""}, {""name"": ""Object_4"", ""size"": 0.351, ""material"": ""metal"", ""3d_coords"": [-1.3460153939348938, -1.2371774169418364, 0.3499999940395355], ""rotation"": 20.614009857177734, ""color"": ""gray""}, {""name"": ""Object_5"", ""size"": 0.7, ""material"": ""metal"", ""3d_coords"": [-2.246249245483622, 1.2755204541752871, 0.699999988079071], ""rotation"": 65.9312973022461, ""color"": ""brown""}, {""name"": ""Object_6"", ""size"": 0.701, ""material"": ""rubber"", ""3d_coords"": [-3.802711677282304, 0.5242873265356542, 0.699999988079071], ""rotation"": 299.12249755859375, ""color"": ""gray""}, {""name"": ""Object_7"", ""size"": 0.351, ""material"": ""rubber"", ""3d_coords"": [2.307594360606601, 0.04023323388212274, 0.3499999940395355], ""rotation"": 198.58226013183594, ""color"": ""purple""}, {""name"": ""Object_8"", ""size"": 0.351, ""material"": ""rubber"", ""3d_coords"": [-1.7609990793500403, -2.4356283987918985, 0.3499999940395355], ""rotation"": 353.67010498046875, ""color"": ""purple""}, {""name"": ""Object_9"", ""size"": 0.351, ""material"": ""rubber"", ""3d_coords"": [-0.16957971923016824, -3.6798121597456452, 0.3499999940395355], ""rotation"": 51.82205581665039, ""color"": ""blue""}]}\n\nWhat is the rotation value of the cone?  ASSISTANT:\nassistant\n{""answer"": ""353.67010498046875""}']",353.67010498046875,"{""answer"": 353.67010498046875}",10,"user
 USER:  
This image shows a minimalist arrangement of 3D geometric shapes made of different materials and colors. The JSON provided contains information about all objects in the scene, including their name, 3D coordinates (represented as [X, Y, Z]), material (metal = shinny, rubber = matte), and other attributes. 
Your job is to identify the cone in the image, match its attributes to identify which of the objects mentioned in the JSON corresponds to that object, and determine its rotation in the following format: {""answer"": ""ROTATION""}
Do not add any additional text to your answer, provide your answer always in the following format: {""answer"": ""ROTATION""}. 

Understanding the Coordinate System X, Y, Z:
• X (Depth): Represents the depth relative to the camera. Smaller values indicate objects that are farther away.
• Y (Horizontal Position): Represents the left-to-right position. A value of zero means the object is centered in the scene, negative values place the object to the left, and positive values to the right.
• Z (Vertical Position): Represents the height of the object's center point. Larger values correspond to higher vertical positions.

Here is the JSON containing details about all objects in the scene in the image:

{""camera_location"": [9.915478112284436, 0, 5.34366512298584], ""objects"": [{""name"": ""Object_0"", ""size"": 0.701, ""material"": ""rubber"", ""3d_coords"": [1.2623137074708397, -1.764611023304337, 0.699999988079071], ""rotation"": 10.289356231689453, ""color"": ""gray""}, {""name"": ""Object_1"", ""size"": 0.351, ""material"": ""metal"", ""3d_coords"": [-0.8455590493594192, 1.8016953941616474, 0.3499999940395355], ""rotation"": 148.09388732910156, ""color"": ""green""}, {""name"": ""Object_2"", ""size"": 0.7, ""material"": ""rubber"", ""3d_coords"": [0.3787945202740741, 3.400004039196693, 0.699999988079071], ""rotation"": 307.0750427246094, ""color"": ""cyan""}, {""name"": ""Object_3"", ""size"": 0.351, ""material"": ""metal"", ""3d_coords"": [3.166490711433788, -0.6398373975452669, 0.3499999940395355], ""rotation"": 157.10389709472656, ""color"": ""gray""}, {""name"": ""Object_4"", ""size"": 0.351, ""material"": ""metal"", ""3d_coords"": [-1.3460153939348938, -1.2371774169418364, 0.3499999940395355], ""rotation"": 20.614009857177734, ""color"": ""gray""}, {""name"": ""Object_5"", ""size"": 0.7, ""material"": ""metal"", ""3d_coords"": [-2.246249245483622, 1.2755204541752871, 0.699999988079071], ""rotation"": 65.9312973022461, ""color"": ""brown""}, {""name"": ""Object_6"", ""size"": 0.701, ""material"": ""rubber"", ""3d_coords"": [-3.802711677282304, 0.5242873265356542, 0.699999988079071], ""rotation"": 299.12249755859375, ""color"": ""gray""}, {""name"": ""Object_7"", ""size"": 0.351, ""material"": ""rubber"", ""3d_coords"": [2.307594360606601, 0.04023323388212274, 0.3499999940395355], ""rotation"": 198.58226013183594, ""color"": ""purple""}, {""name"": ""Object_8"", ""size"": 0.351, ""material"": ""rubber"", ""3d_coords"": [-1.7609990793500403, -2.4356283987918985, 0.3499999940395355], ""rotation"": 353.67010498046875, ""color"": ""purple""}, {""name"": ""Object_9"", ""size"": 0.351, ""material"": ""rubber"", ""3d_coords"": [-0.16957971923016824, -3.6798121597456452, 0.3499999940395355], ""rotation"": 51.82205581665039, ""color"": ""blue""}]}

What is the rotation value of the cone?  ASSISTANT:
assistant
{""answer"": 148.09388732910156}",148.09388732910156,"{""answer"": 353.67010498046875}",10
29,31.425634,56.96335,74.42025,74.93545,70.018654,68.291084,80.37656,65.12634,81.06307,83.26775,77.148544,70.5837,76.96806,82.06998,85.53711,88.13871,92.447044,65.56059,69.077,73.09385,88.45006,103.67329,99.9786,107.06853,109.317375,113.86679,104.90014,110.88443,112.36052,121.75067,128.82141,134.42145,141.08893,131.16502,110.76626,94.84307,12.02793,Text tokens,759,1041,"['user\n USER:  \nThis image shows a minimalist arrangement of 3D geometric shapes made of different materials and colors. The JSON provided contains information about all objects in the scene, including their name, 3D coordinates (represented as [X, Y, Z]), material (metal = shinny, rubber = matte), and other attributes. \nYour job is to identify the cube in the image, match its attributes to identify which of the objects mentioned in the JSON corresponds to that object, and determine its name in the following format: {""answer"": ""NAME""}\nDo not add any additional text to your answer, provide your answer always in the following format: {""answer"": ""NAME""}. \n\nUnderstanding the Coordinate System X, Y, Z:\n• X (Depth): Represents the depth relative to the camera. Smaller values indicate objects that are farther away.\n• Y (Horizontal Position): Represents the left-to-right position. A value of zero means the object is centered in the scene, negative values place the object to the left, and positive values to the right.\n• Z (Vertical Position): Represents the height of the object\'s center point. Larger values correspond to higher vertical positions.\n\nHere is the JSON containing details about all objects in the scene in the image:\n\n{""camera_location"": [9.915478112284436, 0, 5.34366512298584], ""objects"": [{""name"": ""Object_0"", ""size"": 0.7, ""material"": ""metal"", ""3d_coords"": [-2.4077428579584996, -1.521936216814853, 0.699999988079071], ""rotation"": 146.64268493652344, ""color"": ""blue""}, {""name"": ""Object_1"", ""size"": 0.351, ""material"": ""rubber"", ""3d_coords"": [2.1496855935517982, 0.984218026368895, 0.3499999940395355], ""rotation"": 103.14288330078125, ""color"": ""gray""}, {""name"": ""Object_2"", ""size"": 0.7, ""material"": ""rubber"", ""3d_coords"": [-0.8067633973582621, -0.5112366588490169, 0.699999988079071], ""rotation"": 224.8194122314453, ""color"": ""cyan""}, {""name"": ""Object_3"", ""size"": 0.351, ""material"": ""metal"", ""3d_coords"": [-1.8617558726119698, 0.27667302420539375, 0.3499999940395355], ""rotation"": 27.947830200195312, ""color"": ""yellow""}, {""name"": ""Object_4"", ""size"": 0.701, ""material"": ""metal"", ""3d_coords"": [1.5210811680294902, 2.552965882407801, 0.699999988079071], ""rotation"": 44.395172119140625, ""color"": ""red""}, {""name"": ""Object_5"", ""size"": 0.351, ""material"": ""rubber"", ""3d_coords"": [0.4810150711728176, -3.4888219938840086, 0.3499999940395355], ""rotation"": 324.7027282714844, ""color"": ""cyan""}, {""name"": ""Object_6"", ""size"": 0.701, ""material"": ""rubber"", ""3d_coords"": [-0.23028127451902658, 3.0217778835680313, 0.699999988079071], ""rotation"": 177.52197265625, ""color"": ""purple""}]}\n\nWhat is the name of the cube?  ASSISTANT:\nassistant\n{""answer"": ""Object_2""}']",Object_2,"{""answer"": ""Object_2""}",7,"user
 USER:  
This image shows a minimalist arrangement of 3D geometric shapes made of different materials and colors. The JSON provided contains information about all objects in the scene, including their name, 3D coordinates (represented as [X, Y, Z]), material (metal = shinny, rubber = matte), and other attributes. 
Your job is to identify the cube in the image, match its attributes to identify which of the objects mentioned in the JSON corresponds to that object, and determine its name in the following format: {""answer"": ""NAME""}
Do not add any additional text to your answer, provide your answer always in the following format: {""answer"": ""NAME""}. 

Understanding the Coordinate System X, Y, Z:
• X (Depth): Represents the depth relative to the camera. Smaller values indicate objects that are farther away.
• Y (Horizontal Position): Represents the left-to-right position. A value of zero means the object is centered in the scene, negative values place the object to the left, and positive values to the right.
• Z (Vertical Position): Represents the height of the object's center point. Larger values correspond to higher vertical positions.

Here is the JSON containing details about all objects in the scene in the image:

{""camera_location"": [9.915478112284436, 0, 5.34366512298584], ""objects"": [{""name"": ""Object_0"", ""size"": 0.7, ""material"": ""metal"", ""3d_coords"": [-2.4077428579584996, -1.521936216814853, 0.699999988079071], ""rotation"": 146.64268493652344, ""color"": ""blue""}, {""name"": ""Object_1"", ""size"": 0.351, ""material"": ""rubber"", ""3d_coords"": [2.1496855935517982, 0.984218026368895, 0.3499999940395355], ""rotation"": 103.14288330078125, ""color"": ""gray""}, {""name"": ""Object_2"", ""size"": 0.7, ""material"": ""rubber"", ""3d_coords"": [-0.8067633973582621, -0.5112366588490169, 0.699999988079071], ""rotation"": 224.8194122314453, ""color"": ""cyan""}, {""name"": ""Object_3"", ""size"": 0.351, ""material"": ""metal"", ""3d_coords"": [-1.8617558726119698, 0.27667302420539375, 0.3499999940395355], ""rotation"": 27.947830200195312, ""color"": ""yellow""}, {""name"": ""Object_4"", ""size"": 0.701, ""material"": ""metal"", ""3d_coords"": [1.5210811680294902, 2.552965882407801, 0.699999988079071], ""rotation"": 44.395172119140625, ""color"": ""red""}, {""name"": ""Object_5"", ""size"": 0.351, ""material"": ""rubber"", ""3d_coords"": [0.4810150711728176, -3.4888219938840086, 0.3499999940395355], ""rotation"": 324.7027282714844, ""color"": ""cyan""}, {""name"": ""Object_6"", ""size"": 0.701, ""material"": ""rubber"", ""3d_coords"": [-0.23028127451902658, 3.0217778835680313, 0.699999988079071], ""rotation"": 177.52197265625, ""color"": ""purple""}]}

What is the name of the cube?  ASSISTANT:
assistant
{""answer"": ""Object_0""}",Object_0,"{""answer"": ""Object_2""}",7
30,39.08032,68.25937,86.86531,88.694,83.57959,82.54837,95.2973,42.000423,54.914284,60.700924,57.987934,54.074886,59.68868,63.533234,67.35375,69.64807,73.07911,43.858047,47.62614,52.77327,68.383,83.916115,88.560585,98.70197,104.839745,110.80208,108.05631,115.32916,117.891975,126.15455,129.90633,131.50879,134.87018,128.0365,111.277504,98.99986,15.587637,Text tokens,3112,4128,"['user\n USER:  \nThis image shows a minimalist arrangement of 3D geometric shapes made of different materials and colors. The JSON provided contains information about all objects in the scene, including their name, 3D coordinates (represented as [X, Y, Z]), material (metal = shinny, rubber = matte), and other attributes. \nYour job is to identify the cube in the image, match its attributes to identify which of the objects mentioned in the JSON corresponds to that object, and determine its rotation in the following format: {""answer"": ""ROTATION""}\nDo not add any additional text to your answer, provide your answer always in the following format: {""answer"": ""ROTATION""}. \n\nUnderstanding the Coordinate System X, Y, Z:\n• X (Depth): Represents the depth relative to the camera. Smaller values indicate objects that are farther away.\n• Y (Horizontal Position): Represents the left-to-right position. A value of zero means the object is centered in the scene, negative values place the object to the left, and positive values to the right.\n• Z (Vertical Position): Represents the height of the object\'s center point. Larger values correspond to higher vertical positions.\n\nHere is the JSON containing details about all objects in the scene in the image:\n\n{""camera_location"": [9.915478112284436, 0, 5.34366512298584], ""objects"": [{""name"": ""Object_0"", ""size"": 0.351, ""material"": ""metal"", ""3d_coords"": [-2.148962327777715, 0.8744327811991798, 0.3499999940395355], ""rotation"": 226.7097625732422, ""color"": ""red""}, {""name"": ""Object_1"", ""size"": 0.701, ""material"": ""metal"", ""3d_coords"": [1.4148083201510597, 1.9387341442006576, 0.699999988079071], ""rotation"": 312.5078125, ""color"": ""yellow""}, {""name"": ""Object_2"", ""size"": 0.7, ""material"": ""rubber"", ""3d_coords"": [0.4743003720505527, 0.30501282184411865, 0.699999988079071], ""rotation"": 203.72276306152344, ""color"": ""gray""}, {""name"": ""Object_3"", ""size"": 0.351, ""material"": ""rubber"", ""3d_coords"": [-1.063429738254202, -0.16179290227559512, 0.3499999940395355], ""rotation"": 237.6503448486328, ""color"": ""brown""}]}\n\nWhat is the rotation value of the cube?  ASSISTANT:\nassistant\n{""answer"": ""237.6503448486328""}']",237.6503448486328,"{""answer"": 237.6503448486328}",4,"user
 USER:  
This image shows a minimalist arrangement of 3D geometric shapes made of different materials and colors. The JSON provided contains information about all objects in the scene, including their name, 3D coordinates (represented as [X, Y, Z]), material (metal = shinny, rubber = matte), and other attributes. 
Your job is to identify the cube in the image, match its attributes to identify which of the objects mentioned in the JSON corresponds to that object, and determine its rotation in the following format: {""answer"": ""ROTATION""}
Do not add any additional text to your answer, provide your answer always in the following format: {""answer"": ""ROTATION""}. 

Understanding the Coordinate System X, Y, Z:
• X (Depth): Represents the depth relative to the camera. Smaller values indicate objects that are farther away.
• Y (Horizontal Position): Represents the left-to-right position. A value of zero means the object is centered in the scene, negative values place the object to the left, and positive values to the right.
• Z (Vertical Position): Represents the height of the object's center point. Larger values correspond to higher vertical positions.

Here is the JSON containing details about all objects in the scene in the image:

{""camera_location"": [9.915478112284436, 0, 5.34366512298584], ""objects"": [{""name"": ""Object_0"", ""size"": 0.351, ""material"": ""metal"", ""3d_coords"": [-2.148962327777715, 0.8744327811991798, 0.3499999940395355], ""rotation"": 226.7097625732422, ""color"": ""red""}, {""name"": ""Object_1"", ""size"": 0.701, ""material"": ""metal"", ""3d_coords"": [1.4148083201510597, 1.9387341442006576, 0.699999988079071], ""rotation"": 312.5078125, ""color"": ""yellow""}, {""name"": ""Object_2"", ""size"": 0.7, ""material"": ""rubber"", ""3d_coords"": [0.4743003720505527, 0.30501282184411865, 0.699999988079071], ""rotation"": 203.72276306152344, ""color"": ""gray""}, {""name"": ""Object_3"", ""size"": 0.351, ""material"": ""rubber"", ""3d_coords"": [-1.063429738254202, -0.16179290227559512, 0.3499999940395355], ""rotation"": 237.6503448486328, ""color"": ""brown""}]}

What is the rotation value of the cube?  ASSISTANT:
assistant
{""answer"": ""226.7097625732422""}",226.7097625732422,"{""answer"": 237.6503448486328}",4
31,28.30249,50.718353,67.48784,67.88156,63.6954,62.017384,73.85499,78.5764,93.356995,93.12024,84.65626,77.20577,83.924835,89.495926,92.9008,96.3484,101.51135,86.49217,88.46339,91.05204,103.3553,117.2513,108.23117,112.3295,111.23235,114.02164,101.41401,106.80704,108.090004,117.20998,125.145645,131.3471,138.32375,127.01487,106.88056,88.87529,11.308552,Text tokens,792,1084,"['user\n USER:  \nThis image shows a minimalist arrangement of 3D geometric shapes made of different materials and colors. The JSON provided contains information about all objects in the scene, including their name, 3D coordinates (represented as [X, Y, Z]), material (metal = shinny, rubber = matte), and other attributes. \nYour job is to identify the blue colored object in the image, match its attributes to identify which of the objects mentioned in the JSON corresponds to that object, and determine its 3D coordinates in the following format: {""answer"": [X, Y, Z]}\nDo not add any additional text to your answer, provide your answer always in the following format: {""answer"": [X, Y, Z]}. \n\nUnderstanding the Coordinate System X, Y, Z:\n• X (Depth): Represents the depth relative to the camera. Smaller values indicate objects that are farther away.\n• Y (Horizontal Position): Represents the left-to-right position. A value of zero means the object is centered in the scene, negative values place the object to the left, and positive values to the right.\n• Z (Vertical Position): Represents the height of the object\'s center point. Larger values correspond to higher vertical positions.\n\nHere is the JSON containing details about all objects in the scene in the image:\n\n{""camera_location"": [9.915478112284436, 0, 5.34366512298584], ""objects"": [{""name"": ""Object_0"", ""shape"": ""cube"", ""size"": 0.7, ""material"": ""metal"", ""3d_coords"": [-0.3138281182390357, 1.2834595713777883, 0.699999988079071], ""rotation"": 355.5685119628906}, {""name"": ""Object_1"", ""shape"": ""cube"", ""size"": 0.351, ""material"": ""rubber"", ""3d_coords"": [0.6886742543302362, -0.2100943277630098, 0.3499999940395355], ""rotation"": 237.75816345214844}, {""name"": ""Object_2"", ""shape"": ""cylinder"", ""size"": 0.351, ""material"": ""rubber"", ""3d_coords"": [-2.149486114392069, -2.0681906909790935, 0.3499999940395355], ""rotation"": 110.10399627685547}, {""name"": ""Object_3"", ""shape"": ""cube"", ""size"": 0.351, ""material"": ""metal"", ""3d_coords"": [-0.9816327550439095, 2.681147747157805, 0.3499999940395355], ""rotation"": 310.6956787109375}, {""name"": ""Object_4"", ""shape"": ""cone"", ""size"": 0.351, ""material"": ""metal"", ""3d_coords"": [-1.4884386999467862, -0.7197050657087278, 0.3499999940395355], ""rotation"": 117.64804077148438}, {""name"": ""Object_5"", ""shape"": ""cylinder"", ""size"": 0.351, ""material"": ""rubber"", ""3d_coords"": [1.9809472928552982, -1.650176778972651, 0.3499999940395355], ""rotation"": 116.19461059570312}, {""name"": ""Object_6"", ""shape"": ""sphere"", ""size"": 0.7, ""material"": ""metal"", ""3d_coords"": [-3.8626438600906785, 0.41156666884776194, 0.699999988079071], ""rotation"": 211.38162231445312}, {""name"": ""Object_7"", ""shape"": ""cylinder"", ""size"": 0.351, ""material"": ""metal"", ""3d_coords"": [1.1232574248978895, 1.7630407664894352, 0.3499999940395355], ""rotation"": 159.710693359375}, {""name"": ""Object_8"", ""shape"": ""sphere"", ""size"": 0.351, ""material"": ""rubber"", ""3d_coords"": [2.9322520483173107, -1.1690032638668204, 0.3499999940395355], ""rotation"": 92.90811157226562}, {""name"": ""Object_9"", ""shape"": ""cube"", ""size"": 0.351, ""material"": ""rubber"", ""3d_coords"": [0.08824379063242094, 3.8244467284438364, 0.3499999940395355], ""rotation"": 258.7905578613281}]}\n\nWhich are the 3D coordinates of the blue colored object?  ASSISTANT:\nassistant\n{""answer"": [0.6886742543302362, -0.2100943277630098, 0.3499']","[0.6886742543302362, -0.2100943277630098, 0.3499","{""answer"": [0.6886742543302362, -0.2100943277630098, 0.3499999940395355]}",10,"user
 USER:  
This image shows a minimalist arrangement of 3D geometric shapes made of different materials and colors. The JSON provided contains information about all objects in the scene, including their name, 3D coordinates (represented as [X, Y, Z]), material (metal = shinny, rubber = matte), and other attributes. 
Your job is to identify the blue colored object in the image, match its attributes to identify which of the objects mentioned in the JSON corresponds to that object, and determine its 3D coordinates in the following format: {""answer"": [X, Y, Z]}
Do not add any additional text to your answer, provide your answer always in the following format: {""answer"": [X, Y, Z]}. 

Understanding the Coordinate System X, Y, Z:
• X (Depth): Represents the depth relative to the camera. Smaller values indicate objects that are farther away.
• Y (Horizontal Position): Represents the left-to-right position. A value of zero means the object is centered in the scene, negative values place the object to the left, and positive values to the right.
• Z (Vertical Position): Represents the height of the object's center point. Larger values correspond to higher vertical positions.

Here is the JSON containing details about all objects in the scene in the image:

{""camera_location"": [9.915478112284436, 0, 5.34366512298584], ""objects"": [{""name"": ""Object_0"", ""shape"": ""cube"", ""size"": 0.7, ""material"": ""metal"", ""3d_coords"": [-0.3138281182390357, 1.2834595713777883, 0.699999988079071], ""rotation"": 355.5685119628906}, {""name"": ""Object_1"", ""shape"": ""cube"", ""size"": 0.351, ""material"": ""rubber"", ""3d_coords"": [0.6886742543302362, -0.2100943277630098, 0.3499999940395355], ""rotation"": 237.75816345214844}, {""name"": ""Object_2"", ""shape"": ""cylinder"", ""size"": 0.351, ""material"": ""rubber"", ""3d_coords"": [-2.149486114392069, -2.0681906909790935, 0.3499999940395355], ""rotation"": 110.10399627685547}, {""name"": ""Object_3"", ""shape"": ""cube"", ""size"": 0.351, ""material"": ""metal"", ""3d_coords"": [-0.9816327550439095, 2.681147747157805, 0.3499999940395355], ""rotation"": 310.6956787109375}, {""name"": ""Object_4"", ""shape"": ""cone"", ""size"": 0.351, ""material"": ""metal"", ""3d_coords"": [-1.4884386999467862, -0.7197050657087278, 0.3499999940395355], ""rotation"": 117.64804077148438}, {""name"": ""Object_5"", ""shape"": ""cylinder"", ""size"": 0.351, ""material"": ""rubber"", ""3d_coords"": [1.9809472928552982, -1.650176778972651, 0.3499999940395355], ""rotation"": 116.19461059570312}, {""name"": ""Object_6"", ""shape"": ""sphere"", ""size"": 0.7, ""material"": ""metal"", ""3d_coords"": [-3.8626438600906785, 0.41156666884776194, 0.699999988079071], ""rotation"": 211.38162231445312}, {""name"": ""Object_7"", ""shape"": ""cylinder"", ""size"": 0.351, ""material"": ""metal"", ""3d_coords"": [1.1232574248978895, 1.7630407664894352, 0.3499999940395355], ""rotation"": 159.710693359375}, {""name"": ""Object_8"", ""shape"": ""sphere"", ""size"": 0.351, ""material"": ""rubber"", ""3d_coords"": [2.9322520483173107, -1.1690032638668204, 0.3499999940395355], ""rotation"": 92.90811157226562}, {""name"": ""Object_9"", ""shape"": ""cube"", ""size"": 0.351, ""material"": ""rubber"", ""3d_coords"": [0.08824379063242094, 3.8244467284438364, 0.3499999940395355], ""rotation"": 258.7905578613281}]}

Which are the 3D coordinates of the blue colored object?  ASSISTANT:
assistant
{""answer"": [-0.3138281182390357, 1.2834595713777883, 0.6999","[-0.3138281182390357, 1.2834595713777883, 0.6999","{""answer"": [0.6886742543302362, -0.2100943277630098, 0.3499999940395355]}",10
32,31.461246,56.15096,73.61506,73.70539,68.99395,67.49334,79.90885,64.85268,80.40439,82.47472,76.261185,69.998825,76.51128,81.62845,85.03657,87.85627,92.23843,66.423416,69.66109,73.70937,88.48343,103.46975,99.826965,106.420006,108.31167,112.12668,102.43535,108.33216,109.613754,118.67386,125.616356,130.80127,136.68178,126.893364,106.69506,91.14039,12.5389805,Text tokens,2940,3901,"['user\n USER:  \nThis image shows a minimalist arrangement of 3D geometric shapes made of different materials and colors. The JSON provided contains information about all objects in the scene, including their name, 3D coordinates (represented as [X, Y, Z]), material (metal = shinny, rubber = matte), and other attributes. \nYour job is to identify the cube in the image, match its attributes to identify which of the objects mentioned in the JSON corresponds to that object, and determine its size in the following format: {""answer"": ""SIZE""}\nDo not add any additional text to your answer, provide your answer always in the following format: {""answer"": ""SIZE""}. \n\nUnderstanding the Coordinate System X, Y, Z:\n• X (Depth): Represents the depth relative to the camera. Smaller values indicate objects that are farther away.\n• Y (Horizontal Position): Represents the left-to-right position. A value of zero means the object is centered in the scene, negative values place the object to the left, and positive values to the right.\n• Z (Vertical Position): Represents the height of the object\'s center point. Larger values correspond to higher vertical positions.\n\nHere is the JSON containing details about all objects in the scene in the image:\n\n{""camera_location"": [9.915478112284436, 0, 5.34366512298584], ""objects"": [{""name"": ""Object_0"", ""size"": 0.701, ""material"": ""rubber"", ""3d_coords"": [0.8608939706758446, 2.0427089116421975, 0.699999988079071], ""rotation"": 94.02257537841797, ""color"": ""yellow""}, {""name"": ""Object_1"", ""size"": 0.351, ""material"": ""rubber"", ""3d_coords"": [-0.9901550436971807, -3.3185994739840727, 0.3499999940395355], ""rotation"": 35.750831604003906, ""color"": ""green""}, {""name"": ""Object_2"", ""size"": 0.351, ""material"": ""metal"", ""3d_coords"": [-1.7596166562340632, 0.8732549449433284, 0.3499999940395355], ""rotation"": 22.297504425048828, ""color"": ""cyan""}, {""name"": ""Object_3"", ""size"": 0.7, ""material"": ""metal"", ""3d_coords"": [2.5612906793645402, 0.44714185420046526, 0.699999988079071], ""rotation"": 122.95208740234375, ""color"": ""blue""}, {""name"": ""Object_4"", ""size"": 0.7, ""material"": ""rubber"", ""3d_coords"": [1.8490757103090036, -2.2238161318117298, 0.699999988079071], ""rotation"": 193.9268798828125, ""color"": ""gray""}, {""name"": ""Object_5"", ""size"": 0.7, ""material"": ""metal"", ""3d_coords"": [-2.674383544794651, -0.47466384298827635, 0.699999988079071], ""rotation"": 163.64739990234375, ""color"": ""brown""}, {""name"": ""Object_6"", ""size"": 0.7, ""material"": ""rubber"", ""3d_coords"": [0.10596972153549533, 3.853250527185315, 0.699999988079071], ""rotation"": 154.0433349609375, ""color"": ""purple""}]}\n\nWhat is the size value of the cube?  ASSISTANT:\nassistant\n{""answer"": 0.351}']",0.351,"{""answer"": 0.351}",7,"user
 USER:  
This image shows a minimalist arrangement of 3D geometric shapes made of different materials and colors. The JSON provided contains information about all objects in the scene, including their name, 3D coordinates (represented as [X, Y, Z]), material (metal = shinny, rubber = matte), and other attributes. 
Your job is to identify the cube in the image, match its attributes to identify which of the objects mentioned in the JSON corresponds to that object, and determine its size in the following format: {""answer"": ""SIZE""}
Do not add any additional text to your answer, provide your answer always in the following format: {""answer"": ""SIZE""}. 

Understanding the Coordinate System X, Y, Z:
• X (Depth): Represents the depth relative to the camera. Smaller values indicate objects that are farther away.
• Y (Horizontal Position): Represents the left-to-right position. A value of zero means the object is centered in the scene, negative values place the object to the left, and positive values to the right.
• Z (Vertical Position): Represents the height of the object's center point. Larger values correspond to higher vertical positions.

Here is the JSON containing details about all objects in the scene in the image:

{""camera_location"": [9.915478112284436, 0, 5.34366512298584], ""objects"": [{""name"": ""Object_0"", ""size"": 0.701, ""material"": ""rubber"", ""3d_coords"": [0.8608939706758446, 2.0427089116421975, 0.699999988079071], ""rotation"": 94.02257537841797, ""color"": ""yellow""}, {""name"": ""Object_1"", ""size"": 0.351, ""material"": ""rubber"", ""3d_coords"": [-0.9901550436971807, -3.3185994739840727, 0.3499999940395355], ""rotation"": 35.750831604003906, ""color"": ""green""}, {""name"": ""Object_2"", ""size"": 0.351, ""material"": ""metal"", ""3d_coords"": [-1.7596166562340632, 0.8732549449433284, 0.3499999940395355], ""rotation"": 22.297504425048828, ""color"": ""cyan""}, {""name"": ""Object_3"", ""size"": 0.7, ""material"": ""metal"", ""3d_coords"": [2.5612906793645402, 0.44714185420046526, 0.699999988079071], ""rotation"": 122.95208740234375, ""color"": ""blue""}, {""name"": ""Object_4"", ""size"": 0.7, ""material"": ""rubber"", ""3d_coords"": [1.8490757103090036, -2.2238161318117298, 0.699999988079071], ""rotation"": 193.9268798828125, ""color"": ""gray""}, {""name"": ""Object_5"", ""size"": 0.7, ""material"": ""metal"", ""3d_coords"": [-2.674383544794651, -0.47466384298827635, 0.699999988079071], ""rotation"": 163.64739990234375, ""color"": ""brown""}, {""name"": ""Object_6"", ""size"": 0.7, ""material"": ""rubber"", ""3d_coords"": [0.10596972153549533, 3.853250527185315, 0.699999988079071], ""rotation"": 154.0433349609375, ""color"": ""purple""}]}

What is the size value of the cube?  ASSISTANT:
assistant
{""answer"": ""0.7""}",0.7,"{""answer"": 0.351}",7
33,33.940514,60.45029,79.83728,80.798485,76.7654,75.59141,87.890884,61.882175,78.10538,82.42208,77.58464,71.29119,78.70074,83.53824,88.09522,90.964554,96.41871,67.27706,71.5639,77.45884,93.05384,109.78198,110.52225,118.04137,119.9002,125.614365,119.22564,125.2813,126.06897,135.71936,142.96553,147.80762,153.17702,143.56061,124.58739,109.08186,23.381214,Text tokens,2817,3737,"['user\n USER:  \nThis image shows a minimalist arrangement of 3D geometric shapes made of different materials and colors. The JSON provided contains information about all objects in the scene, including their name, 3D coordinates (represented as [X, Y, Z]), material (metal = shinny, rubber = matte), and other attributes. \nYour job is to analyze this information, find the object at coordinates [0.6469775686557244, 3.0000944307161808, 0.699999988079071], use its attributes to identify which object in the image corresponds to that object, and retrieve its color in the following format: {""answer"": ""COLOR""}\nSelect your answer from the following options: gray, red, blue, green, brown, purple, cyan, or yellow. Do not add any additional text to your answer, provide your answer always in the following format: {""answer"": ""COLOR""}. \n\nUnderstanding the Coordinate System X, Y, Z:\n• X (Depth): Represents the depth relative to the camera. Smaller values indicate objects that are farther away.\n• Y (Horizontal Position): Represents the left-to-right position. A value of zero means the object is centered in the scene, negative values place the object to the left, and positive values to the right.\n• Z (Vertical Position): Represents the height of the object\'s center point. Larger values correspond to higher vertical positions.\n\nHere is the JSON containing details about all objects in the scene in the image:\n\n{""camera_location"": [9.915478112284436, 0, 5.34366512298584], ""objects"": [{""name"": ""Object_0"", ""shape"": ""sphere"", ""size"": 0.351, ""material"": ""metal"", ""3d_coords"": [2.9864377992372786, -0.508271320314601, 0.3499999940395355], ""rotation"": 225.76451110839844}, {""name"": ""Object_1"", ""shape"": ""cube"", ""size"": 0.701, ""material"": ""rubber"", ""3d_coords"": [2.1917377989931164, 0.9746332083731362, 0.699999988079071], ""rotation"": 282.093017578125}, {""name"": ""Object_2"", ""shape"": ""cube"", ""size"": 0.7, ""material"": ""metal"", ""3d_coords"": [0.6469775686557244, 3.0000944307161808, 0.699999988079071], ""rotation"": 46.243621826171875}, {""name"": ""Object_3"", ""shape"": ""cylinder"", ""size"": 0.351, ""material"": ""metal"", ""3d_coords"": [-0.54567519604159, -2.2932358205539414, 0.3499999940395355], ""rotation"": 51.136600494384766}, {""name"": ""Object_4"", ""shape"": ""cylinder"", ""size"": 0.7, ""material"": ""metal"", ""3d_coords"": [-0.07591227120983546, -3.76085724684169, 0.699999988079071], ""rotation"": 8.361414909362793}]}\n\nWhat is the color of the object at the coordinates [0.6469775686557244, 3.0000944307161808, 0.699999988079071]?  ASSISTANT:\nassistant\n{""answer"": ""cyan""}']",cyan,"{""answer"": ""cyan""}",5,"user
 USER:  
This image shows a minimalist arrangement of 3D geometric shapes made of different materials and colors. The JSON provided contains information about all objects in the scene, including their name, 3D coordinates (represented as [X, Y, Z]), material (metal = shinny, rubber = matte), and other attributes. 
Your job is to analyze this information, find the object at coordinates [0.6469775686557244, 3.0000944307161808, 0.699999988079071], use its attributes to identify which object in the image corresponds to that object, and retrieve its color in the following format: {""answer"": ""COLOR""}
Select your answer from the following options: gray, red, blue, green, brown, purple, cyan, or yellow. Do not add any additional text to your answer, provide your answer always in the following format: {""answer"": ""COLOR""}. 

Understanding the Coordinate System X, Y, Z:
• X (Depth): Represents the depth relative to the camera. Smaller values indicate objects that are farther away.
• Y (Horizontal Position): Represents the left-to-right position. A value of zero means the object is centered in the scene, negative values place the object to the left, and positive values to the right.
• Z (Vertical Position): Represents the height of the object's center point. Larger values correspond to higher vertical positions.

Here is the JSON containing details about all objects in the scene in the image:

{""camera_location"": [9.915478112284436, 0, 5.34366512298584], ""objects"": [{""name"": ""Object_0"", ""shape"": ""sphere"", ""size"": 0.351, ""material"": ""metal"", ""3d_coords"": [2.9864377992372786, -0.508271320314601, 0.3499999940395355], ""rotation"": 225.76451110839844}, {""name"": ""Object_1"", ""shape"": ""cube"", ""size"": 0.701, ""material"": ""rubber"", ""3d_coords"": [2.1917377989931164, 0.9746332083731362, 0.699999988079071], ""rotation"": 282.093017578125}, {""name"": ""Object_2"", ""shape"": ""cube"", ""size"": 0.7, ""material"": ""metal"", ""3d_coords"": [0.6469775686557244, 3.0000944307161808, 0.699999988079071], ""rotation"": 46.243621826171875}, {""name"": ""Object_3"", ""shape"": ""cylinder"", ""size"": 0.351, ""material"": ""metal"", ""3d_coords"": [-0.54567519604159, -2.2932358205539414, 0.3499999940395355], ""rotation"": 51.136600494384766}, {""name"": ""Object_4"", ""shape"": ""cylinder"", ""size"": 0.7, ""material"": ""metal"", ""3d_coords"": [-0.07591227120983546, -3.76085724684169, 0.699999988079071], ""rotation"": 8.361414909362793}]}

What is the color of the object at the coordinates [0.6469775686557244, 3.0000944307161808, 0.699999988079071]?  ASSISTANT:
assistant
{""answer"": ""blue""}",blue,"{""answer"": ""cyan""}",5
34,39.28432,67.79389,86.7169,88.25584,83.1471,82.35434,95.08102,42.34069,55.408253,60.807507,58.06156,53.900753,59.843285,63.55466,67.37656,69.770256,73.416855,70.701904,74.0556,78.52819,93.05651,109.065834,108.57295,115.27242,115.331635,118.7059,112.029945,118.38269,119.638176,127.91745,132.14397,134.45934,138.755,130.41359,111.85257,98.40477,15.801375,Text tokens,2166,2893,"['user\n USER:  \nThis image shows a minimalist arrangement of 3D geometric shapes made of different materials and colors. The JSON provided contains information about all objects in the scene, including their name, 3D coordinates (represented as [X, Y, Z]), material (metal = shinny, rubber = matte), and other attributes. \nYour job is to identify the cube in the image, match its attributes to identify which of the objects mentioned in the JSON corresponds to that object, and determine its 3D coordinates in the following format: {""answer"": [X, Y, Z]}\nDo not add any additional text to your answer, provide your answer always in the following format: {""answer"": [X, Y, Z]}. \n\nUnderstanding the Coordinate System X, Y, Z:\n• X (Depth): Represents the depth relative to the camera. Smaller values indicate objects that are farther away.\n• Y (Horizontal Position): Represents the left-to-right position. A value of zero means the object is centered in the scene, negative values place the object to the left, and positive values to the right.\n• Z (Vertical Position): Represents the height of the object\'s center point. Larger values correspond to higher vertical positions.\n\nHere is the JSON containing details about all objects in the scene in the image:\n\n{""camera_location"": [9.915478112284436, 0, 5.34366512298584], ""objects"": [{""name"": ""Object_0"", ""size"": 0.7, ""material"": ""metal"", ""3d_coords"": [-2.131694677187083, -0.22209897524249356, 0.699999988079071], ""rotation"": 27.3023624420166, ""color"": ""red""}, {""name"": ""Object_1"", ""size"": 0.7, ""material"": ""rubber"", ""3d_coords"": [-0.8761827479740485, 1.9276798434515188, 0.699999988079071], ""rotation"": 228.38063049316406, ""color"": ""gray""}, {""name"": ""Object_2"", ""size"": 0.351, ""material"": ""rubber"", ""3d_coords"": [1.7662885733082176, -1.0728616708124625, 0.3499999940395355], ""rotation"": 58.78257369995117, ""color"": ""cyan""}, {""name"": ""Object_3"", ""size"": 0.351, ""material"": ""metal"", ""3d_coords"": [0.6127522422015534, -3.3339822175493667, 0.3499999940395355], ""rotation"": 142.21693420410156, ""color"": ""green""}]}\n\nWhich are the 3D coordinates of the cube?  ASSISTANT:\nassistant\n{""answer"": [1.7662885733082176, -1.0728616708124625, 0.3499']","[1.7662885733082176, -1.0728616708124625, 0.3499","{""answer"": [-0.8761827479740485, 1.9276798434515188, 0.699999988079071]}",4,"user
 USER:  
This image shows a minimalist arrangement of 3D geometric shapes made of different materials and colors. The JSON provided contains information about all objects in the scene, including their name, 3D coordinates (represented as [X, Y, Z]), material (metal = shinny, rubber = matte), and other attributes. 
Your job is to identify the cube in the image, match its attributes to identify which of the objects mentioned in the JSON corresponds to that object, and determine its 3D coordinates in the following format: {""answer"": [X, Y, Z]}
Do not add any additional text to your answer, provide your answer always in the following format: {""answer"": [X, Y, Z]}. 

Understanding the Coordinate System X, Y, Z:
• X (Depth): Represents the depth relative to the camera. Smaller values indicate objects that are farther away.
• Y (Horizontal Position): Represents the left-to-right position. A value of zero means the object is centered in the scene, negative values place the object to the left, and positive values to the right.
• Z (Vertical Position): Represents the height of the object's center point. Larger values correspond to higher vertical positions.

Here is the JSON containing details about all objects in the scene in the image:

{""camera_location"": [9.915478112284436, 0, 5.34366512298584], ""objects"": [{""name"": ""Object_0"", ""size"": 0.7, ""material"": ""metal"", ""3d_coords"": [-2.131694677187083, -0.22209897524249356, 0.699999988079071], ""rotation"": 27.3023624420166, ""color"": ""red""}, {""name"": ""Object_1"", ""size"": 0.7, ""material"": ""rubber"", ""3d_coords"": [-0.8761827479740485, 1.9276798434515188, 0.699999988079071], ""rotation"": 228.38063049316406, ""color"": ""gray""}, {""name"": ""Object_2"", ""size"": 0.351, ""material"": ""rubber"", ""3d_coords"": [1.7662885733082176, -1.0728616708124625, 0.3499999940395355], ""rotation"": 58.78257369995117, ""color"": ""cyan""}, {""name"": ""Object_3"", ""size"": 0.351, ""material"": ""metal"", ""3d_coords"": [0.6127522422015534, -3.3339822175493667, 0.3499999940395355], ""rotation"": 142.21693420410156, ""color"": ""green""}]}

Which are the 3D coordinates of the cube?  ASSISTANT:
assistant
{""answer"": [-2.131694677187083, -0.22209897524249356, 0.6999","[-2.131694677187083, -0.22209897524249356, 0.6999","{""answer"": [-0.8761827479740485, 1.9276798434515188, 0.699999988079071]}",4
35,40.76833,70.22673,90.25757,92.579346,87.86236,87.12491,100.278725,47.91957,61.896698,68.10231,64.5158,59.981094,66.05965,70.15795,74.27491,76.76343,80.617836,48.66916,52.47824,58.191414,73.98262,89.79412,93.05282,102.88219,107.731575,114.068405,110.41438,117.467636,120.32144,128.95706,133.97282,136.88809,141.71437,134.00905,116.3653,102.469604,18.44967,Text tokens,355,501,"['user\n USER:  \nThis image shows a minimalist arrangement of 3D geometric shapes made of different materials and colors. The JSON provided contains information about all objects in the scene, including their name, 3D coordinates (represented as [X, Y, Z]), material (metal = shinny, rubber = matte), and other attributes. \nYour job is to analyze this information, find the object with a size of 0.701, use its attributes to identify which object in the image corresponds to that object, and retrieve its color in the following format: {""answer"": ""COLOR""}\nSelect your answer from the following options: gray, red, blue, green, brown, purple, cyan, or yellow. Do not add any additional text to your answer, provide your answer always in the following format: {""answer"": ""COLOR""}. \n\nUnderstanding the Coordinate System X, Y, Z:\n• X (Depth): Represents the depth relative to the camera. Smaller values indicate objects that are farther away.\n• Y (Horizontal Position): Represents the left-to-right position. A value of zero means the object is centered in the scene, negative values place the object to the left, and positive values to the right.\n• Z (Vertical Position): Represents the height of the object\'s center point. Larger values correspond to higher vertical positions.\n\nHere is the JSON containing details about all objects in the scene in the image:\n\n{""camera_location"": [9.915478112284436, 0, 5.34366512298584], ""objects"": [{""name"": ""Object_0"", ""shape"": ""cube"", ""size"": 0.701, ""material"": ""metal"", ""3d_coords"": [3.35164778681164, 0.7038406071180323, 0.699999988079071], ""rotation"": 55.94513702392578}, {""name"": ""Object_1"", ""shape"": ""cube"", ""size"": 0.351, ""material"": ""rubber"", ""3d_coords"": [-0.10143494557505583, -1.5074461373753052, 0.3499999940395355], ""rotation"": 74.72120666503906}, {""name"": ""Object_2"", ""shape"": ""cube"", ""size"": 0.351, ""material"": ""rubber"", ""3d_coords"": [-0.5991660463573638, 3.093075744628287, 0.3499999940395355], ""rotation"": 260.12261962890625}, {""name"": ""Object_3"", ""shape"": ""cylinder"", ""size"": 0.7, ""material"": ""rubber"", ""3d_coords"": [-1.291800448418818, 1.1705420815636267, 0.699999988079071], ""rotation"": 321.3998718261719}]}\n\nWhat is the color of the object with a size of 0.701?  ASSISTANT:\nassistant\n{""answer"": ""purple""}']",purple,"{""answer"": ""purple""}",4,"user
 USER:  
This image shows a minimalist arrangement of 3D geometric shapes made of different materials and colors. The JSON provided contains information about all objects in the scene, including their name, 3D coordinates (represented as [X, Y, Z]), material (metal = shinny, rubber = matte), and other attributes. 
Your job is to analyze this information, find the object with a size of 0.701, use its attributes to identify which object in the image corresponds to that object, and retrieve its color in the following format: {""answer"": ""COLOR""}
Select your answer from the following options: gray, red, blue, green, brown, purple, cyan, or yellow. Do not add any additional text to your answer, provide your answer always in the following format: {""answer"": ""COLOR""}. 

Understanding the Coordinate System X, Y, Z:
• X (Depth): Represents the depth relative to the camera. Smaller values indicate objects that are farther away.
• Y (Horizontal Position): Represents the left-to-right position. A value of zero means the object is centered in the scene, negative values place the object to the left, and positive values to the right.
• Z (Vertical Position): Represents the height of the object's center point. Larger values correspond to higher vertical positions.

Here is the JSON containing details about all objects in the scene in the image:

{""camera_location"": [9.915478112284436, 0, 5.34366512298584], ""objects"": [{""name"": ""Object_0"", ""shape"": ""cube"", ""size"": 0.701, ""material"": ""metal"", ""3d_coords"": [3.35164778681164, 0.7038406071180323, 0.699999988079071], ""rotation"": 55.94513702392578}, {""name"": ""Object_1"", ""shape"": ""cube"", ""size"": 0.351, ""material"": ""rubber"", ""3d_coords"": [-0.10143494557505583, -1.5074461373753052, 0.3499999940395355], ""rotation"": 74.72120666503906}, {""name"": ""Object_2"", ""shape"": ""cube"", ""size"": 0.351, ""material"": ""rubber"", ""3d_coords"": [-0.5991660463573638, 3.093075744628287, 0.3499999940395355], ""rotation"": 260.12261962890625}, {""name"": ""Object_3"", ""shape"": ""cylinder"", ""size"": 0.7, ""material"": ""rubber"", ""3d_coords"": [-1.291800448418818, 1.1705420815636267, 0.699999988079071], ""rotation"": 321.3998718261719}]}

What is the color of the object with a size of 0.701?  ASSISTANT:
assistant
{""answer"": ""red""}",red,"{""answer"": ""purple""}",4
36,29.394348,52.88686,70.232765,70.52254,65.77942,64.018105,76.410286,80.79988,96.49313,96.70829,87.91889,80.40723,86.84647,92.53296,95.51831,98.523186,103.65306,85.10122,87.365746,90.02083,103.68989,118.23837,108.75751,114.32601,114.16613,118.05426,105.90751,111.2611,112.78791,122.05711,130.13809,137.13994,144.57492,133.54019,112.42895,94.671455,12.798458,Text tokens,3763,4988,"['user\n USER:  \nThis image shows a minimalist arrangement of 3D geometric shapes made of different materials and colors. The JSON provided contains information about all objects in the scene, including their name, 3D coordinates (represented as [X, Y, Z]), material (metal = shinny, rubber = matte), and other attributes. \nYour job is to analyze this information, find the object named \'Object_4\', use its attributes to identify which object in the image corresponds to that object, and retrieve its color in the following format: {""answer"": ""COLOR""}\nSelect your answer from the following options: gray, red, blue, green, brown, purple, cyan, or yellow. Do not add any additional text to your answer, provide your answer always in the following format: {""answer"": ""COLOR""}. \n\nUnderstanding the Coordinate System X, Y, Z:\n• X (Depth): Represents the depth relative to the camera. Smaller values indicate objects that are farther away.\n• Y (Horizontal Position): Represents the left-to-right position. A value of zero means the object is centered in the scene, negative values place the object to the left, and positive values to the right.\n• Z (Vertical Position): Represents the height of the object\'s center point. Larger values correspond to higher vertical positions.\n\nHere is the JSON containing details about all objects in the scene in the image:\n\n{""camera_location"": [9.915478112284436, 0, 5.34366512298584], ""objects"": [{""name"": ""Object_0"", ""shape"": ""cone"", ""size"": 0.351, ""material"": ""rubber"", ""3d_coords"": [0.46484034094585647, 2.083423755575094, 0.3499999940395355], ""rotation"": 315.49658203125}, {""name"": ""Object_1"", ""shape"": ""sphere"", ""size"": 0.7, ""material"": ""rubber"", ""3d_coords"": [-2.711839621566087, 0.2866005843362365, 0.699999988079071], ""rotation"": 58.76243591308594}, {""name"": ""Object_2"", ""shape"": ""cylinder"", ""size"": 0.351, ""material"": ""rubber"", ""3d_coords"": [-0.309677523040193, -1.854774260307945, 0.3499999940395355], ""rotation"": 116.93511962890625}, {""name"": ""Object_3"", ""shape"": ""cube"", ""size"": 0.7, ""material"": ""rubber"", ""3d_coords"": [2.6733629443496456, 0.8134564474804973, 0.699999988079071], ""rotation"": 184.6195831298828}, {""name"": ""Object_4"", ""shape"": ""cylinder"", ""size"": 0.701, ""material"": ""metal"", ""3d_coords"": [-1.2203400769844812, 2.6530951723396834, 0.699999988079071], ""rotation"": 253.9947052001953}, {""name"": ""Object_5"", ""shape"": ""sphere"", ""size"": 0.7, ""material"": ""metal"", ""3d_coords"": [1.610043040858324, -2.389451942257979, 0.699999988079071], ""rotation"": 335.37835693359375}, {""name"": ""Object_6"", ""shape"": ""cylinder"", ""size"": 0.7, ""material"": ""metal"", ""3d_coords"": [3.1409926315007177, -1.1071335254949883, 0.699999988079071], ""rotation"": 146.85739135742188}, {""name"": ""Object_7"", ""shape"": ""cube"", ""size"": 0.7, ""material"": ""metal"", ""3d_coords"": [1.1452443708675122, -0.27262920788340506, 0.699999988079071], ""rotation"": 265.3296203613281}, {""name"": ""Object_8"", ""shape"": ""cylinder"", ""size"": 0.351, ""material"": ""metal"", ""3d_coords"": [-1.6625752303313914, -0.6826348438314609, 0.3499999940395355], ""rotation"": 342.11083984375}, {""name"": ""Object_9"", ""shape"": ""sphere"", ""size"": 0.7, ""material"": ""rubber"", ""3d_coords"": [-0.7800068116773411, -3.633591768151023, 0.699999988079071], ""rotation"": 223.64723205566406}]}\n\nWhat is the color of the object named \'Object_4\'?  ASSISTANT:\nassistant\n{""answer"": ""yellow""}']",yellow,"{""answer"": ""gray""}",10,"user
 USER:  
This image shows a minimalist arrangement of 3D geometric shapes made of different materials and colors. The JSON provided contains information about all objects in the scene, including their name, 3D coordinates (represented as [X, Y, Z]), material (metal = shinny, rubber = matte), and other attributes. 
Your job is to analyze this information, find the object named 'Object_4', use its attributes to identify which object in the image corresponds to that object, and retrieve its color in the following format: {""answer"": ""COLOR""}
Select your answer from the following options: gray, red, blue, green, brown, purple, cyan, or yellow. Do not add any additional text to your answer, provide your answer always in the following format: {""answer"": ""COLOR""}. 

Understanding the Coordinate System X, Y, Z:
• X (Depth): Represents the depth relative to the camera. Smaller values indicate objects that are farther away.
• Y (Horizontal Position): Represents the left-to-right position. A value of zero means the object is centered in the scene, negative values place the object to the left, and positive values to the right.
• Z (Vertical Position): Represents the height of the object's center point. Larger values correspond to higher vertical positions.

Here is the JSON containing details about all objects in the scene in the image:

{""camera_location"": [9.915478112284436, 0, 5.34366512298584], ""objects"": [{""name"": ""Object_0"", ""shape"": ""cone"", ""size"": 0.351, ""material"": ""rubber"", ""3d_coords"": [0.46484034094585647, 2.083423755575094, 0.3499999940395355], ""rotation"": 315.49658203125}, {""name"": ""Object_1"", ""shape"": ""sphere"", ""size"": 0.7, ""material"": ""rubber"", ""3d_coords"": [-2.711839621566087, 0.2866005843362365, 0.699999988079071], ""rotation"": 58.76243591308594}, {""name"": ""Object_2"", ""shape"": ""cylinder"", ""size"": 0.351, ""material"": ""rubber"", ""3d_coords"": [-0.309677523040193, -1.854774260307945, 0.3499999940395355], ""rotation"": 116.93511962890625}, {""name"": ""Object_3"", ""shape"": ""cube"", ""size"": 0.7, ""material"": ""rubber"", ""3d_coords"": [2.6733629443496456, 0.8134564474804973, 0.699999988079071], ""rotation"": 184.6195831298828}, {""name"": ""Object_4"", ""shape"": ""cylinder"", ""size"": 0.701, ""material"": ""metal"", ""3d_coords"": [-1.2203400769844812, 2.6530951723396834, 0.699999988079071], ""rotation"": 253.9947052001953}, {""name"": ""Object_5"", ""shape"": ""sphere"", ""size"": 0.7, ""material"": ""metal"", ""3d_coords"": [1.610043040858324, -2.389451942257979, 0.699999988079071], ""rotation"": 335.37835693359375}, {""name"": ""Object_6"", ""shape"": ""cylinder"", ""size"": 0.7, ""material"": ""metal"", ""3d_coords"": [3.1409926315007177, -1.1071335254949883, 0.699999988079071], ""rotation"": 146.85739135742188}, {""name"": ""Object_7"", ""shape"": ""cube"", ""size"": 0.7, ""material"": ""metal"", ""3d_coords"": [1.1452443708675122, -0.27262920788340506, 0.699999988079071], ""rotation"": 265.3296203613281}, {""name"": ""Object_8"", ""shape"": ""cylinder"", ""size"": 0.351, ""material"": ""metal"", ""3d_coords"": [-1.6625752303313914, -0.6826348438314609, 0.3499999940395355], ""rotation"": 342.11083984375}, {""name"": ""Object_9"", ""shape"": ""sphere"", ""size"": 0.7, ""material"": ""rubber"", ""3d_coords"": [-0.7800068116773411, -3.633591768151023, 0.699999988079071], ""rotation"": 223.64723205566406}]}

What is the color of the object named 'Object_4'?  ASSISTANT:
assistant
{""answer"": ""gray""}",gray,"{""answer"": ""gray""}",10
37,28.272345,50.54877,67.328545,67.60566,63.23303,61.418617,73.65203,77.9667,93.24875,93.011116,84.38266,76.92685,83.47218,88.98626,91.752556,94.6823,99.61195,81.00476,83.30938,86.07367,99.91183,114.09354,104.73531,110.38306,110.32006,114.16569,101.81982,106.96401,108.55405,117.76786,125.71756,132.38287,139.67812,128.68053,108.54784,91.35132,13.308951,Text tokens,1022,1401,"['user\n USER:  \nThis image shows a minimalist arrangement of 3D geometric shapes made of different materials and colors. The JSON provided contains information about all objects in the scene, including their name, 3D coordinates (represented as [X, Y, Z]), material (metal = shinny, rubber = matte), and other attributes. \nYour job is to identify the yellow colored object in the image, match its attributes to identify which of the objects mentioned in the JSON corresponds to that object, and determine its size in the following format: {""answer"": ""SIZE""}\nDo not add any additional text to your answer, provide your answer always in the following format: {""answer"": ""SIZE""}. \n\nUnderstanding the Coordinate System X, Y, Z:\n• X (Depth): Represents the depth relative to the camera. Smaller values indicate objects that are farther away.\n• Y (Horizontal Position): Represents the left-to-right position. A value of zero means the object is centered in the scene, negative values place the object to the left, and positive values to the right.\n• Z (Vertical Position): Represents the height of the object\'s center point. Larger values correspond to higher vertical positions.\n\nHere is the JSON containing details about all objects in the scene in the image:\n\n{""camera_location"": [9.915478112284436, 0, 5.34366512298584], ""objects"": [{""name"": ""Object_0"", ""shape"": ""cylinder"", ""size"": 0.351, ""material"": ""rubber"", ""3d_coords"": [1.5875971270164562, -2.0748144814017824, 0.3499999940395355], ""rotation"": 350.1144714355469}, {""name"": ""Object_1"", ""shape"": ""cone"", ""size"": 0.7, ""material"": ""metal"", ""3d_coords"": [-0.5003622235086083, -0.6906166261839943, 0.699999988079071], ""rotation"": 245.90460205078125}, {""name"": ""Object_2"", ""shape"": ""cube"", ""size"": 0.351, ""material"": ""metal"", ""3d_coords"": [1.0376477063374476, 1.4350828780878087, 0.3499999940395355], ""rotation"": 127.98993682861328}, {""name"": ""Object_3"", ""shape"": ""cone"", ""size"": 0.7, ""material"": ""metal"", ""3d_coords"": [-1.1535950173878304, -2.4838037071823686, 0.699999988079071], ""rotation"": 114.01488494873047}, {""name"": ""Object_4"", ""shape"": ""cylinder"", ""size"": 0.351, ""material"": ""rubber"", ""3d_coords"": [3.4307354030877635, 0.561606502364866, 0.3499999940395355], ""rotation"": 187.4977569580078}, {""name"": ""Object_5"", ""shape"": ""cylinder"", ""size"": 0.7, ""material"": ""rubber"", ""3d_coords"": [-0.0515892348558622, 3.8395363367590525, 0.699999988079071], ""rotation"": 169.93116760253906}, {""name"": ""Object_6"", ""shape"": ""cone"", ""size"": 0.351, ""material"": ""rubber"", ""3d_coords"": [2.180456987535454, -0.019286643111459112, 0.3499999940395355], ""rotation"": 252.6161346435547}, {""name"": ""Object_7"", ""shape"": ""cube"", ""size"": 0.351, ""material"": ""rubber"", ""3d_coords"": [0.45168607109808656, 2.6291046818664534, 0.3499999940395355], ""rotation"": 281.9902648925781}, {""name"": ""Object_8"", ""shape"": ""sphere"", ""size"": 0.351, ""material"": ""rubber"", ""3d_coords"": [2.8527672306553895, -1.4525014180715619, 0.3499999940395355], ""rotation"": 59.09893798828125}, {""name"": ""Object_9"", ""shape"": ""cylinder"", ""size"": 0.701, ""material"": ""metal"", ""3d_coords"": [-1.9757282114270003, 2.0692379782388683, 0.699999988079071], ""rotation"": 156.546142578125}]}\n\nWhat is the size value of the yellow colored object?  ASSISTANT:\nassistant\n{""answer"": 0.7}']",0.7,"{""answer"": 0.7}",10,"user
 USER:  
This image shows a minimalist arrangement of 3D geometric shapes made of different materials and colors. The JSON provided contains information about all objects in the scene, including their name, 3D coordinates (represented as [X, Y, Z]), material (metal = shinny, rubber = matte), and other attributes. 
Your job is to identify the yellow colored object in the image, match its attributes to identify which of the objects mentioned in the JSON corresponds to that object, and determine its size in the following format: {""answer"": ""SIZE""}
Do not add any additional text to your answer, provide your answer always in the following format: {""answer"": ""SIZE""}. 

Understanding the Coordinate System X, Y, Z:
• X (Depth): Represents the depth relative to the camera. Smaller values indicate objects that are farther away.
• Y (Horizontal Position): Represents the left-to-right position. A value of zero means the object is centered in the scene, negative values place the object to the left, and positive values to the right.
• Z (Vertical Position): Represents the height of the object's center point. Larger values correspond to higher vertical positions.

Here is the JSON containing details about all objects in the scene in the image:

{""camera_location"": [9.915478112284436, 0, 5.34366512298584], ""objects"": [{""name"": ""Object_0"", ""shape"": ""cylinder"", ""size"": 0.351, ""material"": ""rubber"", ""3d_coords"": [1.5875971270164562, -2.0748144814017824, 0.3499999940395355], ""rotation"": 350.1144714355469}, {""name"": ""Object_1"", ""shape"": ""cone"", ""size"": 0.7, ""material"": ""metal"", ""3d_coords"": [-0.5003622235086083, -0.6906166261839943, 0.699999988079071], ""rotation"": 245.90460205078125}, {""name"": ""Object_2"", ""shape"": ""cube"", ""size"": 0.351, ""material"": ""metal"", ""3d_coords"": [1.0376477063374476, 1.4350828780878087, 0.3499999940395355], ""rotation"": 127.98993682861328}, {""name"": ""Object_3"", ""shape"": ""cone"", ""size"": 0.7, ""material"": ""metal"", ""3d_coords"": [-1.1535950173878304, -2.4838037071823686, 0.699999988079071], ""rotation"": 114.01488494873047}, {""name"": ""Object_4"", ""shape"": ""cylinder"", ""size"": 0.351, ""material"": ""rubber"", ""3d_coords"": [3.4307354030877635, 0.561606502364866, 0.3499999940395355], ""rotation"": 187.4977569580078}, {""name"": ""Object_5"", ""shape"": ""cylinder"", ""size"": 0.7, ""material"": ""rubber"", ""3d_coords"": [-0.0515892348558622, 3.8395363367590525, 0.699999988079071], ""rotation"": 169.93116760253906}, {""name"": ""Object_6"", ""shape"": ""cone"", ""size"": 0.351, ""material"": ""rubber"", ""3d_coords"": [2.180456987535454, -0.019286643111459112, 0.3499999940395355], ""rotation"": 252.6161346435547}, {""name"": ""Object_7"", ""shape"": ""cube"", ""size"": 0.351, ""material"": ""rubber"", ""3d_coords"": [0.45168607109808656, 2.6291046818664534, 0.3499999940395355], ""rotation"": 281.9902648925781}, {""name"": ""Object_8"", ""shape"": ""sphere"", ""size"": 0.351, ""material"": ""rubber"", ""3d_coords"": [2.8527672306553895, -1.4525014180715619, 0.3499999940395355], ""rotation"": 59.09893798828125}, {""name"": ""Object_9"", ""shape"": ""cylinder"", ""size"": 0.701, ""material"": ""metal"", ""3d_coords"": [-1.9757282114270003, 2.0692379782388683, 0.699999988079071], ""rotation"": 156.546142578125}]}

What is the size value of the yellow colored object?  ASSISTANT:
assistant
{""answer"": ""0.351""}",0.351,"{""answer"": 0.7}",10
38,33.13597,59.215115,77.009865,77.735756,72.889755,71.39502,83.577515,58.923058,74.153175,77.87971,72.76744,67.08473,73.80247,78.36663,81.74912,84.39553,88.49478,61.367382,64.82293,69.56665,84.99044,100.670586,97.65728,105.89089,108.11285,112.32655,103.80858,109.76491,111.5211,120.57449,126.9465,131.88896,137.53654,128.52164,109.46541,95.37118,14.371391,Text tokens,3100,4112,"['user\n USER:  \nThis image shows a minimalist arrangement of 3D geometric shapes made of different materials and colors. The JSON provided contains information about all objects in the scene, including their name, 3D coordinates (represented as [X, Y, Z]), material (metal = shinny, rubber = matte), and other attributes. \nYour job is to identify the cyan colored object in the image, match its attributes to identify which of the objects mentioned in the JSON corresponds to that object, and determine its size in the following format: {""answer"": ""SIZE""}\nDo not add any additional text to your answer, provide your answer always in the following format: {""answer"": ""SIZE""}. \n\nUnderstanding the Coordinate System X, Y, Z:\n• X (Depth): Represents the depth relative to the camera. Smaller values indicate objects that are farther away.\n• Y (Horizontal Position): Represents the left-to-right position. A value of zero means the object is centered in the scene, negative values place the object to the left, and positive values to the right.\n• Z (Vertical Position): Represents the height of the object\'s center point. Larger values correspond to higher vertical positions.\n\nHere is the JSON containing details about all objects in the scene in the image:\n\n{""camera_location"": [9.915478112284436, 0, 5.34366512298584], ""objects"": [{""name"": ""Object_0"", ""shape"": ""cylinder"", ""size"": 0.7, ""material"": ""rubber"", ""3d_coords"": [0.9415380444114277, -0.35747080355695293, 0.699999988079071], ""rotation"": 81.65936279296875}, {""name"": ""Object_1"", ""shape"": ""cone"", ""size"": 0.351, ""material"": ""metal"", ""3d_coords"": [-0.9097890914903412, -2.4817475373115165, 0.3499999940395355], ""rotation"": 52.98750305175781}, {""name"": ""Object_2"", ""shape"": ""cube"", ""size"": 0.7, ""material"": ""metal"", ""3d_coords"": [-1.657513190211954, 2.1426429107175333, 0.699999988079071], ""rotation"": 124.86630249023438}, {""name"": ""Object_3"", ""shape"": ""sphere"", ""size"": 0.351, ""material"": ""metal"", ""3d_coords"": [-0.4650004532634814, 1.6021075115280292, 0.3499999940395355], ""rotation"": 327.89031982421875}, {""name"": ""Object_4"", ""shape"": ""cylinder"", ""size"": 0.701, ""material"": ""rubber"", ""3d_coords"": [-2.9427470978568513, 0.3522299226137795, 0.699999988079071], ""rotation"": 317.8857116699219}, {""name"": ""Object_5"", ""shape"": ""cube"", ""size"": 0.351, ""material"": ""metal"", ""3d_coords"": [2.0548341538721058, 0.9529909997114034, 0.3499999940395355], ""rotation"": 13.019908905029297}]}\n\nWhat is the size value of the cyan colored object?  ASSISTANT:\nassistant\n{""answer"": ""0.351""}']",0.351,"{""answer"": 0.351}",6,"user
 USER:  
This image shows a minimalist arrangement of 3D geometric shapes made of different materials and colors. The JSON provided contains information about all objects in the scene, including their name, 3D coordinates (represented as [X, Y, Z]), material (metal = shinny, rubber = matte), and other attributes. 
Your job is to identify the cyan colored object in the image, match its attributes to identify which of the objects mentioned in the JSON corresponds to that object, and determine its size in the following format: {""answer"": ""SIZE""}
Do not add any additional text to your answer, provide your answer always in the following format: {""answer"": ""SIZE""}. 

Understanding the Coordinate System X, Y, Z:
• X (Depth): Represents the depth relative to the camera. Smaller values indicate objects that are farther away.
• Y (Horizontal Position): Represents the left-to-right position. A value of zero means the object is centered in the scene, negative values place the object to the left, and positive values to the right.
• Z (Vertical Position): Represents the height of the object's center point. Larger values correspond to higher vertical positions.

Here is the JSON containing details about all objects in the scene in the image:

{""camera_location"": [9.915478112284436, 0, 5.34366512298584], ""objects"": [{""name"": ""Object_0"", ""shape"": ""cylinder"", ""size"": 0.7, ""material"": ""rubber"", ""3d_coords"": [0.9415380444114277, -0.35747080355695293, 0.699999988079071], ""rotation"": 81.65936279296875}, {""name"": ""Object_1"", ""shape"": ""cone"", ""size"": 0.351, ""material"": ""metal"", ""3d_coords"": [-0.9097890914903412, -2.4817475373115165, 0.3499999940395355], ""rotation"": 52.98750305175781}, {""name"": ""Object_2"", ""shape"": ""cube"", ""size"": 0.7, ""material"": ""metal"", ""3d_coords"": [-1.657513190211954, 2.1426429107175333, 0.699999988079071], ""rotation"": 124.86630249023438}, {""name"": ""Object_3"", ""shape"": ""sphere"", ""size"": 0.351, ""material"": ""metal"", ""3d_coords"": [-0.4650004532634814, 1.6021075115280292, 0.3499999940395355], ""rotation"": 327.89031982421875}, {""name"": ""Object_4"", ""shape"": ""cylinder"", ""size"": 0.701, ""material"": ""rubber"", ""3d_coords"": [-2.9427470978568513, 0.3522299226137795, 0.699999988079071], ""rotation"": 317.8857116699219}, {""name"": ""Object_5"", ""shape"": ""cube"", ""size"": 0.351, ""material"": ""metal"", ""3d_coords"": [2.0548341538721058, 0.9529909997114034, 0.3499999940395355], ""rotation"": 13.019908905029297}]}

What is the size value of the cyan colored object?  ASSISTANT:
assistant
{""answer"": 0.7}",0.7,"{""answer"": 0.351}",6
39,30.289486,54.455105,72.236115,72.85476,68.28776,66.66116,79.01559,78.13298,93.84729,95.02142,86.85848,79.51063,86.17559,92.05129,95.61437,98.394646,103.42206,80.56189,83.41182,86.35597,100.710144,115.992744,108.60893,114.25834,114.52556,118.84284,107.54746,113.22617,114.6286,123.6725,131.83382,138.73163,146.04515,135.51746,114.935425,98.02076,13.64442,Text tokens,645,894,"['user\n USER:  \nThis image shows a minimalist arrangement of 3D geometric shapes made of different materials and colors. The JSON provided contains information about all objects in the scene, including their name, 3D coordinates (represented as [X, Y, Z]), material (metal = shinny, rubber = matte), and other attributes. \nYour job is to analyze this information, find the object named \'Object_7\', use its attributes to identify which object in the image corresponds to that object, and retrieve its color in the following format: {""answer"": ""COLOR""}\nSelect your answer from the following options: gray, red, blue, green, brown, purple, cyan, or yellow. Do not add any additional text to your answer, provide your answer always in the following format: {""answer"": ""COLOR""}. \n\nUnderstanding the Coordinate System X, Y, Z:\n• X (Depth): Represents the depth relative to the camera. Smaller values indicate objects that are farther away.\n• Y (Horizontal Position): Represents the left-to-right position. A value of zero means the object is centered in the scene, negative values place the object to the left, and positive values to the right.\n• Z (Vertical Position): Represents the height of the object\'s center point. Larger values correspond to higher vertical positions.\n\nHere is the JSON containing details about all objects in the scene in the image:\n\n{""camera_location"": [9.915478112284436, 0, 5.34366512298584], ""objects"": [{""name"": ""Object_0"", ""shape"": ""sphere"", ""size"": 0.351, ""material"": ""metal"", ""3d_coords"": [0.06684000145976632, -3.3477017332445973, 0.3499999940395355], ""rotation"": 174.85931396484375}, {""name"": ""Object_1"", ""shape"": ""cone"", ""size"": 0.701, ""material"": ""rubber"", ""3d_coords"": [-1.0946259232486302, -0.7659727487150643, 0.699999988079071], ""rotation"": 52.344520568847656}, {""name"": ""Object_2"", ""shape"": ""cylinder"", ""size"": 0.351, ""material"": ""rubber"", ""3d_coords"": [1.0793513901121412, -2.5673405656317763, 0.3499999940395355], ""rotation"": 103.62200927734375}, {""name"": ""Object_3"", ""shape"": ""cylinder"", ""size"": 0.351, ""material"": ""rubber"", ""3d_coords"": [0.678286640175445, 3.6379316658639977, 0.3499999940395355], ""rotation"": 354.0093994140625}, {""name"": ""Object_4"", ""shape"": ""cube"", ""size"": 0.7, ""material"": ""metal"", ""3d_coords"": [-3.167876209502915, -0.2501118045468609, 0.699999988079071], ""rotation"": 150.0198211669922}, {""name"": ""Object_5"", ""shape"": ""sphere"", ""size"": 0.351, ""material"": ""rubber"", ""3d_coords"": [1.9432565533440416, -2.1110418655864605, 0.3499999940395355], ""rotation"": 303.41156005859375}, {""name"": ""Object_6"", ""shape"": ""cube"", ""size"": 0.351, ""material"": ""metal"", ""3d_coords"": [-2.338861805347964, 1.5118612648168583, 0.3499999940395355], ""rotation"": 174.140625}, {""name"": ""Object_7"", ""shape"": ""cylinder"", ""size"": 0.7, ""material"": ""rubber"", ""3d_coords"": [2.511847530873951, 0.28729693816841473, 0.699999988079071], ""rotation"": 156.7460174560547}, {""name"": ""Object_8"", ""shape"": ""cube"", ""size"": 0.701, ""material"": ""metal"", ""3d_coords"": [1.4812915036740941, 2.2907316805760143, 0.699999988079071], ""rotation"": 161.34979248046875}]}\n\nWhat is the color of the object named \'Object_7\'?  ASSISTANT:\nassistant\n{""answer"": ""purple""}']",purple,"{""answer"": ""yellow""}",9,"user
 USER:  
This image shows a minimalist arrangement of 3D geometric shapes made of different materials and colors. The JSON provided contains information about all objects in the scene, including their name, 3D coordinates (represented as [X, Y, Z]), material (metal = shinny, rubber = matte), and other attributes. 
Your job is to analyze this information, find the object named 'Object_7', use its attributes to identify which object in the image corresponds to that object, and retrieve its color in the following format: {""answer"": ""COLOR""}
Select your answer from the following options: gray, red, blue, green, brown, purple, cyan, or yellow. Do not add any additional text to your answer, provide your answer always in the following format: {""answer"": ""COLOR""}. 

Understanding the Coordinate System X, Y, Z:
• X (Depth): Represents the depth relative to the camera. Smaller values indicate objects that are farther away.
• Y (Horizontal Position): Represents the left-to-right position. A value of zero means the object is centered in the scene, negative values place the object to the left, and positive values to the right.
• Z (Vertical Position): Represents the height of the object's center point. Larger values correspond to higher vertical positions.

Here is the JSON containing details about all objects in the scene in the image:

{""camera_location"": [9.915478112284436, 0, 5.34366512298584], ""objects"": [{""name"": ""Object_0"", ""shape"": ""sphere"", ""size"": 0.351, ""material"": ""metal"", ""3d_coords"": [0.06684000145976632, -3.3477017332445973, 0.3499999940395355], ""rotation"": 174.85931396484375}, {""name"": ""Object_1"", ""shape"": ""cone"", ""size"": 0.701, ""material"": ""rubber"", ""3d_coords"": [-1.0946259232486302, -0.7659727487150643, 0.699999988079071], ""rotation"": 52.344520568847656}, {""name"": ""Object_2"", ""shape"": ""cylinder"", ""size"": 0.351, ""material"": ""rubber"", ""3d_coords"": [1.0793513901121412, -2.5673405656317763, 0.3499999940395355], ""rotation"": 103.62200927734375}, {""name"": ""Object_3"", ""shape"": ""cylinder"", ""size"": 0.351, ""material"": ""rubber"", ""3d_coords"": [0.678286640175445, 3.6379316658639977, 0.3499999940395355], ""rotation"": 354.0093994140625}, {""name"": ""Object_4"", ""shape"": ""cube"", ""size"": 0.7, ""material"": ""metal"", ""3d_coords"": [-3.167876209502915, -0.2501118045468609, 0.699999988079071], ""rotation"": 150.0198211669922}, {""name"": ""Object_5"", ""shape"": ""sphere"", ""size"": 0.351, ""material"": ""rubber"", ""3d_coords"": [1.9432565533440416, -2.1110418655864605, 0.3499999940395355], ""rotation"": 303.41156005859375}, {""name"": ""Object_6"", ""shape"": ""cube"", ""size"": 0.351, ""material"": ""metal"", ""3d_coords"": [-2.338861805347964, 1.5118612648168583, 0.3499999940395355], ""rotation"": 174.140625}, {""name"": ""Object_7"", ""shape"": ""cylinder"", ""size"": 0.7, ""material"": ""rubber"", ""3d_coords"": [2.511847530873951, 0.28729693816841473, 0.699999988079071], ""rotation"": 156.7460174560547}, {""name"": ""Object_8"", ""shape"": ""cube"", ""size"": 0.701, ""material"": ""metal"", ""3d_coords"": [1.4812915036740941, 2.2907316805760143, 0.699999988079071], ""rotation"": 161.34979248046875}]}

What is the color of the object named 'Object_7'?  ASSISTANT:
assistant
{""answer"": ""red""}",red,"{""answer"": ""yellow""}",9
40,45.10938,75.175804,94.63206,97.426445,92.6001,91.93847,105.194885,35.993183,47.621746,54.240486,52.21396,48.816948,54.238167,57.865437,61.82687,64.43697,67.694046,40.256702,44.07972,49.542316,64.64265,79.27156,85.40432,95.35062,103.46887,110.47093,109.95633,118.24829,120.98738,128.9246,133.08397,135.03117,139.35133,133.51027,117.70251,105.9978,19.424038,Text tokens,2401,3184,"['user\n USER:  \nThis image shows a minimalist arrangement of 3D geometric shapes made of different materials and colors. The JSON provided contains information about all objects in the scene, including their name, 3D coordinates (represented as [X, Y, Z]), material (metal = shinny, rubber = matte), and other attributes. \nYour job is to analyze this information, find the object named \'Object_0\', use its attributes to identify which object in the image corresponds to that object, and retrieve its shape in the following format: {""answer"": ""SHAPE""}\nSelect your answer from the following options: cylinder, sphere, cone, or cube. Do not add any additional text to your answer, provide your answer always in the following format: {""answer"": ""SHAPE""}. \n\nUnderstanding the Coordinate System X, Y, Z:\n• X (Depth): Represents the depth relative to the camera. Smaller values indicate objects that are farther away.\n• Y (Horizontal Position): Represents the left-to-right position. A value of zero means the object is centered in the scene, negative values place the object to the left, and positive values to the right.\n• Z (Vertical Position): Represents the height of the object\'s center point. Larger values correspond to higher vertical positions.\n\nHere is the JSON containing details about all objects in the scene in the image:\n\n{""camera_location"": [9.915478112284436, 0, 5.34366512298584], ""objects"": [{""name"": ""Object_0"", ""size"": 0.701, ""material"": ""metal"", ""3d_coords"": [0.4337781531687439, -2.6611781942048514, 0.699999988079071], ""rotation"": 356.5661926269531, ""color"": ""blue""}, {""name"": ""Object_1"", ""size"": 0.351, ""material"": ""metal"", ""3d_coords"": [-0.05450640608078694, 2.198914454081084, 0.3499999940395355], ""rotation"": 237.0992431640625, ""color"": ""brown""}, {""name"": ""Object_2"", ""size"": 0.351, ""material"": ""metal"", ""3d_coords"": [-3.1734805579114576, 0.38186470854674437, 0.3499999940395355], ""rotation"": 352.2261962890625, ""color"": ""green""}]}\n\nWhat is the shape of the object named \'Object_0\'?  ASSISTANT:\nassistant\n{""answer"": ""cylinder""}']",cylinder,"{""answer"": ""cylinder""}",3,"user
 USER:  
This image shows a minimalist arrangement of 3D geometric shapes made of different materials and colors. The JSON provided contains information about all objects in the scene, including their name, 3D coordinates (represented as [X, Y, Z]), material (metal = shinny, rubber = matte), and other attributes. 
Your job is to analyze this information, find the object named 'Object_0', use its attributes to identify which object in the image corresponds to that object, and retrieve its shape in the following format: {""answer"": ""SHAPE""}
Select your answer from the following options: cylinder, sphere, cone, or cube. Do not add any additional text to your answer, provide your answer always in the following format: {""answer"": ""SHAPE""}. 

Understanding the Coordinate System X, Y, Z:
• X (Depth): Represents the depth relative to the camera. Smaller values indicate objects that are farther away.
• Y (Horizontal Position): Represents the left-to-right position. A value of zero means the object is centered in the scene, negative values place the object to the left, and positive values to the right.
• Z (Vertical Position): Represents the height of the object's center point. Larger values correspond to higher vertical positions.

Here is the JSON containing details about all objects in the scene in the image:

{""camera_location"": [9.915478112284436, 0, 5.34366512298584], ""objects"": [{""name"": ""Object_0"", ""size"": 0.701, ""material"": ""metal"", ""3d_coords"": [0.4337781531687439, -2.6611781942048514, 0.699999988079071], ""rotation"": 356.5661926269531, ""color"": ""blue""}, {""name"": ""Object_1"", ""size"": 0.351, ""material"": ""metal"", ""3d_coords"": [-0.05450640608078694, 2.198914454081084, 0.3499999940395355], ""rotation"": 237.0992431640625, ""color"": ""brown""}, {""name"": ""Object_2"", ""size"": 0.351, ""material"": ""metal"", ""3d_coords"": [-3.1734805579114576, 0.38186470854674437, 0.3499999940395355], ""rotation"": 352.2261962890625, ""color"": ""green""}]}

What is the shape of the object named 'Object_0'?  ASSISTANT:
assistant
{""answer"": ""cube""}",cube,"{""answer"": ""cylinder""}",3
41,29.076742,52.287773,69.65234,69.95721,65.41667,63.327625,75.699554,80.5456,96.43015,95.831184,87.16858,79.25403,85.521034,91.27417,94.682434,98.044174,103.75909,83.710335,86.18612,88.93426,102.64193,116.87479,107.55726,112.04143,112.76963,116.30833,104.221825,110.1308,110.694405,120.451294,128.36165,135.77606,143.02364,131.85432,110.33778,91.26851,10.8085785,Text tokens,2962,3927,"['user\n USER:  \nThis image shows a minimalist arrangement of 3D geometric shapes made of different materials and colors. The JSON provided contains information about all objects in the scene, including their name, 3D coordinates (represented as [X, Y, Z]), material (metal = shinny, rubber = matte), and other attributes. \nYour job is to analyze this information, find the object named \'Object_3\', use its attributes to identify which object in the image corresponds to that object, and retrieve its shape in the following format: {""answer"": ""SHAPE""}\nSelect your answer from the following options: cylinder, sphere, cone, or cube. Do not add any additional text to your answer, provide your answer always in the following format: {""answer"": ""SHAPE""}. \n\nUnderstanding the Coordinate System X, Y, Z:\n• X (Depth): Represents the depth relative to the camera. Smaller values indicate objects that are farther away.\n• Y (Horizontal Position): Represents the left-to-right position. A value of zero means the object is centered in the scene, negative values place the object to the left, and positive values to the right.\n• Z (Vertical Position): Represents the height of the object\'s center point. Larger values correspond to higher vertical positions.\n\nHere is the JSON containing details about all objects in the scene in the image:\n\n{""camera_location"": [9.915478112284436, 0, 5.34366512298584], ""objects"": [{""name"": ""Object_0"", ""size"": 0.351, ""material"": ""rubber"", ""3d_coords"": [-1.6888785111555271, 0.540339075789151, 0.3499999940395355], ""rotation"": 91.23738861083984, ""color"": ""brown""}, {""name"": ""Object_1"", ""size"": 0.701, ""material"": ""rubber"", ""3d_coords"": [-0.9148265253929692, -2.7838065746464196, 0.699999988079071], ""rotation"": 271.3207092285156, ""color"": ""red""}, {""name"": ""Object_2"", ""size"": 0.7, ""material"": ""rubber"", ""3d_coords"": [1.475628933305564, -0.019488729072218436, 0.699999988079071], ""rotation"": 314.40887451171875, ""color"": ""purple""}, {""name"": ""Object_3"", ""size"": 0.351, ""material"": ""rubber"", ""3d_coords"": [2.6169532545284273, 1.186243615549199, 0.3499999940395355], ""rotation"": 291.8819274902344, ""color"": ""blue""}, {""name"": ""Object_4"", ""size"": 0.351, ""material"": ""metal"", ""3d_coords"": [0.5733596462810078, -3.358965683522768, 0.3499999940395355], ""rotation"": 92.6231689453125, ""color"": ""green""}, {""name"": ""Object_5"", ""size"": 0.7, ""material"": ""rubber"", ""3d_coords"": [2.113236097176041, -1.9734188774614947, 0.699999988079071], ""rotation"": 48.73370361328125, ""color"": ""blue""}, {""name"": ""Object_6"", ""size"": 0.7, ""material"": ""rubber"", ""3d_coords"": [3.7850884581391826, -0.4626334917723809, 0.699999988079071], ""rotation"": 84.19384765625, ""color"": ""gray""}, {""name"": ""Object_7"", ""size"": 0.351, ""material"": ""metal"", ""3d_coords"": [-0.4861812070912641, 2.856572250346188, 0.3499999940395355], ""rotation"": 178.0629119873047, ""color"": ""yellow""}, {""name"": ""Object_8"", ""size"": 0.7, ""material"": ""rubber"", ""3d_coords"": [-0.0817124487712576, 1.6070718035183964, 0.699999988079071], ""rotation"": 317.31939697265625, ""color"": ""yellow""}, {""name"": ""Object_9"", ""size"": 0.701, ""material"": ""metal"", ""3d_coords"": [0.9933769803388244, 3.2748547863823436, 0.699999988079071], ""rotation"": 328.98602294921875, ""color"": ""cyan""}]}\n\nWhat is the shape of the object named \'Object_3\'?  ASSISTANT:\nassistant\n{""answer"": ""cylinder""}']",cylinder,"{""answer"": ""cylinder""}",10,"user
 USER:  
This image shows a minimalist arrangement of 3D geometric shapes made of different materials and colors. The JSON provided contains information about all objects in the scene, including their name, 3D coordinates (represented as [X, Y, Z]), material (metal = shinny, rubber = matte), and other attributes. 
Your job is to analyze this information, find the object named 'Object_3', use its attributes to identify which object in the image corresponds to that object, and retrieve its shape in the following format: {""answer"": ""SHAPE""}
Select your answer from the following options: cylinder, sphere, cone, or cube. Do not add any additional text to your answer, provide your answer always in the following format: {""answer"": ""SHAPE""}. 

Understanding the Coordinate System X, Y, Z:
• X (Depth): Represents the depth relative to the camera. Smaller values indicate objects that are farther away.
• Y (Horizontal Position): Represents the left-to-right position. A value of zero means the object is centered in the scene, negative values place the object to the left, and positive values to the right.
• Z (Vertical Position): Represents the height of the object's center point. Larger values correspond to higher vertical positions.

Here is the JSON containing details about all objects in the scene in the image:

{""camera_location"": [9.915478112284436, 0, 5.34366512298584], ""objects"": [{""name"": ""Object_0"", ""size"": 0.351, ""material"": ""rubber"", ""3d_coords"": [-1.6888785111555271, 0.540339075789151, 0.3499999940395355], ""rotation"": 91.23738861083984, ""color"": ""brown""}, {""name"": ""Object_1"", ""size"": 0.701, ""material"": ""rubber"", ""3d_coords"": [-0.9148265253929692, -2.7838065746464196, 0.699999988079071], ""rotation"": 271.3207092285156, ""color"": ""red""}, {""name"": ""Object_2"", ""size"": 0.7, ""material"": ""rubber"", ""3d_coords"": [1.475628933305564, -0.019488729072218436, 0.699999988079071], ""rotation"": 314.40887451171875, ""color"": ""purple""}, {""name"": ""Object_3"", ""size"": 0.351, ""material"": ""rubber"", ""3d_coords"": [2.6169532545284273, 1.186243615549199, 0.3499999940395355], ""rotation"": 291.8819274902344, ""color"": ""blue""}, {""name"": ""Object_4"", ""size"": 0.351, ""material"": ""metal"", ""3d_coords"": [0.5733596462810078, -3.358965683522768, 0.3499999940395355], ""rotation"": 92.6231689453125, ""color"": ""green""}, {""name"": ""Object_5"", ""size"": 0.7, ""material"": ""rubber"", ""3d_coords"": [2.113236097176041, -1.9734188774614947, 0.699999988079071], ""rotation"": 48.73370361328125, ""color"": ""blue""}, {""name"": ""Object_6"", ""size"": 0.7, ""material"": ""rubber"", ""3d_coords"": [3.7850884581391826, -0.4626334917723809, 0.699999988079071], ""rotation"": 84.19384765625, ""color"": ""gray""}, {""name"": ""Object_7"", ""size"": 0.351, ""material"": ""metal"", ""3d_coords"": [-0.4861812070912641, 2.856572250346188, 0.3499999940395355], ""rotation"": 178.0629119873047, ""color"": ""yellow""}, {""name"": ""Object_8"", ""size"": 0.7, ""material"": ""rubber"", ""3d_coords"": [-0.0817124487712576, 1.6070718035183964, 0.699999988079071], ""rotation"": 317.31939697265625, ""color"": ""yellow""}, {""name"": ""Object_9"", ""size"": 0.701, ""material"": ""metal"", ""3d_coords"": [0.9933769803388244, 3.2748547863823436, 0.699999988079071], ""rotation"": 328.98602294921875, ""color"": ""cyan""}]}

What is the shape of the object named 'Object_3'?  ASSISTANT:
assistant
{""answer"": ""cube""}",cube,"{""answer"": ""cylinder""}",10
42,31.843258,57.40127,76.223526,77.1477,73.2038,71.64858,84.147354,68.17246,84.937,87.34275,81.34186,74.22449,81.0303,86.01184,90.37894,93.016266,98.47913,66.86265,70.723885,76.02123,91.94684,108.617744,107.73527,116.06793,119.32841,124.56542,116.697914,123.33217,124.3583,133.6369,141.12863,147.01866,153.11845,143.48141,124.05044,107.88579,16.800093,Text tokens,1575,2119,"['user\n USER:  \nThis image shows a minimalist arrangement of 3D geometric shapes made of different materials and colors. The JSON provided contains information about all objects in the scene, including their name, 3D coordinates (represented as [X, Y, Z]), material (metal = shinny, rubber = matte), and other attributes. \nYour job is to analyze this information, find the object at coordinates [0.15616377393066294, -2.6064759026037203, 0.699999988079071], use its attributes to identify which object in the image corresponds to that object, and retrieve its shape in the following format: {""answer"": ""SHAPE""}\nSelect your answer from the following options: cylinder, sphere, cone, or cube. Do not add any additional text to your answer, provide your answer always in the following format: {""answer"": ""SHAPE""}. \n\nUnderstanding the Coordinate System X, Y, Z:\n• X (Depth): Represents the depth relative to the camera. Smaller values indicate objects that are farther away.\n• Y (Horizontal Position): Represents the left-to-right position. A value of zero means the object is centered in the scene, negative values place the object to the left, and positive values to the right.\n• Z (Vertical Position): Represents the height of the object\'s center point. Larger values correspond to higher vertical positions.\n\nHere is the JSON containing details about all objects in the scene in the image:\n\n{""camera_location"": [9.915478112284436, 0, 5.34366512298584], ""objects"": [{""name"": ""Object_0"", ""size"": 0.7, ""material"": ""metal"", ""3d_coords"": [1.7304667975443413, 2.2130057469769695, 0.699999988079071], ""rotation"": 202.48004150390625, ""color"": ""yellow""}, {""name"": ""Object_1"", ""size"": 0.7, ""material"": ""metal"", ""3d_coords"": [-0.5822329313969192, 0.3480977667419922, 0.699999988079071], ""rotation"": 143.5280303955078, ""color"": ""brown""}, {""name"": ""Object_2"", ""size"": 0.701, ""material"": ""metal"", ""3d_coords"": [-2.4888892879332625, 0.815581223543131, 0.699999988079071], ""rotation"": 278.4424743652344, ""color"": ""purple""}, {""name"": ""Object_3"", ""size"": 0.7, ""material"": ""metal"", ""3d_coords"": [0.15616377393066294, -2.6064759026037203, 0.699999988079071], ""rotation"": 44.71331024169922, ""color"": ""gray""}, {""name"": ""Object_4"", ""size"": 0.351, ""material"": ""metal"", ""3d_coords"": [2.341498283759165, -1.031870394110754, 0.3499999940395355], ""rotation"": 223.755615234375, ""color"": ""gray""}, {""name"": ""Object_5"", ""size"": 0.351, ""material"": ""rubber"", ""3d_coords"": [-1.6049152181283342, -1.7266440701270231, 0.3499999940395355], ""rotation"": 73.1736068725586, ""color"": ""blue""}]}\n\nWhat is the shape of the object at the coordinates [0.15616377393066294, -2.6064759026037203, 0.699999988079071]?  ASSISTANT:\nassistant\n{""answer"": ""cylinder""}']",cylinder,"{""answer"": ""cylinder""}",6,"user
 USER:  
This image shows a minimalist arrangement of 3D geometric shapes made of different materials and colors. The JSON provided contains information about all objects in the scene, including their name, 3D coordinates (represented as [X, Y, Z]), material (metal = shinny, rubber = matte), and other attributes. 
Your job is to analyze this information, find the object at coordinates [0.15616377393066294, -2.6064759026037203, 0.699999988079071], use its attributes to identify which object in the image corresponds to that object, and retrieve its shape in the following format: {""answer"": ""SHAPE""}
Select your answer from the following options: cylinder, sphere, cone, or cube. Do not add any additional text to your answer, provide your answer always in the following format: {""answer"": ""SHAPE""}. 

Understanding the Coordinate System X, Y, Z:
• X (Depth): Represents the depth relative to the camera. Smaller values indicate objects that are farther away.
• Y (Horizontal Position): Represents the left-to-right position. A value of zero means the object is centered in the scene, negative values place the object to the left, and positive values to the right.
• Z (Vertical Position): Represents the height of the object's center point. Larger values correspond to higher vertical positions.

Here is the JSON containing details about all objects in the scene in the image:

{""camera_location"": [9.915478112284436, 0, 5.34366512298584], ""objects"": [{""name"": ""Object_0"", ""size"": 0.7, ""material"": ""metal"", ""3d_coords"": [1.7304667975443413, 2.2130057469769695, 0.699999988079071], ""rotation"": 202.48004150390625, ""color"": ""yellow""}, {""name"": ""Object_1"", ""size"": 0.7, ""material"": ""metal"", ""3d_coords"": [-0.5822329313969192, 0.3480977667419922, 0.699999988079071], ""rotation"": 143.5280303955078, ""color"": ""brown""}, {""name"": ""Object_2"", ""size"": 0.701, ""material"": ""metal"", ""3d_coords"": [-2.4888892879332625, 0.815581223543131, 0.699999988079071], ""rotation"": 278.4424743652344, ""color"": ""purple""}, {""name"": ""Object_3"", ""size"": 0.7, ""material"": ""metal"", ""3d_coords"": [0.15616377393066294, -2.6064759026037203, 0.699999988079071], ""rotation"": 44.71331024169922, ""color"": ""gray""}, {""name"": ""Object_4"", ""size"": 0.351, ""material"": ""metal"", ""3d_coords"": [2.341498283759165, -1.031870394110754, 0.3499999940395355], ""rotation"": 223.755615234375, ""color"": ""gray""}, {""name"": ""Object_5"", ""size"": 0.351, ""material"": ""rubber"", ""3d_coords"": [-1.6049152181283342, -1.7266440701270231, 0.3499999940395355], ""rotation"": 73.1736068725586, ""color"": ""blue""}]}

What is the shape of the object at the coordinates [0.15616377393066294, -2.6064759026037203, 0.699999988079071]?  ASSISTANT:
assistant
{""answer"": ""cone""}",cone,"{""answer"": ""cylinder""}",6
43,30.692396,55.406933,73.70079,74.38949,70.37798,68.41491,81.04912,75.62613,91.41756,92.53124,85.044266,77.62793,83.72499,89.50267,93.68003,95.62469,101.22968,81.82224,84.80648,88.20035,102.711845,117.85375,110.8996,116.17662,117.12311,121.020386,110.66955,116.42125,117.43492,127.06254,134.47105,140.97723,147.57439,137.30727,117.22122,99.94451,14.9033165,Text tokens,569,797,"['user\n USER:  \nThis image shows a minimalist arrangement of 3D geometric shapes made of different materials and colors. The JSON provided contains information about all objects in the scene, including their name, 3D coordinates (represented as [X, Y, Z]), material (metal = shinny, rubber = matte), and other attributes. \nYour job is to analyze this information, find the object with a rotation of 292.74664306640625, use its attributes to identify which object in the image corresponds to that object, and retrieve its shape in the following format: {""answer"": ""SHAPE""}\nSelect your answer from the following options: cylinder, sphere, cone, or cube. Do not add any additional text to your answer, provide your answer always in the following format: {""answer"": ""SHAPE""}. \n\nUnderstanding the Coordinate System X, Y, Z:\n• X (Depth): Represents the depth relative to the camera. Smaller values indicate objects that are farther away.\n• Y (Horizontal Position): Represents the left-to-right position. A value of zero means the object is centered in the scene, negative values place the object to the left, and positive values to the right.\n• Z (Vertical Position): Represents the height of the object\'s center point. Larger values correspond to higher vertical positions.\n\nHere is the JSON containing details about all objects in the scene in the image:\n\n{""camera_location"": [9.915478112284436, 0, 5.34366512298584], ""objects"": [{""name"": ""Object_0"", ""size"": 0.7, ""material"": ""rubber"", ""3d_coords"": [3.398829362576369, -0.4467946571875667, 0.699999988079071], ""rotation"": 143.14566040039062, ""color"": ""green""}, {""name"": ""Object_1"", ""size"": 0.351, ""material"": ""metal"", ""3d_coords"": [2.9104856875329155, 1.1361884050211255, 0.3499999940395355], ""rotation"": 309.25079345703125, ""color"": ""cyan""}, {""name"": ""Object_2"", ""size"": 0.7, ""material"": ""rubber"", ""3d_coords"": [0.5940934159379294, 1.5451937614164404, 0.699999988079071], ""rotation"": 155.47381591796875, ""color"": ""brown""}, {""name"": ""Object_3"", ""size"": 0.351, ""material"": ""metal"", ""3d_coords"": [-0.7643876386780498, 2.1753909749200764, 0.3499999940395355], ""rotation"": 254.08737182617188, ""color"": ""green""}, {""name"": ""Object_4"", ""size"": 0.7, ""material"": ""metal"", ""3d_coords"": [-1.916502570023806, -1.3471591376759418, 0.699999988079071], ""rotation"": 287.2309265136719, ""color"": ""yellow""}, {""name"": ""Object_5"", ""size"": 0.7, ""material"": ""rubber"", ""3d_coords"": [-3.7753080171725792, 0.686387177850581, 0.699999988079071], ""rotation"": 167.27239990234375, ""color"": ""gray""}, {""name"": ""Object_6"", ""size"": 0.7, ""material"": ""metal"", ""3d_coords"": [-0.16594942284036907, -3.241313056527682, 0.699999988079071], ""rotation"": 292.74664306640625, ""color"": ""green""}, {""name"": ""Object_7"", ""size"": 0.7, ""material"": ""metal"", ""3d_coords"": [1.3581774635280104, -1.9073316611155742, 0.699999988079071], ""rotation"": 211.51966857910156, ""color"": ""blue""}]}\n\nWhat is the shape of the object with a rotation of 292.74664306640625?  ASSISTANT:\nassistant\n{""answer"": ""sphere""}']",sphere,"{""answer"": ""sphere""}",8,"user
 USER:  
This image shows a minimalist arrangement of 3D geometric shapes made of different materials and colors. The JSON provided contains information about all objects in the scene, including their name, 3D coordinates (represented as [X, Y, Z]), material (metal = shinny, rubber = matte), and other attributes. 
Your job is to analyze this information, find the object with a rotation of 292.74664306640625, use its attributes to identify which object in the image corresponds to that object, and retrieve its shape in the following format: {""answer"": ""SHAPE""}
Select your answer from the following options: cylinder, sphere, cone, or cube. Do not add any additional text to your answer, provide your answer always in the following format: {""answer"": ""SHAPE""}. 

Understanding the Coordinate System X, Y, Z:
• X (Depth): Represents the depth relative to the camera. Smaller values indicate objects that are farther away.
• Y (Horizontal Position): Represents the left-to-right position. A value of zero means the object is centered in the scene, negative values place the object to the left, and positive values to the right.
• Z (Vertical Position): Represents the height of the object's center point. Larger values correspond to higher vertical positions.

Here is the JSON containing details about all objects in the scene in the image:

{""camera_location"": [9.915478112284436, 0, 5.34366512298584], ""objects"": [{""name"": ""Object_0"", ""size"": 0.7, ""material"": ""rubber"", ""3d_coords"": [3.398829362576369, -0.4467946571875667, 0.699999988079071], ""rotation"": 143.14566040039062, ""color"": ""green""}, {""name"": ""Object_1"", ""size"": 0.351, ""material"": ""metal"", ""3d_coords"": [2.9104856875329155, 1.1361884050211255, 0.3499999940395355], ""rotation"": 309.25079345703125, ""color"": ""cyan""}, {""name"": ""Object_2"", ""size"": 0.7, ""material"": ""rubber"", ""3d_coords"": [0.5940934159379294, 1.5451937614164404, 0.699999988079071], ""rotation"": 155.47381591796875, ""color"": ""brown""}, {""name"": ""Object_3"", ""size"": 0.351, ""material"": ""metal"", ""3d_coords"": [-0.7643876386780498, 2.1753909749200764, 0.3499999940395355], ""rotation"": 254.08737182617188, ""color"": ""green""}, {""name"": ""Object_4"", ""size"": 0.7, ""material"": ""metal"", ""3d_coords"": [-1.916502570023806, -1.3471591376759418, 0.699999988079071], ""rotation"": 287.2309265136719, ""color"": ""yellow""}, {""name"": ""Object_5"", ""size"": 0.7, ""material"": ""rubber"", ""3d_coords"": [-3.7753080171725792, 0.686387177850581, 0.699999988079071], ""rotation"": 167.27239990234375, ""color"": ""gray""}, {""name"": ""Object_6"", ""size"": 0.7, ""material"": ""metal"", ""3d_coords"": [-0.16594942284036907, -3.241313056527682, 0.699999988079071], ""rotation"": 292.74664306640625, ""color"": ""green""}, {""name"": ""Object_7"", ""size"": 0.7, ""material"": ""metal"", ""3d_coords"": [1.3581774635280104, -1.9073316611155742, 0.699999988079071], ""rotation"": 211.51966857910156, ""color"": ""blue""}]}

What is the shape of the object with a rotation of 292.74664306640625?  ASSISTANT:
assistant
{""answer"": ""cube""}",cube,"{""answer"": ""sphere""}",8
44,27.25691,49.685055,67.12595,67.73926,64.06372,61.993046,73.780754,81.52229,97.550514,96.71829,88.31141,79.9037,86.4366,92.41977,96.32708,99.44209,105.58787,91.58584,94.40248,97.465996,109.0841,122.599365,115.437386,117.861046,117.71772,120.989,109.2451,114.749466,116.06119,125.753105,134.90515,141.0635,147.76964,135.57532,114.46392,95.2353,12.731941,Text tokens,375,527,"['user\n USER:  \nThis image shows a minimalist arrangement of 3D geometric shapes made of different materials and colors. The JSON provided contains information about all objects in the scene, including their name, 3D coordinates (represented as [X, Y, Z]), material (metal = shinny, rubber = matte), and other attributes. \nYour job is to analyze this information, find the object at coordinates [1.2975885998635, 0.8401339439657924, 0.699999988079071], use its attributes to identify which object in the image corresponds to that object, and retrieve its shape in the following format: {""answer"": ""SHAPE""}\nSelect your answer from the following options: cylinder, sphere, cone, or cube. Do not add any additional text to your answer, provide your answer always in the following format: {""answer"": ""SHAPE""}. \n\nUnderstanding the Coordinate System X, Y, Z:\n• X (Depth): Represents the depth relative to the camera. Smaller values indicate objects that are farther away.\n• Y (Horizontal Position): Represents the left-to-right position. A value of zero means the object is centered in the scene, negative values place the object to the left, and positive values to the right.\n• Z (Vertical Position): Represents the height of the object\'s center point. Larger values correspond to higher vertical positions.\n\nHere is the JSON containing details about all objects in the scene in the image:\n\n{""camera_location"": [9.915478112284436, 0, 5.34366512298584], ""objects"": [{""name"": ""Object_0"", ""size"": 0.7, ""material"": ""metal"", ""3d_coords"": [1.2975885998635, 0.8401339439657924, 0.699999988079071], ""rotation"": 141.06199645996094, ""color"": ""brown""}, {""name"": ""Object_1"", ""size"": 0.351, ""material"": ""metal"", ""3d_coords"": [-1.11097150480081, -0.6451276625650629, 0.3499999940395355], ""rotation"": 210.06138610839844, ""color"": ""blue""}, {""name"": ""Object_2"", ""size"": 0.351, ""material"": ""rubber"", ""3d_coords"": [-3.8298335812795212, 0.3357451414887449, 0.3499999940395355], ""rotation"": 358.92822265625, ""color"": ""red""}, {""name"": ""Object_3"", ""size"": 0.351, ""material"": ""rubber"", ""3d_coords"": [2.0505319966856463, -1.4080122271918298, 0.3499999940395355], ""rotation"": 52.902915954589844, ""color"": ""brown""}, {""name"": ""Object_4"", ""size"": 0.7, ""material"": ""metal"", ""3d_coords"": [-0.28984701928461887, 2.180178895681414, 0.699999988079071], ""rotation"": 49.58009338378906, ""color"": ""cyan""}, {""name"": ""Object_5"", ""size"": 0.351, ""material"": ""rubber"", ""3d_coords"": [0.5374585911402288, -3.071383754879487, 0.3499999940395355], ""rotation"": 296.5390319824219, ""color"": ""red""}, {""name"": ""Object_6"", ""size"": 0.351, ""material"": ""rubber"", ""3d_coords"": [2.5342186305058396, 1.5102809134777464, 0.3499999940395355], ""rotation"": 280.4223327636719, ""color"": ""brown""}, {""name"": ""Object_7"", ""size"": 0.351, ""material"": ""metal"", ""3d_coords"": [0.13396782163879895, 3.4402926143280492, 0.3499999940395355], ""rotation"": 6.088474750518799, ""color"": ""gray""}, {""name"": ""Object_8"", ""size"": 0.7, ""material"": ""metal"", ""3d_coords"": [-1.6510812732315323, -2.43466923881069, 0.699999988079071], ""rotation"": 183.10250854492188, ""color"": ""yellow""}, {""name"": ""Object_9"", ""size"": 0.7, ""material"": ""metal"", ""3d_coords"": [3.923481706678918, -0.23059292614586946, 0.699999988079071], ""rotation"": 63.481056213378906, ""color"": ""brown""}]}\n\nWhat is the shape of the object at the coordinates [1.2975885998635, 0.8401339439657924, 0.699999988079071]?  ASSISTANT:\nassistant\n{""answer"": ""sphere""}']",sphere,"{""answer"": ""cylinder""}",10,"user
 USER:  
This image shows a minimalist arrangement of 3D geometric shapes made of different materials and colors. The JSON provided contains information about all objects in the scene, including their name, 3D coordinates (represented as [X, Y, Z]), material (metal = shinny, rubber = matte), and other attributes. 
Your job is to analyze this information, find the object at coordinates [1.2975885998635, 0.8401339439657924, 0.699999988079071], use its attributes to identify which object in the image corresponds to that object, and retrieve its shape in the following format: {""answer"": ""SHAPE""}
Select your answer from the following options: cylinder, sphere, cone, or cube. Do not add any additional text to your answer, provide your answer always in the following format: {""answer"": ""SHAPE""}. 

Understanding the Coordinate System X, Y, Z:
• X (Depth): Represents the depth relative to the camera. Smaller values indicate objects that are farther away.
• Y (Horizontal Position): Represents the left-to-right position. A value of zero means the object is centered in the scene, negative values place the object to the left, and positive values to the right.
• Z (Vertical Position): Represents the height of the object's center point. Larger values correspond to higher vertical positions.

Here is the JSON containing details about all objects in the scene in the image:

{""camera_location"": [9.915478112284436, 0, 5.34366512298584], ""objects"": [{""name"": ""Object_0"", ""size"": 0.7, ""material"": ""metal"", ""3d_coords"": [1.2975885998635, 0.8401339439657924, 0.699999988079071], ""rotation"": 141.06199645996094, ""color"": ""brown""}, {""name"": ""Object_1"", ""size"": 0.351, ""material"": ""metal"", ""3d_coords"": [-1.11097150480081, -0.6451276625650629, 0.3499999940395355], ""rotation"": 210.06138610839844, ""color"": ""blue""}, {""name"": ""Object_2"", ""size"": 0.351, ""material"": ""rubber"", ""3d_coords"": [-3.8298335812795212, 0.3357451414887449, 0.3499999940395355], ""rotation"": 358.92822265625, ""color"": ""red""}, {""name"": ""Object_3"", ""size"": 0.351, ""material"": ""rubber"", ""3d_coords"": [2.0505319966856463, -1.4080122271918298, 0.3499999940395355], ""rotation"": 52.902915954589844, ""color"": ""brown""}, {""name"": ""Object_4"", ""size"": 0.7, ""material"": ""metal"", ""3d_coords"": [-0.28984701928461887, 2.180178895681414, 0.699999988079071], ""rotation"": 49.58009338378906, ""color"": ""cyan""}, {""name"": ""Object_5"", ""size"": 0.351, ""material"": ""rubber"", ""3d_coords"": [0.5374585911402288, -3.071383754879487, 0.3499999940395355], ""rotation"": 296.5390319824219, ""color"": ""red""}, {""name"": ""Object_6"", ""size"": 0.351, ""material"": ""rubber"", ""3d_coords"": [2.5342186305058396, 1.5102809134777464, 0.3499999940395355], ""rotation"": 280.4223327636719, ""color"": ""brown""}, {""name"": ""Object_7"", ""size"": 0.351, ""material"": ""metal"", ""3d_coords"": [0.13396782163879895, 3.4402926143280492, 0.3499999940395355], ""rotation"": 6.088474750518799, ""color"": ""gray""}, {""name"": ""Object_8"", ""size"": 0.7, ""material"": ""metal"", ""3d_coords"": [-1.6510812732315323, -2.43466923881069, 0.699999988079071], ""rotation"": 183.10250854492188, ""color"": ""yellow""}, {""name"": ""Object_9"", ""size"": 0.7, ""material"": ""metal"", ""3d_coords"": [3.923481706678918, -0.23059292614586946, 0.699999988079071], ""rotation"": 63.481056213378906, ""color"": ""brown""}]}

What is the shape of the object at the coordinates [1.2975885998635, 0.8401339439657924, 0.699999988079071]?  ASSISTANT:
assistant
{""answer"": ""cube""}",cube,"{""answer"": ""cylinder""}",10
45,29.293081,53.034996,69.99639,70.52069,66.411385,64.65639,75.90518,68.96853,83.90255,84.39831,77.617935,70.69125,77.22838,82.34854,85.95575,88.73178,93.55495,70.79231,74.09828,77.48333,91.11961,105.89418,99.75401,105.33192,106.47082,109.43191,98.72502,103.99724,105.73629,115.005486,121.83307,126.44929,132.31334,122.19339,102.77481,85.69404,11.827933,Text tokens,1866,2496,"['user\n USER:  \nThis image shows a minimalist arrangement of 3D geometric shapes made of different materials and colors. The JSON provided contains information about all objects in the scene, including their name, 3D coordinates (represented as [X, Y, Z]), material (metal = shinny, rubber = matte), and other attributes. \nYour job is to identify the sphere in the image, match its attributes to identify which of the objects mentioned in the JSON corresponds to that object, and determine its name in the following format: {""answer"": ""NAME""}\nDo not add any additional text to your answer, provide your answer always in the following format: {""answer"": ""NAME""}. \n\nUnderstanding the Coordinate System X, Y, Z:\n• X (Depth): Represents the depth relative to the camera. Smaller values indicate objects that are farther away.\n• Y (Horizontal Position): Represents the left-to-right position. A value of zero means the object is centered in the scene, negative values place the object to the left, and positive values to the right.\n• Z (Vertical Position): Represents the height of the object\'s center point. Larger values correspond to higher vertical positions.\n\nHere is the JSON containing details about all objects in the scene in the image:\n\n{""camera_location"": [9.915478112284436, 0, 5.34366512298584], ""objects"": [{""name"": ""Object_0"", ""size"": 0.351, ""material"": ""rubber"", ""3d_coords"": [-2.8293878996901167, 0.3909492456312882, 0.3499999940395355], ""rotation"": 49.88738250732422, ""color"": ""green""}, {""name"": ""Object_1"", ""size"": 0.351, ""material"": ""rubber"", ""3d_coords"": [2.1039685623454045, -1.0193898134469384, 0.3499999940395355], ""rotation"": 55.51902389526367, ""color"": ""purple""}, {""name"": ""Object_2"", ""size"": 0.351, ""material"": ""metal"", ""3d_coords"": [-1.0769572940387575, 2.2458004040396533, 0.3499999940395355], ""rotation"": 250.79107666015625, ""color"": ""purple""}, {""name"": ""Object_3"", ""size"": 0.351, ""material"": ""metal"", ""3d_coords"": [0.034745539464317465, -1.9064749141967274, 0.3499999940395355], ""rotation"": 63.2608757019043, ""color"": ""blue""}, {""name"": ""Object_4"", ""size"": 0.351, ""material"": ""metal"", ""3d_coords"": [0.5205568001150827, 2.898294492315145, 0.3499999940395355], ""rotation"": 0.9429035782814026, ""color"": ""blue""}, {""name"": ""Object_5"", ""size"": 0.351, ""material"": ""rubber"", ""3d_coords"": [3.1355925540828053, -0.2558178346951985, 0.3499999940395355], ""rotation"": 26.9901180267334, ""color"": ""brown""}, {""name"": ""Object_6"", ""size"": 0.351, ""material"": ""rubber"", ""3d_coords"": [-0.39602216191556283, 1.2910664044784717, 0.3499999940395355], ""rotation"": 38.762420654296875, ""color"": ""cyan""}, {""name"": ""Object_7"", ""size"": 0.351, ""material"": ""metal"", ""3d_coords"": [1.4291195139115145, 1.7445218192966587, 0.3499999940395355], ""rotation"": 111.04891967773438, ""color"": ""red""}]}\n\nWhat is the name of the sphere?  ASSISTANT:\nassistant\n{""answer"": ""Object_3""}']",Object_3,"{""answer"": ""Object_4""}",8,"user
 USER:  
This image shows a minimalist arrangement of 3D geometric shapes made of different materials and colors. The JSON provided contains information about all objects in the scene, including their name, 3D coordinates (represented as [X, Y, Z]), material (metal = shinny, rubber = matte), and other attributes. 
Your job is to identify the sphere in the image, match its attributes to identify which of the objects mentioned in the JSON corresponds to that object, and determine its name in the following format: {""answer"": ""NAME""}
Do not add any additional text to your answer, provide your answer always in the following format: {""answer"": ""NAME""}. 

Understanding the Coordinate System X, Y, Z:
• X (Depth): Represents the depth relative to the camera. Smaller values indicate objects that are farther away.
• Y (Horizontal Position): Represents the left-to-right position. A value of zero means the object is centered in the scene, negative values place the object to the left, and positive values to the right.
• Z (Vertical Position): Represents the height of the object's center point. Larger values correspond to higher vertical positions.

Here is the JSON containing details about all objects in the scene in the image:

{""camera_location"": [9.915478112284436, 0, 5.34366512298584], ""objects"": [{""name"": ""Object_0"", ""size"": 0.351, ""material"": ""rubber"", ""3d_coords"": [-2.8293878996901167, 0.3909492456312882, 0.3499999940395355], ""rotation"": 49.88738250732422, ""color"": ""green""}, {""name"": ""Object_1"", ""size"": 0.351, ""material"": ""rubber"", ""3d_coords"": [2.1039685623454045, -1.0193898134469384, 0.3499999940395355], ""rotation"": 55.51902389526367, ""color"": ""purple""}, {""name"": ""Object_2"", ""size"": 0.351, ""material"": ""metal"", ""3d_coords"": [-1.0769572940387575, 2.2458004040396533, 0.3499999940395355], ""rotation"": 250.79107666015625, ""color"": ""purple""}, {""name"": ""Object_3"", ""size"": 0.351, ""material"": ""metal"", ""3d_coords"": [0.034745539464317465, -1.9064749141967274, 0.3499999940395355], ""rotation"": 63.2608757019043, ""color"": ""blue""}, {""name"": ""Object_4"", ""size"": 0.351, ""material"": ""metal"", ""3d_coords"": [0.5205568001150827, 2.898294492315145, 0.3499999940395355], ""rotation"": 0.9429035782814026, ""color"": ""blue""}, {""name"": ""Object_5"", ""size"": 0.351, ""material"": ""rubber"", ""3d_coords"": [3.1355925540828053, -0.2558178346951985, 0.3499999940395355], ""rotation"": 26.9901180267334, ""color"": ""brown""}, {""name"": ""Object_6"", ""size"": 0.351, ""material"": ""rubber"", ""3d_coords"": [-0.39602216191556283, 1.2910664044784717, 0.3499999940395355], ""rotation"": 38.762420654296875, ""color"": ""cyan""}, {""name"": ""Object_7"", ""size"": 0.351, ""material"": ""metal"", ""3d_coords"": [1.4291195139115145, 1.7445218192966587, 0.3499999940395355], ""rotation"": 111.04891967773438, ""color"": ""red""}]}

What is the name of the sphere?  ASSISTANT:
assistant
{""answer"": ""Object_0""}",Object_0,"{""answer"": ""Object_4""}",8
46,30.45665,54.335846,71.77415,72.13323,67.72204,66.12028,78.30007,71.30785,86.286285,87.87299,80.73825,74.10047,80.62468,85.99097,89.40247,92.163246,96.68228,72.51317,75.407486,78.94177,93.328735,108.886246,102.80495,109.822395,110.73981,114.27216,103.89905,109.87284,110.95726,119.73742,126.49808,132.44879,138.53549,128.9544,109.988464,94.27715,13.848054,Text tokens,2370,3146,"['user\n USER:  \nThis image shows a minimalist arrangement of 3D geometric shapes made of different materials and colors. The JSON provided contains information about all objects in the scene, including their name, 3D coordinates (represented as [X, Y, Z]), material (metal = shinny, rubber = matte), and other attributes. \nYour job is to identify the purple colored object in the image, match its attributes to identify which of the objects mentioned in the JSON corresponds to that object, and determine its rotation in the following format: {""answer"": ""ROTATION""}\nDo not add any additional text to your answer, provide your answer always in the following format: {""answer"": ""ROTATION""}. \n\nUnderstanding the Coordinate System X, Y, Z:\n• X (Depth): Represents the depth relative to the camera. Smaller values indicate objects that are farther away.\n• Y (Horizontal Position): Represents the left-to-right position. A value of zero means the object is centered in the scene, negative values place the object to the left, and positive values to the right.\n• Z (Vertical Position): Represents the height of the object\'s center point. Larger values correspond to higher vertical positions.\n\nHere is the JSON containing details about all objects in the scene in the image:\n\n{""camera_location"": [9.915478112284436, 0, 5.34366512298584], ""objects"": [{""name"": ""Object_0"", ""shape"": ""cube"", ""size"": 0.351, ""material"": ""metal"", ""3d_coords"": [1.9663484620281082, 0.6737628441777787, 0.3499999940395355], ""rotation"": 338.184326171875}, {""name"": ""Object_1"", ""shape"": ""cube"", ""size"": 0.7, ""material"": ""rubber"", ""3d_coords"": [-3.271240244512414, -0.7978345519821368, 0.699999988079071], ""rotation"": 217.46292114257812}, {""name"": ""Object_2"", ""shape"": ""cylinder"", ""size"": 0.351, ""material"": ""metal"", ""3d_coords"": [-0.3649995627391712, 2.1916957880724723, 0.3499999940395355], ""rotation"": 154.05128479003906}, {""name"": ""Object_3"", ""shape"": ""cylinder"", ""size"": 0.351, ""material"": ""rubber"", ""3d_coords"": [-1.6472185430346287, -2.3234978468583054, 0.3499999940395355], ""rotation"": 276.61541748046875}, {""name"": ""Object_4"", ""shape"": ""cube"", ""size"": 0.701, ""material"": ""rubber"", ""3d_coords"": [0.4728637110942111, 3.3065382438076103, 0.699999988079071], ""rotation"": 170.52789306640625}, {""name"": ""Object_5"", ""shape"": ""cylinder"", ""size"": 0.351, ""material"": ""metal"", ""3d_coords"": [1.4511502121596336, -1.4304107648260977, 0.3499999940395355], ""rotation"": 359.98016357421875}, {""name"": ""Object_6"", ""shape"": ""cone"", ""size"": 0.351, ""material"": ""rubber"", ""3d_coords"": [-2.657908889193172, 1.091221656619761, 0.3499999940395355], ""rotation"": 84.4705581665039}, {""name"": ""Object_7"", ""shape"": ""sphere"", ""size"": 0.351, ""material"": ""rubber"", ""3d_coords"": [-1.1491699837653946, -3.1571527397532435, 0.3499999940395355], ""rotation"": 179.01307678222656}]}\n\nWhat is the rotation value of the purple colored object?  ASSISTANT:\nassistant\n{""answer"": ""276.61541748046875""}']",276.61541748046875,"{""answer"": 276.61541748046875}",8,"user
 USER:  
This image shows a minimalist arrangement of 3D geometric shapes made of different materials and colors. The JSON provided contains information about all objects in the scene, including their name, 3D coordinates (represented as [X, Y, Z]), material (metal = shinny, rubber = matte), and other attributes. 
Your job is to identify the purple colored object in the image, match its attributes to identify which of the objects mentioned in the JSON corresponds to that object, and determine its rotation in the following format: {""answer"": ""ROTATION""}
Do not add any additional text to your answer, provide your answer always in the following format: {""answer"": ""ROTATION""}. 

Understanding the Coordinate System X, Y, Z:
• X (Depth): Represents the depth relative to the camera. Smaller values indicate objects that are farther away.
• Y (Horizontal Position): Represents the left-to-right position. A value of zero means the object is centered in the scene, negative values place the object to the left, and positive values to the right.
• Z (Vertical Position): Represents the height of the object's center point. Larger values correspond to higher vertical positions.

Here is the JSON containing details about all objects in the scene in the image:

{""camera_location"": [9.915478112284436, 0, 5.34366512298584], ""objects"": [{""name"": ""Object_0"", ""shape"": ""cube"", ""size"": 0.351, ""material"": ""metal"", ""3d_coords"": [1.9663484620281082, 0.6737628441777787, 0.3499999940395355], ""rotation"": 338.184326171875}, {""name"": ""Object_1"", ""shape"": ""cube"", ""size"": 0.7, ""material"": ""rubber"", ""3d_coords"": [-3.271240244512414, -0.7978345519821368, 0.699999988079071], ""rotation"": 217.46292114257812}, {""name"": ""Object_2"", ""shape"": ""cylinder"", ""size"": 0.351, ""material"": ""metal"", ""3d_coords"": [-0.3649995627391712, 2.1916957880724723, 0.3499999940395355], ""rotation"": 154.05128479003906}, {""name"": ""Object_3"", ""shape"": ""cylinder"", ""size"": 0.351, ""material"": ""rubber"", ""3d_coords"": [-1.6472185430346287, -2.3234978468583054, 0.3499999940395355], ""rotation"": 276.61541748046875}, {""name"": ""Object_4"", ""shape"": ""cube"", ""size"": 0.701, ""material"": ""rubber"", ""3d_coords"": [0.4728637110942111, 3.3065382438076103, 0.699999988079071], ""rotation"": 170.52789306640625}, {""name"": ""Object_5"", ""shape"": ""cylinder"", ""size"": 0.351, ""material"": ""metal"", ""3d_coords"": [1.4511502121596336, -1.4304107648260977, 0.3499999940395355], ""rotation"": 359.98016357421875}, {""name"": ""Object_6"", ""shape"": ""cone"", ""size"": 0.351, ""material"": ""rubber"", ""3d_coords"": [-2.657908889193172, 1.091221656619761, 0.3499999940395355], ""rotation"": 84.4705581665039}, {""name"": ""Object_7"", ""shape"": ""sphere"", ""size"": 0.351, ""material"": ""rubber"", ""3d_coords"": [-1.1491699837653946, -3.1571527397532435, 0.3499999940395355], ""rotation"": 179.01307678222656}]}

What is the rotation value of the purple colored object?  ASSISTANT:
assistant
{""answer"": ""359.98016357421875""}",359.98016357421875,"{""answer"": 276.61541748046875}",8
47,28.752243,51.74171,69.07872,69.45256,64.90227,63.11335,75.22013,80.322266,95.83776,96.04085,87.11726,79.29667,85.63664,91.51839,94.753075,97.712944,103.07059,84.715706,87.10185,89.591995,102.653046,117.093735,107.773544,113.15411,113.03418,116.61331,104.29062,109.84455,111.03426,120.472084,129.03897,136.09206,143.63661,132.91306,111.99597,94.15635,12.391062,Text tokens,653,904,"['user\n USER:  \nThis image shows a minimalist arrangement of 3D geometric shapes made of different materials and colors. The JSON provided contains information about all objects in the scene, including their name, 3D coordinates (represented as [X, Y, Z]), material (metal = shinny, rubber = matte), and other attributes. \nYour job is to analyze this information, find the object named \'Object_1\', use its attributes to identify which object in the image corresponds to that object, and retrieve its color in the following format: {""answer"": ""COLOR""}\nSelect your answer from the following options: gray, red, blue, green, brown, purple, cyan, or yellow. Do not add any additional text to your answer, provide your answer always in the following format: {""answer"": ""COLOR""}. \n\nUnderstanding the Coordinate System X, Y, Z:\n• X (Depth): Represents the depth relative to the camera. Smaller values indicate objects that are farther away.\n• Y (Horizontal Position): Represents the left-to-right position. A value of zero means the object is centered in the scene, negative values place the object to the left, and positive values to the right.\n• Z (Vertical Position): Represents the height of the object\'s center point. Larger values correspond to higher vertical positions.\n\nHere is the JSON containing details about all objects in the scene in the image:\n\n{""camera_location"": [9.915478112284436, 0, 5.34366512298584], ""objects"": [{""name"": ""Object_0"", ""shape"": ""cube"", ""size"": 0.7, ""material"": ""metal"", ""3d_coords"": [2.468893733175896, 0.6475625329632908, 0.699999988079071], ""rotation"": 214.92543029785156}, {""name"": ""Object_1"", ""shape"": ""cube"", ""size"": 0.701, ""material"": ""metal"", ""3d_coords"": [-2.9831698799206667, -0.6553149165423653, 0.699999988079071], ""rotation"": 229.62783813476562}, {""name"": ""Object_2"", ""shape"": ""cube"", ""size"": 0.351, ""material"": ""rubber"", ""3d_coords"": [-1.3304890428772906, 2.5164709815520183, 0.3499999940395355], ""rotation"": 47.335845947265625}, {""name"": ""Object_3"", ""shape"": ""sphere"", ""size"": 0.351, ""material"": ""metal"", ""3d_coords"": [1.8759228890785624, -1.915727289698401, 0.3499999940395355], ""rotation"": 316.53289794921875}, {""name"": ""Object_4"", ""shape"": ""cube"", ""size"": 0.7, ""material"": ""rubber"", ""3d_coords"": [0.6253883379347603, -1.234844054914235, 0.699999988079071], ""rotation"": 349.3927917480469}, {""name"": ""Object_5"", ""shape"": ""cube"", ""size"": 0.351, ""material"": ""metal"", ""3d_coords"": [-0.5381954167312486, -2.685302591057071, 0.3499999940395355], ""rotation"": 72.37040710449219}, {""name"": ""Object_6"", ""shape"": ""sphere"", ""size"": 0.701, ""material"": ""metal"", ""3d_coords"": [-2.1331535273034694, 1.359566973962019, 0.699999988079071], ""rotation"": 111.71510314941406}, {""name"": ""Object_7"", ""shape"": ""cube"", ""size"": 0.351, ""material"": ""rubber"", ""3d_coords"": [4.090673359637737, -0.19905459538621417, 0.3499999940395355], ""rotation"": 16.654754638671875}, {""name"": ""Object_8"", ""shape"": ""cylinder"", ""size"": 0.351, ""material"": ""rubber"", ""3d_coords"": [0.12796171044970683, 3.3528768890315352, 0.3499999940395355], ""rotation"": 190.52114868164062}, {""name"": ""Object_9"", ""shape"": ""cube"", ""size"": 0.351, ""material"": ""metal"", ""3d_coords"": [1.2002038196780207, 2.0730008204385344, 0.3499999940395355], ""rotation"": 62.013465881347656}]}\n\nWhat is the color of the object named \'Object_1\'?  ASSISTANT:\nassistant\n{""answer"": ""red""}']",red,"{""answer"": ""purple""}",10,"user
 USER:  
This image shows a minimalist arrangement of 3D geometric shapes made of different materials and colors. The JSON provided contains information about all objects in the scene, including their name, 3D coordinates (represented as [X, Y, Z]), material (metal = shinny, rubber = matte), and other attributes. 
Your job is to analyze this information, find the object named 'Object_1', use its attributes to identify which object in the image corresponds to that object, and retrieve its color in the following format: {""answer"": ""COLOR""}
Select your answer from the following options: gray, red, blue, green, brown, purple, cyan, or yellow. Do not add any additional text to your answer, provide your answer always in the following format: {""answer"": ""COLOR""}. 

Understanding the Coordinate System X, Y, Z:
• X (Depth): Represents the depth relative to the camera. Smaller values indicate objects that are farther away.
• Y (Horizontal Position): Represents the left-to-right position. A value of zero means the object is centered in the scene, negative values place the object to the left, and positive values to the right.
• Z (Vertical Position): Represents the height of the object's center point. Larger values correspond to higher vertical positions.

Here is the JSON containing details about all objects in the scene in the image:

{""camera_location"": [9.915478112284436, 0, 5.34366512298584], ""objects"": [{""name"": ""Object_0"", ""shape"": ""cube"", ""size"": 0.7, ""material"": ""metal"", ""3d_coords"": [2.468893733175896, 0.6475625329632908, 0.699999988079071], ""rotation"": 214.92543029785156}, {""name"": ""Object_1"", ""shape"": ""cube"", ""size"": 0.701, ""material"": ""metal"", ""3d_coords"": [-2.9831698799206667, -0.6553149165423653, 0.699999988079071], ""rotation"": 229.62783813476562}, {""name"": ""Object_2"", ""shape"": ""cube"", ""size"": 0.351, ""material"": ""rubber"", ""3d_coords"": [-1.3304890428772906, 2.5164709815520183, 0.3499999940395355], ""rotation"": 47.335845947265625}, {""name"": ""Object_3"", ""shape"": ""sphere"", ""size"": 0.351, ""material"": ""metal"", ""3d_coords"": [1.8759228890785624, -1.915727289698401, 0.3499999940395355], ""rotation"": 316.53289794921875}, {""name"": ""Object_4"", ""shape"": ""cube"", ""size"": 0.7, ""material"": ""rubber"", ""3d_coords"": [0.6253883379347603, -1.234844054914235, 0.699999988079071], ""rotation"": 349.3927917480469}, {""name"": ""Object_5"", ""shape"": ""cube"", ""size"": 0.351, ""material"": ""metal"", ""3d_coords"": [-0.5381954167312486, -2.685302591057071, 0.3499999940395355], ""rotation"": 72.37040710449219}, {""name"": ""Object_6"", ""shape"": ""sphere"", ""size"": 0.701, ""material"": ""metal"", ""3d_coords"": [-2.1331535273034694, 1.359566973962019, 0.699999988079071], ""rotation"": 111.71510314941406}, {""name"": ""Object_7"", ""shape"": ""cube"", ""size"": 0.351, ""material"": ""rubber"", ""3d_coords"": [4.090673359637737, -0.19905459538621417, 0.3499999940395355], ""rotation"": 16.654754638671875}, {""name"": ""Object_8"", ""shape"": ""cylinder"", ""size"": 0.351, ""material"": ""rubber"", ""3d_coords"": [0.12796171044970683, 3.3528768890315352, 0.3499999940395355], ""rotation"": 190.52114868164062}, {""name"": ""Object_9"", ""shape"": ""cube"", ""size"": 0.351, ""material"": ""metal"", ""3d_coords"": [1.2002038196780207, 2.0730008204385344, 0.3499999940395355], ""rotation"": 62.013465881347656}]}

What is the color of the object named 'Object_1'?  ASSISTANT:
assistant
{""answer"": ""gray""}",gray,"{""answer"": ""purple""}",10
48,31.767126,57.905186,76.60663,77.67544,73.46585,72.17307,83.833405,67.906166,83.918594,87.03198,81.07822,74.39751,81.659515,86.89079,91.1876,94.2105,99.70253,73.582695,77.57083,82.74353,97.92556,114.05105,112.93188,119.34708,120.11468,125.10954,116.29668,122.16676,123.18712,132.93364,140.24533,145.86365,152.25758,142.19469,122.45663,105.113,13.6383095,Text tokens,1907,2555,"['user\n USER:  \nThis image shows a minimalist arrangement of 3D geometric shapes made of different materials and colors. The JSON provided contains information about all objects in the scene, including their name, 3D coordinates (represented as [X, Y, Z]), material (metal = shinny, rubber = matte), and other attributes. \nYour job is to analyze this information, find the object at coordinates [-2.8131915532347005, 0.6306127206967702, 0.3499999940395355], use its attributes to identify which object in the image corresponds to that object, and retrieve its color in the following format: {""answer"": ""COLOR""}\nSelect your answer from the following options: gray, red, blue, green, brown, purple, cyan, or yellow. Do not add any additional text to your answer, provide your answer always in the following format: {""answer"": ""COLOR""}. \n\nUnderstanding the Coordinate System X, Y, Z:\n• X (Depth): Represents the depth relative to the camera. Smaller values indicate objects that are farther away.\n• Y (Horizontal Position): Represents the left-to-right position. A value of zero means the object is centered in the scene, negative values place the object to the left, and positive values to the right.\n• Z (Vertical Position): Represents the height of the object\'s center point. Larger values correspond to higher vertical positions.\n\nHere is the JSON containing details about all objects in the scene in the image:\n\n{""camera_location"": [9.915478112284436, 0, 5.34366512298584], ""objects"": [{""name"": ""Object_0"", ""shape"": ""cube"", ""size"": 0.7, ""material"": ""metal"", ""3d_coords"": [-1.7828730279593046, -1.3411680427935528, 0.699999988079071], ""rotation"": 149.7908477783203}, {""name"": ""Object_1"", ""shape"": ""sphere"", ""size"": 0.351, ""material"": ""rubber"", ""3d_coords"": [2.3706766406912316, -0.5190709781155874, 0.3499999940395355], ""rotation"": 245.1148223876953}, {""name"": ""Object_2"", ""shape"": ""cylinder"", ""size"": 0.7, ""material"": ""metal"", ""3d_coords"": [1.46345807397663, 1.2092484180082783, 0.699999988079071], ""rotation"": 179.79295349121094}, {""name"": ""Object_3"", ""shape"": ""cylinder"", ""size"": 0.7, ""material"": ""metal"", ""3d_coords"": [-0.36899799130067734, 2.001334104339421, 0.699999988079071], ""rotation"": 206.95492553710938}, {""name"": ""Object_4"", ""shape"": ""cube"", ""size"": 0.351, ""material"": ""metal"", ""3d_coords"": [-2.8131915532347005, 0.6306127206967702, 0.3499999940395355], ""rotation"": 267.2264099121094}, {""name"": ""Object_5"", ""shape"": ""cube"", ""size"": 0.701, ""material"": ""metal"", ""3d_coords"": [0.7406729224835793, -2.9179719471443826, 0.699999988079071], ""rotation"": 181.2461395263672}]}\n\nWhat is the color of the object at the coordinates [-2.8131915532347005, 0.6306127206967702, 0.3499999940395355]?  ASSISTANT:\nassistant\n{""answer"": ""purple""}']",purple,"{""answer"": ""green""}",6,"user
 USER:  
This image shows a minimalist arrangement of 3D geometric shapes made of different materials and colors. The JSON provided contains information about all objects in the scene, including their name, 3D coordinates (represented as [X, Y, Z]), material (metal = shinny, rubber = matte), and other attributes. 
Your job is to analyze this information, find the object at coordinates [-2.8131915532347005, 0.6306127206967702, 0.3499999940395355], use its attributes to identify which object in the image corresponds to that object, and retrieve its color in the following format: {""answer"": ""COLOR""}
Select your answer from the following options: gray, red, blue, green, brown, purple, cyan, or yellow. Do not add any additional text to your answer, provide your answer always in the following format: {""answer"": ""COLOR""}. 

Understanding the Coordinate System X, Y, Z:
• X (Depth): Represents the depth relative to the camera. Smaller values indicate objects that are farther away.
• Y (Horizontal Position): Represents the left-to-right position. A value of zero means the object is centered in the scene, negative values place the object to the left, and positive values to the right.
• Z (Vertical Position): Represents the height of the object's center point. Larger values correspond to higher vertical positions.

Here is the JSON containing details about all objects in the scene in the image:

{""camera_location"": [9.915478112284436, 0, 5.34366512298584], ""objects"": [{""name"": ""Object_0"", ""shape"": ""cube"", ""size"": 0.7, ""material"": ""metal"", ""3d_coords"": [-1.7828730279593046, -1.3411680427935528, 0.699999988079071], ""rotation"": 149.7908477783203}, {""name"": ""Object_1"", ""shape"": ""sphere"", ""size"": 0.351, ""material"": ""rubber"", ""3d_coords"": [2.3706766406912316, -0.5190709781155874, 0.3499999940395355], ""rotation"": 245.1148223876953}, {""name"": ""Object_2"", ""shape"": ""cylinder"", ""size"": 0.7, ""material"": ""metal"", ""3d_coords"": [1.46345807397663, 1.2092484180082783, 0.699999988079071], ""rotation"": 179.79295349121094}, {""name"": ""Object_3"", ""shape"": ""cylinder"", ""size"": 0.7, ""material"": ""metal"", ""3d_coords"": [-0.36899799130067734, 2.001334104339421, 0.699999988079071], ""rotation"": 206.95492553710938}, {""name"": ""Object_4"", ""shape"": ""cube"", ""size"": 0.351, ""material"": ""metal"", ""3d_coords"": [-2.8131915532347005, 0.6306127206967702, 0.3499999940395355], ""rotation"": 267.2264099121094}, {""name"": ""Object_5"", ""shape"": ""cube"", ""size"": 0.701, ""material"": ""metal"", ""3d_coords"": [0.7406729224835793, -2.9179719471443826, 0.699999988079071], ""rotation"": 181.2461395263672}]}

What is the color of the object at the coordinates [-2.8131915532347005, 0.6306127206967702, 0.3499999940395355]?  ASSISTANT:
assistant
{""answer"": ""gray""}",gray,"{""answer"": ""green""}",6
49,33.48383,60.256584,79.70802,80.96738,76.82634,75.071815,87.14814,60.80809,76.88556,80.580826,75.67262,69.54025,76.50711,81.21895,85.80734,88.75518,93.82223,90.62589,93.516235,97.29887,109.42575,124.422585,121.77911,125.875244,124.171585,127.164604,119.18704,124.69932,125.41865,134.01779,140.76558,144.99654,149.31516,138.93248,119.66122,104.45476,15.481525,Text tokens,827,1134,"['user\n USER:  \nThis image shows a minimalist arrangement of 3D geometric shapes made of different materials and colors. The JSON provided contains information about all objects in the scene, including their name, 3D coordinates (represented as [X, Y, Z]), material (metal = shinny, rubber = matte), and other attributes. \nYour job is to analyze this information, find the object at coordinates [0.9484090381630061, 3.1665474089203434, 0.3499999940395355], use its attributes to identify which object in the image corresponds to that object, and retrieve its shape in the following format: {""answer"": ""SHAPE""}\nSelect your answer from the following options: cylinder, sphere, cone, or cube. Do not add any additional text to your answer, provide your answer always in the following format: {""answer"": ""SHAPE""}. \n\nUnderstanding the Coordinate System X, Y, Z:\n• X (Depth): Represents the depth relative to the camera. Smaller values indicate objects that are farther away.\n• Y (Horizontal Position): Represents the left-to-right position. A value of zero means the object is centered in the scene, negative values place the object to the left, and positive values to the right.\n• Z (Vertical Position): Represents the height of the object\'s center point. Larger values correspond to higher vertical positions.\n\nHere is the JSON containing details about all objects in the scene in the image:\n\n{""camera_location"": [9.915478112284436, 0, 5.34366512298584], ""objects"": [{""name"": ""Object_0"", ""size"": 0.7, ""material"": ""metal"", ""3d_coords"": [-2.4358176633221835, -0.14474980779099433, 0.699999988079071], ""rotation"": 241.5412139892578, ""color"": ""red""}, {""name"": ""Object_1"", ""size"": 0.351, ""material"": ""metal"", ""3d_coords"": [0.9484090381630061, 3.1665474089203434, 0.3499999940395355], ""rotation"": 165.46043395996094, ""color"": ""brown""}, {""name"": ""Object_2"", ""size"": 0.7, ""material"": ""metal"", ""3d_coords"": [-0.45198480568860677, -2.0688121519251093, 0.699999988079071], ""rotation"": 256.3016662597656, ""color"": ""purple""}, {""name"": ""Object_3"", ""size"": 0.7, ""material"": ""rubber"", ""3d_coords"": [3.47779817229479, -0.5732526572707033, 0.699999988079071], ""rotation"": 235.2708740234375, ""color"": ""yellow""}, {""name"": ""Object_4"", ""size"": 0.7, ""material"": ""metal"", ""3d_coords"": [1.681514428102919, 1.0692129673033115, 0.699999988079071], ""rotation"": 280.19952392578125, ""color"": ""blue""}]}\n\nWhat is the shape of the object at the coordinates [0.9484090381630061, 3.1665474089203434, 0.3499999940395355]?  ASSISTANT:\nassistant\n{""answer"": ""cylinder""}']",cylinder,"{""answer"": ""cylinder""}",5,"user
 USER:  
This image shows a minimalist arrangement of 3D geometric shapes made of different materials and colors. The JSON provided contains information about all objects in the scene, including their name, 3D coordinates (represented as [X, Y, Z]), material (metal = shinny, rubber = matte), and other attributes. 
Your job is to analyze this information, find the object at coordinates [0.9484090381630061, 3.1665474089203434, 0.3499999940395355], use its attributes to identify which object in the image corresponds to that object, and retrieve its shape in the following format: {""answer"": ""SHAPE""}
Select your answer from the following options: cylinder, sphere, cone, or cube. Do not add any additional text to your answer, provide your answer always in the following format: {""answer"": ""SHAPE""}. 

Understanding the Coordinate System X, Y, Z:
• X (Depth): Represents the depth relative to the camera. Smaller values indicate objects that are farther away.
• Y (Horizontal Position): Represents the left-to-right position. A value of zero means the object is centered in the scene, negative values place the object to the left, and positive values to the right.
• Z (Vertical Position): Represents the height of the object's center point. Larger values correspond to higher vertical positions.

Here is the JSON containing details about all objects in the scene in the image:

{""camera_location"": [9.915478112284436, 0, 5.34366512298584], ""objects"": [{""name"": ""Object_0"", ""size"": 0.7, ""material"": ""metal"", ""3d_coords"": [-2.4358176633221835, -0.14474980779099433, 0.699999988079071], ""rotation"": 241.5412139892578, ""color"": ""red""}, {""name"": ""Object_1"", ""size"": 0.351, ""material"": ""metal"", ""3d_coords"": [0.9484090381630061, 3.1665474089203434, 0.3499999940395355], ""rotation"": 165.46043395996094, ""color"": ""brown""}, {""name"": ""Object_2"", ""size"": 0.7, ""material"": ""metal"", ""3d_coords"": [-0.45198480568860677, -2.0688121519251093, 0.699999988079071], ""rotation"": 256.3016662597656, ""color"": ""purple""}, {""name"": ""Object_3"", ""size"": 0.7, ""material"": ""rubber"", ""3d_coords"": [3.47779817229479, -0.5732526572707033, 0.699999988079071], ""rotation"": 235.2708740234375, ""color"": ""yellow""}, {""name"": ""Object_4"", ""size"": 0.7, ""material"": ""metal"", ""3d_coords"": [1.681514428102919, 1.0692129673033115, 0.699999988079071], ""rotation"": 280.19952392578125, ""color"": ""blue""}]}

What is the shape of the object at the coordinates [0.9484090381630061, 3.1665474089203434, 0.3499999940395355]?  ASSISTANT:
assistant
{""answer"": ""cone""}",cone,"{""answer"": ""cylinder""}",5
0,30.879486,55.906715,75.10924,76.967354,72.65192,70.53575,82.61456,78.12002,95.283264,97.369,90.03971,82.173325,89.29034,95.60266,99.34053,101.77937,107.42481,83.81214,86.638664,89.88494,101.906944,116.15154,112.19942,117.35784,116.95819,120.26873,111.57759,115.8929,117.557014,126.43952,132.94424,137.52625,142.35005,131.0895,112.538155,97.53355,19.872568,Text only tokens,912,1249,"['user\n USER:  \nThis image shows a minimalist arrangement of 3D geometric shapes made of different materials and colors. The JSON provided contains information about all objects in the scene, including their name, 3D coordinates (represented as [X, Y, Z]), material (metal = shinny, rubber = matte), and other attributes. \nYour job is to analyze this information, find the object with a rotation of 142.7777862548828, use its attributes to identify which object in the image corresponds to that object, and retrieve its color in the following format: {""answer"": ""COLOR""}\nSelect your answer from the following options: gray, red, blue, green, brown, purple, cyan, or yellow. Do not add any additional text to your answer, provide your answer always in the following format: {""answer"": ""COLOR""}. \n\nUnderstanding the Coordinate System X, Y, Z:\n• X (Depth): Represents the depth relative to the camera. Smaller values indicate objects that are farther away.\n• Y (Horizontal Position): Represents the left-to-right position. A value of zero means the object is centered in the scene, negative values place the object to the left, and positive values to the right.\n• Z (Vertical Position): Represents the height of the object\'s center point. Larger values correspond to higher vertical positions.\n\nHere is the JSON containing details about all objects in the scene in the image:\n\n{""camera_location"": [9.915478112284436, 0, 5.34366512298584], ""objects"": [{""name"": ""Object_0"", ""shape"": ""cube"", ""size"": 0.351, ""material"": ""metal"", ""3d_coords"": [2.3536632351292663, 0.952007264055984, 0.3499999940395355], ""rotation"": 84.46160888671875}, {""name"": ""Object_1"", ""shape"": ""sphere"", ""size"": 0.351, ""material"": ""rubber"", ""3d_coords"": [-0.9998282437705074, -0.693655230758135, 0.3499999940395355], ""rotation"": 66.35546112060547}, {""name"": ""Object_2"", ""shape"": ""cube"", ""size"": 0.351, ""material"": ""rubber"", ""3d_coords"": [-0.1259371872487077, 0.5501897864010687, 0.3499999940395355], ""rotation"": 142.7777862548828}, {""name"": ""Object_3"", ""shape"": ""sphere"", ""size"": 0.351, ""material"": ""rubber"", ""3d_coords"": [0.3493462079171443, -2.6219429427556094, 0.3499999940395355], ""rotation"": 162.52687072753906}, {""name"": ""Object_4"", ""shape"": ""cylinder"", ""size"": 0.701, ""material"": ""rubber"", ""3d_coords"": [-2.6018151926406943, 0.11180601124584455, 0.699999988079071], ""rotation"": 315.1466979980469}, {""name"": ""Object_5"", ""shape"": ""cube"", ""size"": 0.7, ""material"": ""metal"", ""3d_coords"": [1.0946402931144936, 2.5168990564568983, 0.699999988079071], ""rotation"": 101.67021942138672}, {""name"": ""Object_6"", ""shape"": ""cone"", ""size"": 0.7, ""material"": ""metal"", ""3d_coords"": [1.9116613587829956, -1.508412165444093, 0.699999988079071], ""rotation"": 47.72618865966797}, {""name"": ""Object_7"", ""shape"": ""cube"", ""size"": 0.7, ""material"": ""metal"", ""3d_coords"": [-1.9338468668905113, 1.669799905085533, 0.699999988079071], ""rotation"": 230.21990966796875}]}\n\nWhat is the color of the object with a rotation of 142.7777862548828?  ASSISTANT:\nassistant\n{""answer"": ""yellow""}']",yellow,"{""answer"": ""yellow""}",8,"user
 USER:  
This image shows a minimalist arrangement of 3D geometric shapes made of different materials and colors. The JSON provided contains information about all objects in the scene, including their name, 3D coordinates (represented as [X, Y, Z]), material (metal = shinny, rubber = matte), and other attributes. 
Your job is to analyze this information, find the object with a rotation of 142.7777862548828, use its attributes to identify which object in the image corresponds to that object, and retrieve its color in the following format: {""answer"": ""COLOR""}
Select your answer from the following options: gray, red, blue, green, brown, purple, cyan, or yellow. Do not add any additional text to your answer, provide your answer always in the following format: {""answer"": ""COLOR""}. 

Understanding the Coordinate System X, Y, Z:
• X (Depth): Represents the depth relative to the camera. Smaller values indicate objects that are farther away.
• Y (Horizontal Position): Represents the left-to-right position. A value of zero means the object is centered in the scene, negative values place the object to the left, and positive values to the right.
• Z (Vertical Position): Represents the height of the object's center point. Larger values correspond to higher vertical positions.

Here is the JSON containing details about all objects in the scene in the image:

{""camera_location"": [9.915478112284436, 0, 5.34366512298584], ""objects"": [{""name"": ""Object_0"", ""shape"": ""cube"", ""size"": 0.351, ""material"": ""metal"", ""3d_coords"": [2.3536632351292663, 0.952007264055984, 0.3499999940395355], ""rotation"": 84.46160888671875}, {""name"": ""Object_1"", ""shape"": ""sphere"", ""size"": 0.351, ""material"": ""rubber"", ""3d_coords"": [-0.9998282437705074, -0.693655230758135, 0.3499999940395355], ""rotation"": 66.35546112060547}, {""name"": ""Object_2"", ""shape"": ""cube"", ""size"": 0.351, ""material"": ""rubber"", ""3d_coords"": [-0.1259371872487077, 0.5501897864010687, 0.3499999940395355], ""rotation"": 142.7777862548828}, {""name"": ""Object_3"", ""shape"": ""sphere"", ""size"": 0.351, ""material"": ""rubber"", ""3d_coords"": [0.3493462079171443, -2.6219429427556094, 0.3499999940395355], ""rotation"": 162.52687072753906}, {""name"": ""Object_4"", ""shape"": ""cylinder"", ""size"": 0.701, ""material"": ""rubber"", ""3d_coords"": [-2.6018151926406943, 0.11180601124584455, 0.699999988079071], ""rotation"": 315.1466979980469}, {""name"": ""Object_5"", ""shape"": ""cube"", ""size"": 0.7, ""material"": ""metal"", ""3d_coords"": [1.0946402931144936, 2.5168990564568983, 0.699999988079071], ""rotation"": 101.67021942138672}, {""name"": ""Object_6"", ""shape"": ""cone"", ""size"": 0.7, ""material"": ""metal"", ""3d_coords"": [1.9116613587829956, -1.508412165444093, 0.699999988079071], ""rotation"": 47.72618865966797}, {""name"": ""Object_7"", ""shape"": ""cube"", ""size"": 0.7, ""material"": ""metal"", ""3d_coords"": [-1.9338468668905113, 1.669799905085533, 0.699999988079071], ""rotation"": 230.21990966796875}]}

What is the color of the object with a rotation of 142.7777862548828?  ASSISTANT:
assistant
{""answer"": ""blue""}",blue,"{""answer"": ""yellow""}",8
1,28.459705,52.742947,71.383644,72.88089,68.60052,65.93816,78.2248,83.93328,101.14539,100.424286,92.00759,83.30414,89.836006,96.789024,100.75525,102.43482,109.19759,88.504944,90.91997,93.09947,104.82514,117.489655,109.07937,114.91505,114.77189,117.82083,107.50598,111.85406,112.58389,121.074356,128.68413,134.67847,140.36313,130.43666,111.868416,95.89638,17.013968,Text only tokens,204,287,"['user\n USER:  \nThis image shows a minimalist arrangement of 3D geometric shapes made of different materials and colors. The JSON provided contains information about all objects in the scene, including their name, 3D coordinates (represented as [X, Y, Z]), material (metal = shinny, rubber = matte), and other attributes. \nYour job is to analyze this information, find the object with a rotation of 336.83026123046875, use its attributes to identify which object in the image corresponds to that object, and retrieve its shape in the following format: {""answer"": ""SHAPE""}\nSelect your answer from the following options: cylinder, sphere, cone, or cube. Do not add any additional text to your answer, provide your answer always in the following format: {""answer"": ""SHAPE""}. \n\nUnderstanding the Coordinate System X, Y, Z:\n• X (Depth): Represents the depth relative to the camera. Smaller values indicate objects that are farther away.\n• Y (Horizontal Position): Represents the left-to-right position. A value of zero means the object is centered in the scene, negative values place the object to the left, and positive values to the right.\n• Z (Vertical Position): Represents the height of the object\'s center point. Larger values correspond to higher vertical positions.\n\nHere is the JSON containing details about all objects in the scene in the image:\n\n{""camera_location"": [9.915478112284436, 0, 5.34366512298584], ""objects"": [{""name"": ""Object_0"", ""size"": 0.7, ""material"": ""metal"", ""3d_coords"": [-3.1138944411725773, 1.1307545095965894, 0.699999988079071], ""rotation"": 320.1335754394531, ""color"": ""gray""}, {""name"": ""Object_1"", ""size"": 0.701, ""material"": ""rubber"", ""3d_coords"": [1.7476166617749986, -1.0149978739204633, 0.699999988079071], ""rotation"": 39.312774658203125, ""color"": ""cyan""}, {""name"": ""Object_2"", ""size"": 0.351, ""material"": ""metal"", ""3d_coords"": [0.6388566137913576, -1.7924203462864052, 0.3499999940395355], ""rotation"": 44.0419921875, ""color"": ""blue""}, {""name"": ""Object_3"", ""size"": 0.351, ""material"": ""rubber"", ""3d_coords"": [1.1571736570054623, 0.6396773137842781, 0.3499999940395355], ""rotation"": 106.93251037597656, ""color"": ""brown""}, {""name"": ""Object_4"", ""size"": 0.351, ""material"": ""rubber"", ""3d_coords"": [-0.18343920391914548, 2.522241180519531, 0.3499999940395355], ""rotation"": 348.177001953125, ""color"": ""yellow""}, {""name"": ""Object_5"", ""size"": 0.351, ""material"": ""rubber"", ""3d_coords"": [-1.615542802863906, -2.3301278355790487, 0.3499999940395355], ""rotation"": 9.999037742614746, ""color"": ""red""}, {""name"": ""Object_6"", ""size"": 0.351, ""material"": ""rubber"", ""3d_coords"": [3.2114168998826247, -0.6147687060059956, 0.3499999940395355], ""rotation"": 321.2648620605469, ""color"": ""red""}, {""name"": ""Object_7"", ""size"": 0.701, ""material"": ""rubber"", ""3d_coords"": [2.3346300424821598, 1.7558490576662746, 0.699999988079071], ""rotation"": 124.95408630371094, ""color"": ""green""}, {""name"": ""Object_8"", ""size"": 0.7, ""material"": ""metal"", ""3d_coords"": [-0.891931062878993, 0.13132574381698464, 0.699999988079071], ""rotation"": 272.32666015625, ""color"": ""red""}, {""name"": ""Object_9"", ""size"": 0.351, ""material"": ""metal"", ""3d_coords"": [0.22428628109618098, 4.164682034279698, 0.3499999940395355], ""rotation"": 336.83026123046875, ""color"": ""gray""}]}\n\nWhat is the shape of the object with a rotation of 336.83026123046875?  ASSISTANT:\nassistant\n{""answer"": ""sphere""}']",sphere,"{""answer"": ""sphere""}",10,"user
 USER:  
This image shows a minimalist arrangement of 3D geometric shapes made of different materials and colors. The JSON provided contains information about all objects in the scene, including their name, 3D coordinates (represented as [X, Y, Z]), material (metal = shinny, rubber = matte), and other attributes. 
Your job is to analyze this information, find the object with a rotation of 336.83026123046875, use its attributes to identify which object in the image corresponds to that object, and retrieve its shape in the following format: {""answer"": ""SHAPE""}
Select your answer from the following options: cylinder, sphere, cone, or cube. Do not add any additional text to your answer, provide your answer always in the following format: {""answer"": ""SHAPE""}. 

Understanding the Coordinate System X, Y, Z:
• X (Depth): Represents the depth relative to the camera. Smaller values indicate objects that are farther away.
• Y (Horizontal Position): Represents the left-to-right position. A value of zero means the object is centered in the scene, negative values place the object to the left, and positive values to the right.
• Z (Vertical Position): Represents the height of the object's center point. Larger values correspond to higher vertical positions.

Here is the JSON containing details about all objects in the scene in the image:

{""camera_location"": [9.915478112284436, 0, 5.34366512298584], ""objects"": [{""name"": ""Object_0"", ""size"": 0.7, ""material"": ""metal"", ""3d_coords"": [-3.1138944411725773, 1.1307545095965894, 0.699999988079071], ""rotation"": 320.1335754394531, ""color"": ""gray""}, {""name"": ""Object_1"", ""size"": 0.701, ""material"": ""rubber"", ""3d_coords"": [1.7476166617749986, -1.0149978739204633, 0.699999988079071], ""rotation"": 39.312774658203125, ""color"": ""cyan""}, {""name"": ""Object_2"", ""size"": 0.351, ""material"": ""metal"", ""3d_coords"": [0.6388566137913576, -1.7924203462864052, 0.3499999940395355], ""rotation"": 44.0419921875, ""color"": ""blue""}, {""name"": ""Object_3"", ""size"": 0.351, ""material"": ""rubber"", ""3d_coords"": [1.1571736570054623, 0.6396773137842781, 0.3499999940395355], ""rotation"": 106.93251037597656, ""color"": ""brown""}, {""name"": ""Object_4"", ""size"": 0.351, ""material"": ""rubber"", ""3d_coords"": [-0.18343920391914548, 2.522241180519531, 0.3499999940395355], ""rotation"": 348.177001953125, ""color"": ""yellow""}, {""name"": ""Object_5"", ""size"": 0.351, ""material"": ""rubber"", ""3d_coords"": [-1.615542802863906, -2.3301278355790487, 0.3499999940395355], ""rotation"": 9.999037742614746, ""color"": ""red""}, {""name"": ""Object_6"", ""size"": 0.351, ""material"": ""rubber"", ""3d_coords"": [3.2114168998826247, -0.6147687060059956, 0.3499999940395355], ""rotation"": 321.2648620605469, ""color"": ""red""}, {""name"": ""Object_7"", ""size"": 0.701, ""material"": ""rubber"", ""3d_coords"": [2.3346300424821598, 1.7558490576662746, 0.699999988079071], ""rotation"": 124.95408630371094, ""color"": ""green""}, {""name"": ""Object_8"", ""size"": 0.7, ""material"": ""metal"", ""3d_coords"": [-0.891931062878993, 0.13132574381698464, 0.699999988079071], ""rotation"": 272.32666015625, ""color"": ""red""}, {""name"": ""Object_9"", ""size"": 0.351, ""material"": ""metal"", ""3d_coords"": [0.22428628109618098, 4.164682034279698, 0.3499999940395355], ""rotation"": 336.83026123046875, ""color"": ""gray""}]}

What is the shape of the object with a rotation of 336.83026123046875?  ASSISTANT:
assistant
{""answer"": ""cube""}",cube,"{""answer"": ""sphere""}",10
2,29.854435,54.998745,73.29227,74.43786,69.989876,67.70189,79.5986,79.06266,95.25655,95.52469,87.67845,79.86298,86.370926,92.74685,96.74099,98.72696,104.9709,80.51669,83.5227,86.96125,99.96558,114.01798,107.97647,113.72999,113.29713,115.47625,105.97904,110.26721,111.43871,119.41111,125.90094,130.72122,136.50279,126.65519,108.267876,92.070656,16.94624,Text only tokens,2253,3006,"['user\n USER:  \nThis image shows a minimalist arrangement of 3D geometric shapes made of different materials and colors. The JSON provided contains information about all objects in the scene, including their name, 3D coordinates (represented as [X, Y, Z]), material (metal = shinny, rubber = matte), and other attributes. \nYour job is to analyze this information, find the object with a size of 0.35, use its attributes to identify which object in the image corresponds to that object, and retrieve its shape in the following format: {""answer"": ""SHAPE""}\nSelect your answer from the following options: cylinder, sphere, cone, or cube. Do not add any additional text to your answer, provide your answer always in the following format: {""answer"": ""SHAPE""}. \n\nUnderstanding the Coordinate System X, Y, Z:\n• X (Depth): Represents the depth relative to the camera. Smaller values indicate objects that are farther away.\n• Y (Horizontal Position): Represents the left-to-right position. A value of zero means the object is centered in the scene, negative values place the object to the left, and positive values to the right.\n• Z (Vertical Position): Represents the height of the object\'s center point. Larger values correspond to higher vertical positions.\n\nHere is the JSON containing details about all objects in the scene in the image:\n\n{""camera_location"": [9.915478112284436, 0, 5.34366512298584], ""objects"": [{""name"": ""Object_0"", ""size"": 0.351, ""material"": ""rubber"", ""3d_coords"": [2.41178171801114, -1.5903019375179108, 0.3499999940395355], ""rotation"": 220.596923828125, ""color"": ""yellow""}, {""name"": ""Object_1"", ""size"": 0.35, ""material"": ""metal"", ""3d_coords"": [-1.1150844761488397, -0.2700704820691121, 0.3499999940395355], ""rotation"": 49.46784591674805, ""color"": ""purple""}, {""name"": ""Object_2"", ""size"": 0.351, ""material"": ""rubber"", ""3d_coords"": [0.02936943395910685, -3.0228724652037906, 0.3499999940395355], ""rotation"": 95.05706787109375, ""color"": ""red""}, {""name"": ""Object_3"", ""size"": 0.351, ""material"": ""metal"", ""3d_coords"": [1.964361037760023, 1.4433033998308198, 0.3499999940395355], ""rotation"": 90.87294006347656, ""color"": ""gray""}, {""name"": ""Object_4"", ""size"": 0.7, ""material"": ""rubber"", ""3d_coords"": [2.867967219769418, 0.21751024269134134, 0.699999988079071], ""rotation"": 263.740966796875, ""color"": ""gray""}, {""name"": ""Object_5"", ""size"": 0.7, ""material"": ""rubber"", ""3d_coords"": [-1.657704710848841, 2.06534903783686, 0.699999988079071], ""rotation"": 257.38519287109375, ""color"": ""cyan""}, {""name"": ""Object_6"", ""size"": 0.351, ""material"": ""rubber"", ""3d_coords"": [0.9940713514063191, 3.2229483663574827, 0.3499999940395355], ""rotation"": 230.9080352783203, ""color"": ""green""}, {""name"": ""Object_7"", ""size"": 0.351, ""material"": ""rubber"", ""3d_coords"": [0.5925566323035294, 0.6210391827826285, 0.3499999940395355], ""rotation"": 27.29384994506836, ""color"": ""yellow""}, {""name"": ""Object_8"", ""size"": 0.351, ""material"": ""rubber"", ""3d_coords"": [1.4270695627617622, -0.7989700249140843, 0.3499999940395355], ""rotation"": 80.9874038696289, ""color"": ""brown""}]}\n\nWhat is the shape of the object with a size of 0.35?  ASSISTANT:\nassistant\n{""answer"": ""sphere""}']",sphere,"{""answer"": ""sphere""}",9,"user
 USER:  
This image shows a minimalist arrangement of 3D geometric shapes made of different materials and colors. The JSON provided contains information about all objects in the scene, including their name, 3D coordinates (represented as [X, Y, Z]), material (metal = shinny, rubber = matte), and other attributes. 
Your job is to analyze this information, find the object with a size of 0.35, use its attributes to identify which object in the image corresponds to that object, and retrieve its shape in the following format: {""answer"": ""SHAPE""}
Select your answer from the following options: cylinder, sphere, cone, or cube. Do not add any additional text to your answer, provide your answer always in the following format: {""answer"": ""SHAPE""}. 

Understanding the Coordinate System X, Y, Z:
• X (Depth): Represents the depth relative to the camera. Smaller values indicate objects that are farther away.
• Y (Horizontal Position): Represents the left-to-right position. A value of zero means the object is centered in the scene, negative values place the object to the left, and positive values to the right.
• Z (Vertical Position): Represents the height of the object's center point. Larger values correspond to higher vertical positions.

Here is the JSON containing details about all objects in the scene in the image:

{""camera_location"": [9.915478112284436, 0, 5.34366512298584], ""objects"": [{""name"": ""Object_0"", ""size"": 0.351, ""material"": ""rubber"", ""3d_coords"": [2.41178171801114, -1.5903019375179108, 0.3499999940395355], ""rotation"": 220.596923828125, ""color"": ""yellow""}, {""name"": ""Object_1"", ""size"": 0.35, ""material"": ""metal"", ""3d_coords"": [-1.1150844761488397, -0.2700704820691121, 0.3499999940395355], ""rotation"": 49.46784591674805, ""color"": ""purple""}, {""name"": ""Object_2"", ""size"": 0.351, ""material"": ""rubber"", ""3d_coords"": [0.02936943395910685, -3.0228724652037906, 0.3499999940395355], ""rotation"": 95.05706787109375, ""color"": ""red""}, {""name"": ""Object_3"", ""size"": 0.351, ""material"": ""metal"", ""3d_coords"": [1.964361037760023, 1.4433033998308198, 0.3499999940395355], ""rotation"": 90.87294006347656, ""color"": ""gray""}, {""name"": ""Object_4"", ""size"": 0.7, ""material"": ""rubber"", ""3d_coords"": [2.867967219769418, 0.21751024269134134, 0.699999988079071], ""rotation"": 263.740966796875, ""color"": ""gray""}, {""name"": ""Object_5"", ""size"": 0.7, ""material"": ""rubber"", ""3d_coords"": [-1.657704710848841, 2.06534903783686, 0.699999988079071], ""rotation"": 257.38519287109375, ""color"": ""cyan""}, {""name"": ""Object_6"", ""size"": 0.351, ""material"": ""rubber"", ""3d_coords"": [0.9940713514063191, 3.2229483663574827, 0.3499999940395355], ""rotation"": 230.9080352783203, ""color"": ""green""}, {""name"": ""Object_7"", ""size"": 0.351, ""material"": ""rubber"", ""3d_coords"": [0.5925566323035294, 0.6210391827826285, 0.3499999940395355], ""rotation"": 27.29384994506836, ""color"": ""yellow""}, {""name"": ""Object_8"", ""size"": 0.351, ""material"": ""rubber"", ""3d_coords"": [1.4270695627617622, -0.7989700249140843, 0.3499999940395355], ""rotation"": 80.9874038696289, ""color"": ""brown""}]}

What is the shape of the object with a size of 0.35?  ASSISTANT:
assistant
{""answer"": ""cube""}",cube,"{""answer"": ""sphere""}",9
3,43.883053,74.02654,95.68132,99.87882,95.80871,94.29149,106.79548,40.012337,53.703083,61.157322,58.727016,54.83767,60.926853,64.62942,68.329124,70.64323,74.30604,37.983402,41.774605,47.250828,61.841854,75.592926,82.323875,93.55101,102.13851,111.19439,113.08226,120.86386,124.35669,131.69829,134.78113,134.27116,136.0142,130.04565,116.61771,105.98445,27.14237,Text only tokens,2006,2683,"['user\n USER:  \nThis image shows a minimalist arrangement of 3D geometric shapes made of different materials and colors. The JSON provided contains information about all objects in the scene, including their name, 3D coordinates (represented as [X, Y, Z]), material (metal = shinny, rubber = matte), and other attributes. \nYour job is to analyze this information, find the object with a rotation of 344.3285217285156, use its attributes to identify which object in the image corresponds to that object, and retrieve its color in the following format: {""answer"": ""COLOR""}\nSelect your answer from the following options: gray, red, blue, green, brown, purple, cyan, or yellow. Do not add any additional text to your answer, provide your answer always in the following format: {""answer"": ""COLOR""}. \n\nUnderstanding the Coordinate System X, Y, Z:\n• X (Depth): Represents the depth relative to the camera. Smaller values indicate objects that are farther away.\n• Y (Horizontal Position): Represents the left-to-right position. A value of zero means the object is centered in the scene, negative values place the object to the left, and positive values to the right.\n• Z (Vertical Position): Represents the height of the object\'s center point. Larger values correspond to higher vertical positions.\n\nHere is the JSON containing details about all objects in the scene in the image:\n\n{""camera_location"": [9.915478112284436, 0, 5.34366512298584], ""objects"": [{""name"": ""Object_0"", ""shape"": ""sphere"", ""size"": 0.7, ""material"": ""metal"", ""3d_coords"": [1.497525784656313, -1.2016221186309874, 0.699999988079071], ""rotation"": 56.16063690185547}, {""name"": ""Object_1"", ""shape"": ""cylinder"", ""size"": 0.351, ""material"": ""metal"", ""3d_coords"": [-1.2142698866447477, 0.8072733349906838, 0.3499999940395355], ""rotation"": 344.3285217285156}, {""name"": ""Object_2"", ""shape"": ""cone"", ""size"": 0.7, ""material"": ""rubber"", ""3d_coords"": [2.2784915234151724, 1.3039251074495044, 0.699999988079071], ""rotation"": 267.6826477050781}]}\n\nWhat is the color of the object with a rotation of 344.3285217285156?  ASSISTANT:\nassistant\n{""answer"": ""cyan""}']",cyan,"{""answer"": ""cyan""}",3,"user
 USER:  
This image shows a minimalist arrangement of 3D geometric shapes made of different materials and colors. The JSON provided contains information about all objects in the scene, including their name, 3D coordinates (represented as [X, Y, Z]), material (metal = shinny, rubber = matte), and other attributes. 
Your job is to analyze this information, find the object with a rotation of 344.3285217285156, use its attributes to identify which object in the image corresponds to that object, and retrieve its color in the following format: {""answer"": ""COLOR""}
Select your answer from the following options: gray, red, blue, green, brown, purple, cyan, or yellow. Do not add any additional text to your answer, provide your answer always in the following format: {""answer"": ""COLOR""}. 

Understanding the Coordinate System X, Y, Z:
• X (Depth): Represents the depth relative to the camera. Smaller values indicate objects that are farther away.
• Y (Horizontal Position): Represents the left-to-right position. A value of zero means the object is centered in the scene, negative values place the object to the left, and positive values to the right.
• Z (Vertical Position): Represents the height of the object's center point. Larger values correspond to higher vertical positions.

Here is the JSON containing details about all objects in the scene in the image:

{""camera_location"": [9.915478112284436, 0, 5.34366512298584], ""objects"": [{""name"": ""Object_0"", ""shape"": ""sphere"", ""size"": 0.7, ""material"": ""metal"", ""3d_coords"": [1.497525784656313, -1.2016221186309874, 0.699999988079071], ""rotation"": 56.16063690185547}, {""name"": ""Object_1"", ""shape"": ""cylinder"", ""size"": 0.351, ""material"": ""metal"", ""3d_coords"": [-1.2142698866447477, 0.8072733349906838, 0.3499999940395355], ""rotation"": 344.3285217285156}, {""name"": ""Object_2"", ""shape"": ""cone"", ""size"": 0.7, ""material"": ""rubber"", ""3d_coords"": [2.2784915234151724, 1.3039251074495044, 0.699999988079071], ""rotation"": 267.6826477050781}]}

What is the color of the object with a rotation of 344.3285217285156?  ASSISTANT:
assistant
{""answer"": ""red""}",red,"{""answer"": ""cyan""}",3
4,30.205652,56.467384,75.63446,77.53751,73.170395,70.517395,82.49927,76.966515,93.8373,94.856636,87.6489,79.68101,86.51086,92.879585,97.19917,99.81322,105.669556,79.83435,82.69931,86.5222,99.075424,113.08291,110.37579,115.17622,115.262856,118.860695,110.339424,114.94256,116.32336,124.58176,130.49513,134.6122,139.18558,128.01825,108.519684,92.21138,14.535996,Text only tokens,1828,2447,"['user\n USER:  \nThis image shows a minimalist arrangement of 3D geometric shapes made of different materials and colors. The JSON provided contains information about all objects in the scene, including their name, 3D coordinates (represented as [X, Y, Z]), material (metal = shinny, rubber = matte), and other attributes. \nYour job is to analyze this information, find the object with a rotation of 266.7427062988281, use its attributes to identify which object in the image corresponds to that object, and retrieve its shape in the following format: {""answer"": ""SHAPE""}\nSelect your answer from the following options: cylinder, sphere, cone, or cube. Do not add any additional text to your answer, provide your answer always in the following format: {""answer"": ""SHAPE""}. \n\nUnderstanding the Coordinate System X, Y, Z:\n• X (Depth): Represents the depth relative to the camera. Smaller values indicate objects that are farther away.\n• Y (Horizontal Position): Represents the left-to-right position. A value of zero means the object is centered in the scene, negative values place the object to the left, and positive values to the right.\n• Z (Vertical Position): Represents the height of the object\'s center point. Larger values correspond to higher vertical positions.\n\nHere is the JSON containing details about all objects in the scene in the image:\n\n{""camera_location"": [9.915478112284436, 0, 5.34366512298584], ""objects"": [{""name"": ""Object_0"", ""size"": 0.7, ""material"": ""metal"", ""3d_coords"": [-0.3380178052039913, -2.483322091111213, 0.699999988079071], ""rotation"": 239.54417419433594, ""color"": ""blue""}, {""name"": ""Object_1"", ""size"": 0.351, ""material"": ""metal"", ""3d_coords"": [0.5312415383620793, 0.19042798748615572, 0.3499999940395355], ""rotation"": 177.96139526367188, ""color"": ""gray""}, {""name"": ""Object_2"", ""size"": 0.701, ""material"": ""metal"", ""3d_coords"": [0.1281794912912222, 2.9063478793575346, 0.699999988079071], ""rotation"": 188.2201690673828, ""color"": ""blue""}, {""name"": ""Object_3"", ""size"": 0.7, ""material"": ""rubber"", ""3d_coords"": [1.230897884748495, -1.1591846420722012, 0.699999988079071], ""rotation"": 231.28123474121094, ""color"": ""red""}, {""name"": ""Object_4"", ""size"": 0.351, ""material"": ""metal"", ""3d_coords"": [-1.1372918382544395, 2.3543588709491408, 0.3499999940395355], ""rotation"": 184.23097229003906, ""color"": ""cyan""}, {""name"": ""Object_5"", ""size"": 0.351, ""material"": ""metal"", ""3d_coords"": [1.6870485262144728, 1.4359277315031316, 0.3499999940395355], ""rotation"": 117.2706069946289, ""color"": ""yellow""}, {""name"": ""Object_6"", ""size"": 0.701, ""material"": ""metal"", ""3d_coords"": [-2.822109329598531, 0.94552631347138, 0.699999988079071], ""rotation"": 75.410400390625, ""color"": ""purple""}, {""name"": ""Object_7"", ""size"": 0.351, ""material"": ""metal"", ""3d_coords"": [-2.2777359416841203, -0.33507919623223203, 0.3499999940395355], ""rotation"": 266.7427062988281, ""color"": ""cyan""}]}\n\nWhat is the shape of the object with a rotation of 266.7427062988281?  ASSISTANT:\nassistant\n{""answer"": ""sphere""}']",sphere,"{""answer"": ""cube""}",8,"user
 USER:  
This image shows a minimalist arrangement of 3D geometric shapes made of different materials and colors. The JSON provided contains information about all objects in the scene, including their name, 3D coordinates (represented as [X, Y, Z]), material (metal = shinny, rubber = matte), and other attributes. 
Your job is to analyze this information, find the object with a rotation of 266.7427062988281, use its attributes to identify which object in the image corresponds to that object, and retrieve its shape in the following format: {""answer"": ""SHAPE""}
Select your answer from the following options: cylinder, sphere, cone, or cube. Do not add any additional text to your answer, provide your answer always in the following format: {""answer"": ""SHAPE""}. 

Understanding the Coordinate System X, Y, Z:
• X (Depth): Represents the depth relative to the camera. Smaller values indicate objects that are farther away.
• Y (Horizontal Position): Represents the left-to-right position. A value of zero means the object is centered in the scene, negative values place the object to the left, and positive values to the right.
• Z (Vertical Position): Represents the height of the object's center point. Larger values correspond to higher vertical positions.

Here is the JSON containing details about all objects in the scene in the image:

{""camera_location"": [9.915478112284436, 0, 5.34366512298584], ""objects"": [{""name"": ""Object_0"", ""size"": 0.7, ""material"": ""metal"", ""3d_coords"": [-0.3380178052039913, -2.483322091111213, 0.699999988079071], ""rotation"": 239.54417419433594, ""color"": ""blue""}, {""name"": ""Object_1"", ""size"": 0.351, ""material"": ""metal"", ""3d_coords"": [0.5312415383620793, 0.19042798748615572, 0.3499999940395355], ""rotation"": 177.96139526367188, ""color"": ""gray""}, {""name"": ""Object_2"", ""size"": 0.701, ""material"": ""metal"", ""3d_coords"": [0.1281794912912222, 2.9063478793575346, 0.699999988079071], ""rotation"": 188.2201690673828, ""color"": ""blue""}, {""name"": ""Object_3"", ""size"": 0.7, ""material"": ""rubber"", ""3d_coords"": [1.230897884748495, -1.1591846420722012, 0.699999988079071], ""rotation"": 231.28123474121094, ""color"": ""red""}, {""name"": ""Object_4"", ""size"": 0.351, ""material"": ""metal"", ""3d_coords"": [-1.1372918382544395, 2.3543588709491408, 0.3499999940395355], ""rotation"": 184.23097229003906, ""color"": ""cyan""}, {""name"": ""Object_5"", ""size"": 0.351, ""material"": ""metal"", ""3d_coords"": [1.6870485262144728, 1.4359277315031316, 0.3499999940395355], ""rotation"": 117.2706069946289, ""color"": ""yellow""}, {""name"": ""Object_6"", ""size"": 0.701, ""material"": ""metal"", ""3d_coords"": [-2.822109329598531, 0.94552631347138, 0.699999988079071], ""rotation"": 75.410400390625, ""color"": ""purple""}, {""name"": ""Object_7"", ""size"": 0.351, ""material"": ""metal"", ""3d_coords"": [-2.2777359416841203, -0.33507919623223203, 0.3499999940395355], ""rotation"": 266.7427062988281, ""color"": ""cyan""}]}

What is the shape of the object with a rotation of 266.7427062988281?  ASSISTANT:
assistant
{""answer"": ""cube""}",cube,"{""answer"": ""cube""}",8
5,40.27913,70.652725,91.34684,94.22111,88.858215,86.94948,99.77913,49.374912,64.49104,70.77297,66.800865,61.841705,68.29154,72.626076,76.5704,79.09957,83.07268,80.49312,83.214134,87.33792,99.05502,113.36917,113.731674,118.89205,117.6768,120.495995,115.41323,120.10304,121.25721,127.97968,130.85207,131.69409,134.29927,125.40538,108.67058,97.99664,21.82927,Text only tokens,1143,1558,"['user\n USER:  \nThis image shows a minimalist arrangement of 3D geometric shapes made of different materials and colors. The JSON provided contains information about all objects in the scene, including their name, 3D coordinates (represented as [X, Y, Z]), material (metal = shinny, rubber = matte), and other attributes. \nYour job is to analyze this information, find the object with a size of 0.701, use its attributes to identify which object in the image corresponds to that object, and retrieve its shape in the following format: {""answer"": ""SHAPE""}\nSelect your answer from the following options: cylinder, sphere, cone, or cube. Do not add any additional text to your answer, provide your answer always in the following format: {""answer"": ""SHAPE""}. \n\nUnderstanding the Coordinate System X, Y, Z:\n• X (Depth): Represents the depth relative to the camera. Smaller values indicate objects that are farther away.\n• Y (Horizontal Position): Represents the left-to-right position. A value of zero means the object is centered in the scene, negative values place the object to the left, and positive values to the right.\n• Z (Vertical Position): Represents the height of the object\'s center point. Larger values correspond to higher vertical positions.\n\nHere is the JSON containing details about all objects in the scene in the image:\n\n{""camera_location"": [9.915478112284436, 0, 5.34366512298584], ""objects"": [{""name"": ""Object_0"", ""size"": 0.7, ""material"": ""rubber"", ""3d_coords"": [-1.8287743121011344, 0.9630842804711663, 0.699999988079071], ""rotation"": 44.579105377197266, ""color"": ""cyan""}, {""name"": ""Object_1"", ""size"": 0.351, ""material"": ""rubber"", ""3d_coords"": [0.7234988567325598, -1.4373095209071598, 0.3499999940395355], ""rotation"": 81.98535919189453, ""color"": ""purple""}, {""name"": ""Object_2"", ""size"": 0.701, ""material"": ""metal"", ""3d_coords"": [1.7988713982083362, 2.050012565814665, 0.699999988079071], ""rotation"": 64.80811309814453, ""color"": ""yellow""}, {""name"": ""Object_3"", ""size"": 0.351, ""material"": ""rubber"", ""3d_coords"": [1.3952332136843588, -0.18657051697186045, 0.3499999940395355], ""rotation"": 196.43255615234375, ""color"": ""red""}]}\n\nWhat is the shape of the object with a size of 0.701?  ASSISTANT:\nassistant\n{""answer"": ""cone""}']",cone,"{""answer"": ""cone""}",4,"user
 USER:  
This image shows a minimalist arrangement of 3D geometric shapes made of different materials and colors. The JSON provided contains information about all objects in the scene, including their name, 3D coordinates (represented as [X, Y, Z]), material (metal = shinny, rubber = matte), and other attributes. 
Your job is to analyze this information, find the object with a size of 0.701, use its attributes to identify which object in the image corresponds to that object, and retrieve its shape in the following format: {""answer"": ""SHAPE""}
Select your answer from the following options: cylinder, sphere, cone, or cube. Do not add any additional text to your answer, provide your answer always in the following format: {""answer"": ""SHAPE""}. 

Understanding the Coordinate System X, Y, Z:
• X (Depth): Represents the depth relative to the camera. Smaller values indicate objects that are farther away.
• Y (Horizontal Position): Represents the left-to-right position. A value of zero means the object is centered in the scene, negative values place the object to the left, and positive values to the right.
• Z (Vertical Position): Represents the height of the object's center point. Larger values correspond to higher vertical positions.

Here is the JSON containing details about all objects in the scene in the image:

{""camera_location"": [9.915478112284436, 0, 5.34366512298584], ""objects"": [{""name"": ""Object_0"", ""size"": 0.7, ""material"": ""rubber"", ""3d_coords"": [-1.8287743121011344, 0.9630842804711663, 0.699999988079071], ""rotation"": 44.579105377197266, ""color"": ""cyan""}, {""name"": ""Object_1"", ""size"": 0.351, ""material"": ""rubber"", ""3d_coords"": [0.7234988567325598, -1.4373095209071598, 0.3499999940395355], ""rotation"": 81.98535919189453, ""color"": ""purple""}, {""name"": ""Object_2"", ""size"": 0.701, ""material"": ""metal"", ""3d_coords"": [1.7988713982083362, 2.050012565814665, 0.699999988079071], ""rotation"": 64.80811309814453, ""color"": ""yellow""}, {""name"": ""Object_3"", ""size"": 0.351, ""material"": ""rubber"", ""3d_coords"": [1.3952332136843588, -0.18657051697186045, 0.3499999940395355], ""rotation"": 196.43255615234375, ""color"": ""red""}]}

What is the shape of the object with a size of 0.701?  ASSISTANT:
assistant
{""answer"": ""cube""}",cube,"{""answer"": ""cone""}",4
6,36.407135,65.03135,85.470726,88.12934,83.88595,81.95341,94.61099,60.023926,77.03757,81.95836,76.79455,70.58673,77.70911,82.89043,87.255165,90.11221,95.00012,59.88825,63.920883,69.46733,84.682915,99.980835,102.23597,111.07484,114.47685,119.99171,115.88123,121.28092,123.2424,130.91335,135.00072,136.51497,139.69943,130.56566,113.75614,101.20516,22.0164,Text only tokens,839,1154,"['user\n USER:  \nThis image shows a minimalist arrangement of 3D geometric shapes made of different materials and colors. The JSON provided contains information about all objects in the scene, including their name, 3D coordinates (represented as [X, Y, Z]), material (metal = shinny, rubber = matte), and other attributes. \nYour job is to analyze this information, find the object with a rotation of 25.02638816833496, use its attributes to identify which object in the image corresponds to that object, and retrieve its shape in the following format: {""answer"": ""SHAPE""}\nSelect your answer from the following options: cylinder, sphere, cone, or cube. Do not add any additional text to your answer, provide your answer always in the following format: {""answer"": ""SHAPE""}. \n\nUnderstanding the Coordinate System X, Y, Z:\n• X (Depth): Represents the depth relative to the camera. Smaller values indicate objects that are farther away.\n• Y (Horizontal Position): Represents the left-to-right position. A value of zero means the object is centered in the scene, negative values place the object to the left, and positive values to the right.\n• Z (Vertical Position): Represents the height of the object\'s center point. Larger values correspond to higher vertical positions.\n\nHere is the JSON containing details about all objects in the scene in the image:\n\n{""camera_location"": [9.915478112284436, 0, 5.34366512298584], ""objects"": [{""name"": ""Object_0"", ""size"": 0.351, ""material"": ""rubber"", ""3d_coords"": [-0.7688406121808127, 0.2578378438427226, 0.3499999940395355], ""rotation"": 25.02638816833496, ""color"": ""red""}, {""name"": ""Object_1"", ""size"": 0.351, ""material"": ""rubber"", ""3d_coords"": [-0.28359972572667824, 1.7809464408694078, 0.3499999940395355], ""rotation"": 1.1826918125152588, ""color"": ""red""}, {""name"": ""Object_2"", ""size"": 0.701, ""material"": ""rubber"", ""3d_coords"": [1.5589756765256029, 2.4842512511159267, 0.699999988079071], ""rotation"": 151.97024536132812, ""color"": ""blue""}, {""name"": ""Object_3"", ""size"": 0.7, ""material"": ""metal"", ""3d_coords"": [2.793549618900461, -0.750153045601017, 0.699999988079071], ""rotation"": 267.00469970703125, ""color"": ""yellow""}, {""name"": ""Object_4"", ""size"": 0.7, ""material"": ""metal"", ""3d_coords"": [-2.8544007779019, -0.22235948344020784, 0.699999988079071], ""rotation"": 275.3589172363281, ""color"": ""cyan""}]}\n\nWhat is the shape of the object with a rotation of 25.02638816833496?  ASSISTANT:\nassistant\n{""answer"": ""sphere""}']",sphere,"{""answer"": ""sphere""}",5,"user
 USER:  
This image shows a minimalist arrangement of 3D geometric shapes made of different materials and colors. The JSON provided contains information about all objects in the scene, including their name, 3D coordinates (represented as [X, Y, Z]), material (metal = shinny, rubber = matte), and other attributes. 
Your job is to analyze this information, find the object with a rotation of 25.02638816833496, use its attributes to identify which object in the image corresponds to that object, and retrieve its shape in the following format: {""answer"": ""SHAPE""}
Select your answer from the following options: cylinder, sphere, cone, or cube. Do not add any additional text to your answer, provide your answer always in the following format: {""answer"": ""SHAPE""}. 

Understanding the Coordinate System X, Y, Z:
• X (Depth): Represents the depth relative to the camera. Smaller values indicate objects that are farther away.
• Y (Horizontal Position): Represents the left-to-right position. A value of zero means the object is centered in the scene, negative values place the object to the left, and positive values to the right.
• Z (Vertical Position): Represents the height of the object's center point. Larger values correspond to higher vertical positions.

Here is the JSON containing details about all objects in the scene in the image:

{""camera_location"": [9.915478112284436, 0, 5.34366512298584], ""objects"": [{""name"": ""Object_0"", ""size"": 0.351, ""material"": ""rubber"", ""3d_coords"": [-0.7688406121808127, 0.2578378438427226, 0.3499999940395355], ""rotation"": 25.02638816833496, ""color"": ""red""}, {""name"": ""Object_1"", ""size"": 0.351, ""material"": ""rubber"", ""3d_coords"": [-0.28359972572667824, 1.7809464408694078, 0.3499999940395355], ""rotation"": 1.1826918125152588, ""color"": ""red""}, {""name"": ""Object_2"", ""size"": 0.701, ""material"": ""rubber"", ""3d_coords"": [1.5589756765256029, 2.4842512511159267, 0.699999988079071], ""rotation"": 151.97024536132812, ""color"": ""blue""}, {""name"": ""Object_3"", ""size"": 0.7, ""material"": ""metal"", ""3d_coords"": [2.793549618900461, -0.750153045601017, 0.699999988079071], ""rotation"": 267.00469970703125, ""color"": ""yellow""}, {""name"": ""Object_4"", ""size"": 0.7, ""material"": ""metal"", ""3d_coords"": [-2.8544007779019, -0.22235948344020784, 0.699999988079071], ""rotation"": 275.3589172363281, ""color"": ""cyan""}]}

What is the shape of the object with a rotation of 25.02638816833496?  ASSISTANT:
assistant
{""answer"": ""cylinder""}",cylinder,"{""answer"": ""sphere""}",5
7,39.34944,67.753365,89.04683,92.31714,88.05239,86.889465,99.126274,52.66514,68.335846,74.74235,70.86547,65.76373,72.16678,76.25574,79.99341,82.51732,87.02526,52.494274,56.66002,62.157265,77.55442,92.80635,96.13995,106.44518,111.201385,117.87494,115.82092,122.07586,124.3921,131.65302,135.82314,137.16171,139.62051,132.61058,118.08348,106.88667,28.020416,Text only tokens,712,981,"['user\n USER:  \nThis image shows a minimalist arrangement of 3D geometric shapes made of different materials and colors. The JSON provided contains information about all objects in the scene, including their name, 3D coordinates (represented as [X, Y, Z]), material (metal = shinny, rubber = matte), and other attributes. \nYour job is to analyze this information, find the object with a rotation of 232.12574768066406, use its attributes to identify which object in the image corresponds to that object, and retrieve its color in the following format: {""answer"": ""COLOR""}\nSelect your answer from the following options: gray, red, blue, green, brown, purple, cyan, or yellow. Do not add any additional text to your answer, provide your answer always in the following format: {""answer"": ""COLOR""}. \n\nUnderstanding the Coordinate System X, Y, Z:\n• X (Depth): Represents the depth relative to the camera. Smaller values indicate objects that are farther away.\n• Y (Horizontal Position): Represents the left-to-right position. A value of zero means the object is centered in the scene, negative values place the object to the left, and positive values to the right.\n• Z (Vertical Position): Represents the height of the object\'s center point. Larger values correspond to higher vertical positions.\n\nHere is the JSON containing details about all objects in the scene in the image:\n\n{""camera_location"": [9.915478112284436, 0, 5.34366512298584], ""objects"": [{""name"": ""Object_0"", ""shape"": ""cylinder"", ""size"": 0.351, ""material"": ""rubber"", ""3d_coords"": [-2.3552189178942275, 1.5669382954008868, 0.3499999940395355], ""rotation"": 142.60064697265625}, {""name"": ""Object_1"", ""shape"": ""cube"", ""size"": 0.351, ""material"": ""rubber"", ""3d_coords"": [3.657640995446757, -0.1797719977988197, 0.3499999940395355], ""rotation"": 87.7704086303711}, {""name"": ""Object_2"", ""shape"": ""cone"", ""size"": 0.351, ""material"": ""metal"", ""3d_coords"": [-0.3371564845738526, 2.8053122648321462, 0.3499999940395355], ""rotation"": 23.406627655029297}, {""name"": ""Object_3"", ""shape"": ""sphere"", ""size"": 0.351, ""material"": ""rubber"", ""3d_coords"": [0.7765062641414797, -1.8289825434107936, 0.3499999940395355], ""rotation"": 232.12574768066406}]}\n\nWhat is the color of the object with a rotation of 232.12574768066406?  ASSISTANT:\nassistant\n{""answer"": ""brown""}']",brown,"{""answer"": ""brown""}",4,"user
 USER:  
This image shows a minimalist arrangement of 3D geometric shapes made of different materials and colors. The JSON provided contains information about all objects in the scene, including their name, 3D coordinates (represented as [X, Y, Z]), material (metal = shinny, rubber = matte), and other attributes. 
Your job is to analyze this information, find the object with a rotation of 232.12574768066406, use its attributes to identify which object in the image corresponds to that object, and retrieve its color in the following format: {""answer"": ""COLOR""}
Select your answer from the following options: gray, red, blue, green, brown, purple, cyan, or yellow. Do not add any additional text to your answer, provide your answer always in the following format: {""answer"": ""COLOR""}. 

Understanding the Coordinate System X, Y, Z:
• X (Depth): Represents the depth relative to the camera. Smaller values indicate objects that are farther away.
• Y (Horizontal Position): Represents the left-to-right position. A value of zero means the object is centered in the scene, negative values place the object to the left, and positive values to the right.
• Z (Vertical Position): Represents the height of the object's center point. Larger values correspond to higher vertical positions.

Here is the JSON containing details about all objects in the scene in the image:

{""camera_location"": [9.915478112284436, 0, 5.34366512298584], ""objects"": [{""name"": ""Object_0"", ""shape"": ""cylinder"", ""size"": 0.351, ""material"": ""rubber"", ""3d_coords"": [-2.3552189178942275, 1.5669382954008868, 0.3499999940395355], ""rotation"": 142.60064697265625}, {""name"": ""Object_1"", ""shape"": ""cube"", ""size"": 0.351, ""material"": ""rubber"", ""3d_coords"": [3.657640995446757, -0.1797719977988197, 0.3499999940395355], ""rotation"": 87.7704086303711}, {""name"": ""Object_2"", ""shape"": ""cone"", ""size"": 0.351, ""material"": ""metal"", ""3d_coords"": [-0.3371564845738526, 2.8053122648321462, 0.3499999940395355], ""rotation"": 23.406627655029297}, {""name"": ""Object_3"", ""shape"": ""sphere"", ""size"": 0.351, ""material"": ""rubber"", ""3d_coords"": [0.7765062641414797, -1.8289825434107936, 0.3499999940395355], ""rotation"": 232.12574768066406}]}

What is the color of the object with a rotation of 232.12574768066406?  ASSISTANT:
assistant
{""answer"": ""gray""}",gray,"{""answer"": ""brown""}",4
8,34.84135,62.17046,81.98256,84.25589,79.34667,77.4135,89.788895,66.16307,83.1757,87.12815,80.997765,74.36098,81.28958,86.315254,89.867966,92.825516,97.66059,64.77662,68.498535,73.53437,87.71442,102.61041,104.210495,111.201485,112.31257,116.44489,110.77087,115.80888,117.44092,125.06071,129.56787,131.64317,134.92311,125.69365,107.78778,94.64898,16.700983,Text only tokens,3456,4589,"['user\n USER:  \nThis image shows a minimalist arrangement of 3D geometric shapes made of different materials and colors. The JSON provided contains information about all objects in the scene, including their name, 3D coordinates (represented as [X, Y, Z]), material (metal = shinny, rubber = matte), and other attributes. \nYour job is to analyze this information, find the object with a size of 0.7, use its attributes to identify which object in the image corresponds to that object, and retrieve its color in the following format: {""answer"": ""COLOR""}\nSelect your answer from the following options: gray, red, blue, green, brown, purple, cyan, or yellow. Do not add any additional text to your answer, provide your answer always in the following format: {""answer"": ""COLOR""}. \n\nUnderstanding the Coordinate System X, Y, Z:\n• X (Depth): Represents the depth relative to the camera. Smaller values indicate objects that are farther away.\n• Y (Horizontal Position): Represents the left-to-right position. A value of zero means the object is centered in the scene, negative values place the object to the left, and positive values to the right.\n• Z (Vertical Position): Represents the height of the object\'s center point. Larger values correspond to higher vertical positions.\n\nHere is the JSON containing details about all objects in the scene in the image:\n\n{""camera_location"": [9.915478112284436, 0, 5.34366512298584], ""objects"": [{""name"": ""Object_0"", ""shape"": ""cylinder"", ""size"": 0.351, ""material"": ""rubber"", ""3d_coords"": [-3.446815868707599, 0.49101349714508413, 0.3499999940395355], ""rotation"": 276.2140808105469}, {""name"": ""Object_1"", ""shape"": ""cube"", ""size"": 0.351, ""material"": ""rubber"", ""3d_coords"": [0.08797373323654215, -0.587972585849492, 0.3499999940395355], ""rotation"": 244.6030731201172}, {""name"": ""Object_2"", ""shape"": ""cube"", ""size"": 0.351, ""material"": ""metal"", ""3d_coords"": [1.8430990976848145, 0.9086803791781174, 0.3499999940395355], ""rotation"": 252.8525848388672}, {""name"": ""Object_3"", ""shape"": ""cube"", ""size"": 0.701, ""material"": ""metal"", ""3d_coords"": [-0.3911008323149323, 3.2310678358222127, 0.699999988079071], ""rotation"": 61.00957489013672}, {""name"": ""Object_4"", ""shape"": ""cone"", ""size"": 0.7, ""material"": ""rubber"", ""3d_coords"": [-2.0973957199323965, -1.8260851007782561, 0.699999988079071], ""rotation"": 26.510316848754883}, {""name"": ""Object_5"", ""shape"": ""sphere"", ""size"": 0.351, ""material"": ""metal"", ""3d_coords"": [0.494945610865555, -2.829583241246721, 0.3499999940395355], ""rotation"": 275.87396240234375}]}\n\nWhat is the color of the object with a size of 0.7?  ASSISTANT:\nassistant\n{""answer"": ""green""}']",green,"{""answer"": ""green""}",6,"user
 USER:  
This image shows a minimalist arrangement of 3D geometric shapes made of different materials and colors. The JSON provided contains information about all objects in the scene, including their name, 3D coordinates (represented as [X, Y, Z]), material (metal = shinny, rubber = matte), and other attributes. 
Your job is to analyze this information, find the object with a size of 0.7, use its attributes to identify which object in the image corresponds to that object, and retrieve its color in the following format: {""answer"": ""COLOR""}
Select your answer from the following options: gray, red, blue, green, brown, purple, cyan, or yellow. Do not add any additional text to your answer, provide your answer always in the following format: {""answer"": ""COLOR""}. 

Understanding the Coordinate System X, Y, Z:
• X (Depth): Represents the depth relative to the camera. Smaller values indicate objects that are farther away.
• Y (Horizontal Position): Represents the left-to-right position. A value of zero means the object is centered in the scene, negative values place the object to the left, and positive values to the right.
• Z (Vertical Position): Represents the height of the object's center point. Larger values correspond to higher vertical positions.

Here is the JSON containing details about all objects in the scene in the image:

{""camera_location"": [9.915478112284436, 0, 5.34366512298584], ""objects"": [{""name"": ""Object_0"", ""shape"": ""cylinder"", ""size"": 0.351, ""material"": ""rubber"", ""3d_coords"": [-3.446815868707599, 0.49101349714508413, 0.3499999940395355], ""rotation"": 276.2140808105469}, {""name"": ""Object_1"", ""shape"": ""cube"", ""size"": 0.351, ""material"": ""rubber"", ""3d_coords"": [0.08797373323654215, -0.587972585849492, 0.3499999940395355], ""rotation"": 244.6030731201172}, {""name"": ""Object_2"", ""shape"": ""cube"", ""size"": 0.351, ""material"": ""metal"", ""3d_coords"": [1.8430990976848145, 0.9086803791781174, 0.3499999940395355], ""rotation"": 252.8525848388672}, {""name"": ""Object_3"", ""shape"": ""cube"", ""size"": 0.701, ""material"": ""metal"", ""3d_coords"": [-0.3911008323149323, 3.2310678358222127, 0.699999988079071], ""rotation"": 61.00957489013672}, {""name"": ""Object_4"", ""shape"": ""cone"", ""size"": 0.7, ""material"": ""rubber"", ""3d_coords"": [-2.0973957199323965, -1.8260851007782561, 0.699999988079071], ""rotation"": 26.510316848754883}, {""name"": ""Object_5"", ""shape"": ""sphere"", ""size"": 0.351, ""material"": ""metal"", ""3d_coords"": [0.494945610865555, -2.829583241246721, 0.3499999940395355], ""rotation"": 275.87396240234375}]}

What is the color of the object with a size of 0.7?  ASSISTANT:
assistant
{""answer"": ""red""}",red,"{""answer"": ""green""}",6
9,35.87478,63.932407,82.856,84.47202,79.52106,77.68503,90.48583,53.598286,69.099304,74.652695,70.306206,65.35253,72.115974,76.661476,80.326324,83.204056,87.07229,70.28529,73.2017,77.00932,90.0781,104.45911,103.37921,110.779305,111.340614,114.58723,108.07403,112.89068,114.06764,120.56852,124.278435,126.5031,129.7601,121.43641,105.67592,95.24311,21.864496,Text only tokens,260,370,"['user\n USER:  \nThis image shows a minimalist arrangement of 3D geometric shapes made of different materials and colors. The JSON provided contains information about all objects in the scene, including their name, 3D coordinates (represented as [X, Y, Z]), material (metal = shinny, rubber = matte), and other attributes. \nYour job is to identify the purple colored object in the image, match its attributes to identify which of the objects mentioned in the JSON corresponds to that object, and determine its rotation in the following format: {""answer"": ""ROTATION""}\nDo not add any additional text to your answer, provide your answer always in the following format: {""answer"": ""ROTATION""}. \n\nUnderstanding the Coordinate System X, Y, Z:\n• X (Depth): Represents the depth relative to the camera. Smaller values indicate objects that are farther away.\n• Y (Horizontal Position): Represents the left-to-right position. A value of zero means the object is centered in the scene, negative values place the object to the left, and positive values to the right.\n• Z (Vertical Position): Represents the height of the object\'s center point. Larger values correspond to higher vertical positions.\n\nHere is the JSON containing details about all objects in the scene in the image:\n\n{""camera_location"": [9.915478112284436, 0, 5.34366512298584], ""objects"": [{""name"": ""Object_0"", ""shape"": ""cylinder"", ""size"": 0.7, ""material"": ""metal"", ""3d_coords"": [-1.591942043143291, -1.2496840973818253, 0.699999988079071], ""rotation"": 312.8865966796875}, {""name"": ""Object_1"", ""shape"": ""cube"", ""size"": 0.7, ""material"": ""metal"", ""3d_coords"": [0.9189972099466277, 0.02540872099204111, 0.699999988079071], ""rotation"": 270.5379943847656}, {""name"": ""Object_2"", ""shape"": ""cone"", ""size"": 0.351, ""material"": ""metal"", ""3d_coords"": [0.21770528477874906, 1.6116442638476218, 0.3499999940395355], ""rotation"": 218.63015747070312}, {""name"": ""Object_3"", ""shape"": ""cube"", ""size"": 0.351, ""material"": ""rubber"", ""3d_coords"": [2.711817340900719, 1.0510211384077992, 0.3499999940395355], ""rotation"": 209.48934936523438}, {""name"": ""Object_4"", ""shape"": ""sphere"", ""size"": 0.351, ""material"": ""rubber"", ""3d_coords"": [-4.006284979065889, 0.4837366025901044, 0.3499999940395355], ""rotation"": 182.2911376953125}]}\n\nWhat is the rotation value of the purple colored object?  ASSISTANT:\nassistant\n{""answer"": ""182.2911376953125""}']",182.2911376953125,"{""answer"": 182.2911376953125}",5,"user
 USER:  
This image shows a minimalist arrangement of 3D geometric shapes made of different materials and colors. The JSON provided contains information about all objects in the scene, including their name, 3D coordinates (represented as [X, Y, Z]), material (metal = shinny, rubber = matte), and other attributes. 
Your job is to identify the purple colored object in the image, match its attributes to identify which of the objects mentioned in the JSON corresponds to that object, and determine its rotation in the following format: {""answer"": ""ROTATION""}
Do not add any additional text to your answer, provide your answer always in the following format: {""answer"": ""ROTATION""}. 

Understanding the Coordinate System X, Y, Z:
• X (Depth): Represents the depth relative to the camera. Smaller values indicate objects that are farther away.
• Y (Horizontal Position): Represents the left-to-right position. A value of zero means the object is centered in the scene, negative values place the object to the left, and positive values to the right.
• Z (Vertical Position): Represents the height of the object's center point. Larger values correspond to higher vertical positions.

Here is the JSON containing details about all objects in the scene in the image:

{""camera_location"": [9.915478112284436, 0, 5.34366512298584], ""objects"": [{""name"": ""Object_0"", ""shape"": ""cylinder"", ""size"": 0.7, ""material"": ""metal"", ""3d_coords"": [-1.591942043143291, -1.2496840973818253, 0.699999988079071], ""rotation"": 312.8865966796875}, {""name"": ""Object_1"", ""shape"": ""cube"", ""size"": 0.7, ""material"": ""metal"", ""3d_coords"": [0.9189972099466277, 0.02540872099204111, 0.699999988079071], ""rotation"": 270.5379943847656}, {""name"": ""Object_2"", ""shape"": ""cone"", ""size"": 0.351, ""material"": ""metal"", ""3d_coords"": [0.21770528477874906, 1.6116442638476218, 0.3499999940395355], ""rotation"": 218.63015747070312}, {""name"": ""Object_3"", ""shape"": ""cube"", ""size"": 0.351, ""material"": ""rubber"", ""3d_coords"": [2.711817340900719, 1.0510211384077992, 0.3499999940395355], ""rotation"": 209.48934936523438}, {""name"": ""Object_4"", ""shape"": ""sphere"", ""size"": 0.351, ""material"": ""rubber"", ""3d_coords"": [-4.006284979065889, 0.4837366025901044, 0.3499999940395355], ""rotation"": 182.2911376953125}]}

What is the rotation value of the purple colored object?  ASSISTANT:
assistant
{""answer"": ""209.48934936523438""}",209.48934936523438,"{""answer"": 182.2911376953125}",5
10,28.545134,53.158592,71.9663,73.350296,68.757805,66.23169,77.84533,83.84016,99.816734,99.91712,91.71865,83.348915,90.22791,97.083275,100.73925,103.21568,109.436134,92.08501,94.08628,96.23283,107.026825,120.22355,112.25404,116.4549,114.69273,117.83976,107.44597,111.64603,113.07418,121.830055,128.5111,134.57845,140.80774,129.97586,110.306015,92.87379,15.201355,Text only tokens,244,346,"['user\n USER:  \nThis image shows a minimalist arrangement of 3D geometric shapes made of different materials and colors. The JSON provided contains information about all objects in the scene, including their name, 3D coordinates (represented as [X, Y, Z]), material (metal = shinny, rubber = matte), and other attributes. \nYour job is to analyze this information, find the object with a rotation of 165.31961059570312, use its attributes to identify which object in the image corresponds to that object, and retrieve its color in the following format: {""answer"": ""COLOR""}\nSelect your answer from the following options: gray, red, blue, green, brown, purple, cyan, or yellow. Do not add any additional text to your answer, provide your answer always in the following format: {""answer"": ""COLOR""}. \n\nUnderstanding the Coordinate System X, Y, Z:\n• X (Depth): Represents the depth relative to the camera. Smaller values indicate objects that are farther away.\n• Y (Horizontal Position): Represents the left-to-right position. A value of zero means the object is centered in the scene, negative values place the object to the left, and positive values to the right.\n• Z (Vertical Position): Represents the height of the object\'s center point. Larger values correspond to higher vertical positions.\n\nHere is the JSON containing details about all objects in the scene in the image:\n\n{""camera_location"": [9.915478112284436, 0, 5.34366512298584], ""objects"": [{""name"": ""Object_0"", ""shape"": ""cylinder"", ""size"": 0.7, ""material"": ""rubber"", ""3d_coords"": [-0.5963509222103384, 0.8555032788134402, 0.699999988079071], ""rotation"": 132.22984313964844}, {""name"": ""Object_1"", ""shape"": ""cube"", ""size"": 0.351, ""material"": ""metal"", ""3d_coords"": [1.9596953268473278, 1.6035558370661513, 0.3499999940395355], ""rotation"": 236.74391174316406}, {""name"": ""Object_2"", ""shape"": ""sphere"", ""size"": 0.351, ""material"": ""metal"", ""3d_coords"": [-0.09404706331348178, -3.6358951907994457, 0.3499999940395355], ""rotation"": 182.56710815429688}, {""name"": ""Object_3"", ""shape"": ""cube"", ""size"": 0.7, ""material"": ""rubber"", ""3d_coords"": [3.572088971725676, -0.8319100495066869, 0.699999988079071], ""rotation"": 165.31961059570312}, {""name"": ""Object_4"", ""shape"": ""cylinder"", ""size"": 0.351, ""material"": ""rubber"", ""3d_coords"": [-1.6291685567126233, -2.4808526061745293, 0.3499999940395355], ""rotation"": 338.7406005859375}, {""name"": ""Object_5"", ""shape"": ""cube"", ""size"": 0.351, ""material"": ""metal"", ""3d_coords"": [-2.919907584340635, 0.28883501029226144, 0.3499999940395355], ""rotation"": 122.74473571777344}, {""name"": ""Object_6"", ""shape"": ""cone"", ""size"": 0.7, ""material"": ""metal"", ""3d_coords"": [0.9624861426391786, 3.320220364933027, 0.699999988079071], ""rotation"": 126.17110443115234}, {""name"": ""Object_7"", ""shape"": ""cylinder"", ""size"": 0.7, ""material"": ""rubber"", ""3d_coords"": [0.32033794700094187, -1.304318842496162, 0.699999988079071], ""rotation"": 256.7774658203125}, {""name"": ""Object_8"", ""shape"": ""cylinder"", ""size"": 0.351, ""material"": ""metal"", ""3d_coords"": [1.558059913609951, -1.9835437383531422, 0.3499999940395355], ""rotation"": 354.0904846191406}, {""name"": ""Object_9"", ""shape"": ""cylinder"", ""size"": 0.351, ""material"": ""metal"", ""3d_coords"": [-1.1460673783001005, 2.8807531222174294, 0.3499999940395355], ""rotation"": 32.034080505371094}]}\n\nWhat is the color of the object with a rotation of 165.31961059570312?  ASSISTANT:\nassistant\n{""answer"": ""gray""}']",gray,"{""answer"": ""blue""}",10,"user
 USER:  
This image shows a minimalist arrangement of 3D geometric shapes made of different materials and colors. The JSON provided contains information about all objects in the scene, including their name, 3D coordinates (represented as [X, Y, Z]), material (metal = shinny, rubber = matte), and other attributes. 
Your job is to analyze this information, find the object with a rotation of 165.31961059570312, use its attributes to identify which object in the image corresponds to that object, and retrieve its color in the following format: {""answer"": ""COLOR""}
Select your answer from the following options: gray, red, blue, green, brown, purple, cyan, or yellow. Do not add any additional text to your answer, provide your answer always in the following format: {""answer"": ""COLOR""}. 

Understanding the Coordinate System X, Y, Z:
• X (Depth): Represents the depth relative to the camera. Smaller values indicate objects that are farther away.
• Y (Horizontal Position): Represents the left-to-right position. A value of zero means the object is centered in the scene, negative values place the object to the left, and positive values to the right.
• Z (Vertical Position): Represents the height of the object's center point. Larger values correspond to higher vertical positions.

Here is the JSON containing details about all objects in the scene in the image:

{""camera_location"": [9.915478112284436, 0, 5.34366512298584], ""objects"": [{""name"": ""Object_0"", ""shape"": ""cylinder"", ""size"": 0.7, ""material"": ""rubber"", ""3d_coords"": [-0.5963509222103384, 0.8555032788134402, 0.699999988079071], ""rotation"": 132.22984313964844}, {""name"": ""Object_1"", ""shape"": ""cube"", ""size"": 0.351, ""material"": ""metal"", ""3d_coords"": [1.9596953268473278, 1.6035558370661513, 0.3499999940395355], ""rotation"": 236.74391174316406}, {""name"": ""Object_2"", ""shape"": ""sphere"", ""size"": 0.351, ""material"": ""metal"", ""3d_coords"": [-0.09404706331348178, -3.6358951907994457, 0.3499999940395355], ""rotation"": 182.56710815429688}, {""name"": ""Object_3"", ""shape"": ""cube"", ""size"": 0.7, ""material"": ""rubber"", ""3d_coords"": [3.572088971725676, -0.8319100495066869, 0.699999988079071], ""rotation"": 165.31961059570312}, {""name"": ""Object_4"", ""shape"": ""cylinder"", ""size"": 0.351, ""material"": ""rubber"", ""3d_coords"": [-1.6291685567126233, -2.4808526061745293, 0.3499999940395355], ""rotation"": 338.7406005859375}, {""name"": ""Object_5"", ""shape"": ""cube"", ""size"": 0.351, ""material"": ""metal"", ""3d_coords"": [-2.919907584340635, 0.28883501029226144, 0.3499999940395355], ""rotation"": 122.74473571777344}, {""name"": ""Object_6"", ""shape"": ""cone"", ""size"": 0.7, ""material"": ""metal"", ""3d_coords"": [0.9624861426391786, 3.320220364933027, 0.699999988079071], ""rotation"": 126.17110443115234}, {""name"": ""Object_7"", ""shape"": ""cylinder"", ""size"": 0.7, ""material"": ""rubber"", ""3d_coords"": [0.32033794700094187, -1.304318842496162, 0.699999988079071], ""rotation"": 256.7774658203125}, {""name"": ""Object_8"", ""shape"": ""cylinder"", ""size"": 0.351, ""material"": ""metal"", ""3d_coords"": [1.558059913609951, -1.9835437383531422, 0.3499999940395355], ""rotation"": 354.0904846191406}, {""name"": ""Object_9"", ""shape"": ""cylinder"", ""size"": 0.351, ""material"": ""metal"", ""3d_coords"": [-1.1460673783001005, 2.8807531222174294, 0.3499999940395355], ""rotation"": 32.034080505371094}]}

What is the color of the object with a rotation of 165.31961059570312?  ASSISTANT:
assistant
{""answer"": ""red""}",red,"{""answer"": ""blue""}",10
11,33.87989,60.477917,79.00297,80.32866,75.2217,73.22984,85.58546,60.881348,76.447815,80.41724,74.869255,69.203964,76.08981,81.24897,84.98638,87.65559,92.00236,61.37549,64.77119,68.708885,82.58834,97.23152,96.09828,104.67634,106.70401,110.21348,103.84995,108.80342,110.579025,118.14708,122.619705,126.24577,130.38069,122.161865,106.27412,94.13084,19.144892,Text only tokens,767,1052,"['user\n USER:  \nThis image shows a minimalist arrangement of 3D geometric shapes made of different materials and colors. The JSON provided contains information about all objects in the scene, including their name, 3D coordinates (represented as [X, Y, Z]), material (metal = shinny, rubber = matte), and other attributes. \nYour job is to identify the green colored object in the image, match its attributes to identify which of the objects mentioned in the JSON corresponds to that object, and determine its name in the following format: {""answer"": ""NAME""}\nDo not add any additional text to your answer, provide your answer always in the following format: {""answer"": ""NAME""}. \n\nUnderstanding the Coordinate System X, Y, Z:\n• X (Depth): Represents the depth relative to the camera. Smaller values indicate objects that are farther away.\n• Y (Horizontal Position): Represents the left-to-right position. A value of zero means the object is centered in the scene, negative values place the object to the left, and positive values to the right.\n• Z (Vertical Position): Represents the height of the object\'s center point. Larger values correspond to higher vertical positions.\n\nHere is the JSON containing details about all objects in the scene in the image:\n\n{""camera_location"": [9.915478112284436, 0, 5.34366512298584], ""objects"": [{""name"": ""Object_0"", ""shape"": ""cube"", ""size"": 0.7, ""material"": ""metal"", ""3d_coords"": [-2.6366885926928822, 1.4068235439295704, 0.699999988079071], ""rotation"": 52.96209716796875}, {""name"": ""Object_1"", ""shape"": ""cone"", ""size"": 0.7, ""material"": ""rubber"", ""3d_coords"": [2.014599868522229, -1.8843249357854348, 0.699999988079071], ""rotation"": 64.84207153320312}, {""name"": ""Object_2"", ""shape"": ""cylinder"", ""size"": 0.351, ""material"": ""rubber"", ""3d_coords"": [-1.1145251997780832, -2.9610925303406983, 0.3499999940395355], ""rotation"": 306.3620300292969}, {""name"": ""Object_3"", ""shape"": ""cylinder"", ""size"": 0.7, ""material"": ""metal"", ""3d_coords"": [-3.0675586520596037, -0.8788965394173738, 0.699999988079071], ""rotation"": 211.88417053222656}, {""name"": ""Object_4"", ""shape"": ""cylinder"", ""size"": 0.351, ""material"": ""metal"", ""3d_coords"": [0.35434264486983497, 0.3345610617670085, 0.3499999940395355], ""rotation"": 71.63798522949219}, {""name"": ""Object_5"", ""shape"": ""cone"", ""size"": 0.7, ""material"": ""rubber"", ""3d_coords"": [-0.5104371021398848, 2.614751106687411, 0.699999988079071], ""rotation"": 25.481096267700195}]}\n\nWhat is the name of the green colored object?  ASSISTANT:\nassistant\n{""answer"": ""Object_4""}']",Object_4,"{""answer"": ""Object_4""}",6,"user
 USER:  
This image shows a minimalist arrangement of 3D geometric shapes made of different materials and colors. The JSON provided contains information about all objects in the scene, including their name, 3D coordinates (represented as [X, Y, Z]), material (metal = shinny, rubber = matte), and other attributes. 
Your job is to identify the green colored object in the image, match its attributes to identify which of the objects mentioned in the JSON corresponds to that object, and determine its name in the following format: {""answer"": ""NAME""}
Do not add any additional text to your answer, provide your answer always in the following format: {""answer"": ""NAME""}. 

Understanding the Coordinate System X, Y, Z:
• X (Depth): Represents the depth relative to the camera. Smaller values indicate objects that are farther away.
• Y (Horizontal Position): Represents the left-to-right position. A value of zero means the object is centered in the scene, negative values place the object to the left, and positive values to the right.
• Z (Vertical Position): Represents the height of the object's center point. Larger values correspond to higher vertical positions.

Here is the JSON containing details about all objects in the scene in the image:

{""camera_location"": [9.915478112284436, 0, 5.34366512298584], ""objects"": [{""name"": ""Object_0"", ""shape"": ""cube"", ""size"": 0.7, ""material"": ""metal"", ""3d_coords"": [-2.6366885926928822, 1.4068235439295704, 0.699999988079071], ""rotation"": 52.96209716796875}, {""name"": ""Object_1"", ""shape"": ""cone"", ""size"": 0.7, ""material"": ""rubber"", ""3d_coords"": [2.014599868522229, -1.8843249357854348, 0.699999988079071], ""rotation"": 64.84207153320312}, {""name"": ""Object_2"", ""shape"": ""cylinder"", ""size"": 0.351, ""material"": ""rubber"", ""3d_coords"": [-1.1145251997780832, -2.9610925303406983, 0.3499999940395355], ""rotation"": 306.3620300292969}, {""name"": ""Object_3"", ""shape"": ""cylinder"", ""size"": 0.7, ""material"": ""metal"", ""3d_coords"": [-3.0675586520596037, -0.8788965394173738, 0.699999988079071], ""rotation"": 211.88417053222656}, {""name"": ""Object_4"", ""shape"": ""cylinder"", ""size"": 0.351, ""material"": ""metal"", ""3d_coords"": [0.35434264486983497, 0.3345610617670085, 0.3499999940395355], ""rotation"": 71.63798522949219}, {""name"": ""Object_5"", ""shape"": ""cone"", ""size"": 0.7, ""material"": ""rubber"", ""3d_coords"": [-0.5104371021398848, 2.614751106687411, 0.699999988079071], ""rotation"": 25.481096267700195}]}

What is the name of the green colored object?  ASSISTANT:
assistant
{""answer"": ""Object_5""}",Object_5,"{""answer"": ""Object_4""}",6
12,28.908064,53.39876,71.28116,71.93308,67.37289,64.93254,76.95433,76.235664,92.28049,92.58355,85.674995,78.17353,84.84608,91.52254,95.59596,97.944466,103.467575,82.089554,84.82962,87.470375,99.28663,112.655945,106.83256,111.94861,111.79787,114.11535,104.56644,108.340996,109.450584,117.35487,123.48742,128.27863,133.43994,123.240585,105.46912,89.88807,15.793899,Text only tokens,1791,2395,"['user\n USER:  \nThis image shows a minimalist arrangement of 3D geometric shapes made of different materials and colors. The JSON provided contains information about all objects in the scene, including their name, 3D coordinates (represented as [X, Y, Z]), material (metal = shinny, rubber = matte), and other attributes. \nYour job is to identify the sphere in the image, match its attributes to identify which of the objects mentioned in the JSON corresponds to that object, and determine its rotation in the following format: {""answer"": ""ROTATION""}\nDo not add any additional text to your answer, provide your answer always in the following format: {""answer"": ""ROTATION""}. \n\nUnderstanding the Coordinate System X, Y, Z:\n• X (Depth): Represents the depth relative to the camera. Smaller values indicate objects that are farther away.\n• Y (Horizontal Position): Represents the left-to-right position. A value of zero means the object is centered in the scene, negative values place the object to the left, and positive values to the right.\n• Z (Vertical Position): Represents the height of the object\'s center point. Larger values correspond to higher vertical positions.\n\nHere is the JSON containing details about all objects in the scene in the image:\n\n{""camera_location"": [9.915478112284436, 0, 5.34366512298584], ""objects"": [{""name"": ""Object_0"", ""size"": 0.351, ""material"": ""metal"", ""3d_coords"": [-2.372398505046415, -0.39747873069195594, 0.3499999940395355], ""rotation"": 211.63101196289062, ""color"": ""green""}, {""name"": ""Object_1"", ""size"": 0.7, ""material"": ""rubber"", ""3d_coords"": [0.6232362519755055, 0.4957048187076219, 0.699999988079071], ""rotation"": 104.50055694580078, ""color"": ""purple""}, {""name"": ""Object_2"", ""size"": 0.7, ""material"": ""metal"", ""3d_coords"": [-0.8738257055352776, 2.870242792717485, 0.699999988079071], ""rotation"": 315.33099365234375, ""color"": ""yellow""}, {""name"": ""Object_3"", ""size"": 0.351, ""material"": ""metal"", ""3d_coords"": [-0.02248640065592178, -3.1631010984785233, 0.3499999940395355], ""rotation"": 99.96887969970703, ""color"": ""cyan""}, {""name"": ""Object_4"", ""size"": 0.351, ""material"": ""metal"", ""3d_coords"": [1.3184011240790674, -2.7096027164923706, 0.3499999940395355], ""rotation"": 290.90203857421875, ""color"": ""green""}, {""name"": ""Object_5"", ""size"": 0.7, ""material"": ""rubber"", ""3d_coords"": [-1.7561270265643834, -2.0078837814313553, 0.699999988079071], ""rotation"": 343.685791015625, ""color"": ""blue""}, {""name"": ""Object_6"", ""size"": 0.351, ""material"": ""rubber"", ""3d_coords"": [-0.4397722694094792, -1.3267859464288265, 0.3499999940395355], ""rotation"": 287.93170166015625, ""color"": ""brown""}, {""name"": ""Object_7"", ""size"": 0.351, ""material"": ""rubber"", ""3d_coords"": [1.7624547228858733, 2.176969392723907, 0.3499999940395355], ""rotation"": 179.15823364257812, ""color"": ""cyan""}, {""name"": ""Object_8"", ""size"": 0.7, ""material"": ""rubber"", ""3d_coords"": [3.1620595057088092, 0.045002803695253, 0.699999988079071], ""rotation"": 317.5128173828125, ""color"": ""red""}]}\n\nWhat is the rotation value of the sphere?  ASSISTANT:\nassistant\n{""answer"": 287.93170166015625}']",287.93170166015625,"{""answer"": 287.93170166015625}",9,"user
 USER:  
This image shows a minimalist arrangement of 3D geometric shapes made of different materials and colors. The JSON provided contains information about all objects in the scene, including their name, 3D coordinates (represented as [X, Y, Z]), material (metal = shinny, rubber = matte), and other attributes. 
Your job is to identify the sphere in the image, match its attributes to identify which of the objects mentioned in the JSON corresponds to that object, and determine its rotation in the following format: {""answer"": ""ROTATION""}
Do not add any additional text to your answer, provide your answer always in the following format: {""answer"": ""ROTATION""}. 

Understanding the Coordinate System X, Y, Z:
• X (Depth): Represents the depth relative to the camera. Smaller values indicate objects that are farther away.
• Y (Horizontal Position): Represents the left-to-right position. A value of zero means the object is centered in the scene, negative values place the object to the left, and positive values to the right.
• Z (Vertical Position): Represents the height of the object's center point. Larger values correspond to higher vertical positions.

Here is the JSON containing details about all objects in the scene in the image:

{""camera_location"": [9.915478112284436, 0, 5.34366512298584], ""objects"": [{""name"": ""Object_0"", ""size"": 0.351, ""material"": ""metal"", ""3d_coords"": [-2.372398505046415, -0.39747873069195594, 0.3499999940395355], ""rotation"": 211.63101196289062, ""color"": ""green""}, {""name"": ""Object_1"", ""size"": 0.7, ""material"": ""rubber"", ""3d_coords"": [0.6232362519755055, 0.4957048187076219, 0.699999988079071], ""rotation"": 104.50055694580078, ""color"": ""purple""}, {""name"": ""Object_2"", ""size"": 0.7, ""material"": ""metal"", ""3d_coords"": [-0.8738257055352776, 2.870242792717485, 0.699999988079071], ""rotation"": 315.33099365234375, ""color"": ""yellow""}, {""name"": ""Object_3"", ""size"": 0.351, ""material"": ""metal"", ""3d_coords"": [-0.02248640065592178, -3.1631010984785233, 0.3499999940395355], ""rotation"": 99.96887969970703, ""color"": ""cyan""}, {""name"": ""Object_4"", ""size"": 0.351, ""material"": ""metal"", ""3d_coords"": [1.3184011240790674, -2.7096027164923706, 0.3499999940395355], ""rotation"": 290.90203857421875, ""color"": ""green""}, {""name"": ""Object_5"", ""size"": 0.7, ""material"": ""rubber"", ""3d_coords"": [-1.7561270265643834, -2.0078837814313553, 0.699999988079071], ""rotation"": 343.685791015625, ""color"": ""blue""}, {""name"": ""Object_6"", ""size"": 0.351, ""material"": ""rubber"", ""3d_coords"": [-0.4397722694094792, -1.3267859464288265, 0.3499999940395355], ""rotation"": 287.93170166015625, ""color"": ""brown""}, {""name"": ""Object_7"", ""size"": 0.351, ""material"": ""rubber"", ""3d_coords"": [1.7624547228858733, 2.176969392723907, 0.3499999940395355], ""rotation"": 179.15823364257812, ""color"": ""cyan""}, {""name"": ""Object_8"", ""size"": 0.7, ""material"": ""rubber"", ""3d_coords"": [3.1620595057088092, 0.045002803695253, 0.699999988079071], ""rotation"": 317.5128173828125, ""color"": ""red""}]}

What is the rotation value of the sphere?  ASSISTANT:
assistant
{""answer"": ""211.63101196289062""}",211.63101196289062,"{""answer"": 287.93170166015625}",9
13,45.155613,76.50325,96.96891,100.57318,95.72574,94.6925,107.57783,36.835335,49.593018,57.01231,54.60932,51.096397,56.75274,60.434006,64.266396,66.89496,70.27366,37.61952,41.406296,46.99673,61.464436,74.64416,80.360466,90.986626,99.193085,107.16802,108.06419,115.43612,118.63522,125.43756,128.41168,127.74835,129.58604,123.657524,110.50881,100.272736,28.897854,Text only tokens,1905,2553,"['user\n USER:  \nThis image shows a minimalist arrangement of 3D geometric shapes made of different materials and colors. The JSON provided contains information about all objects in the scene, including their name, 3D coordinates (represented as [X, Y, Z]), material (metal = shinny, rubber = matte), and other attributes. \nYour job is to analyze this information, find the object with a size of 0.7, use its attributes to identify which object in the image corresponds to that object, and retrieve its shape in the following format: {""answer"": ""SHAPE""}\nSelect your answer from the following options: cylinder, sphere, cone, or cube. Do not add any additional text to your answer, provide your answer always in the following format: {""answer"": ""SHAPE""}. \n\nUnderstanding the Coordinate System X, Y, Z:\n• X (Depth): Represents the depth relative to the camera. Smaller values indicate objects that are farther away.\n• Y (Horizontal Position): Represents the left-to-right position. A value of zero means the object is centered in the scene, negative values place the object to the left, and positive values to the right.\n• Z (Vertical Position): Represents the height of the object\'s center point. Larger values correspond to higher vertical positions.\n\nHere is the JSON containing details about all objects in the scene in the image:\n\n{""camera_location"": [9.915478112284436, 0, 5.34366512298584], ""objects"": [{""name"": ""Object_0"", ""size"": 0.7, ""material"": ""rubber"", ""3d_coords"": [-0.7229361903991207, -2.4494391558322413, 0.699999988079071], ""rotation"": 256.993408203125, ""color"": ""blue""}, {""name"": ""Object_1"", ""size"": 0.351, ""material"": ""metal"", ""3d_coords"": [0.4406416248691593, -0.4636134240217492, 0.3499999940395355], ""rotation"": 86.39359283447266, ""color"": ""cyan""}, {""name"": ""Object_2"", ""size"": 0.351, ""material"": ""metal"", ""3d_coords"": [2.6571181964591464, 1.1475936486582223, 0.3499999940395355], ""rotation"": 337.097900390625, ""color"": ""red""}]}\n\nWhat is the shape of the object with a size of 0.7?  ASSISTANT:\nassistant\n{""answer"": ""cone""}']",cone,"{""answer"": ""cone""}",3,"user
 USER:  
This image shows a minimalist arrangement of 3D geometric shapes made of different materials and colors. The JSON provided contains information about all objects in the scene, including their name, 3D coordinates (represented as [X, Y, Z]), material (metal = shinny, rubber = matte), and other attributes. 
Your job is to analyze this information, find the object with a size of 0.7, use its attributes to identify which object in the image corresponds to that object, and retrieve its shape in the following format: {""answer"": ""SHAPE""}
Select your answer from the following options: cylinder, sphere, cone, or cube. Do not add any additional text to your answer, provide your answer always in the following format: {""answer"": ""SHAPE""}. 

Understanding the Coordinate System X, Y, Z:
• X (Depth): Represents the depth relative to the camera. Smaller values indicate objects that are farther away.
• Y (Horizontal Position): Represents the left-to-right position. A value of zero means the object is centered in the scene, negative values place the object to the left, and positive values to the right.
• Z (Vertical Position): Represents the height of the object's center point. Larger values correspond to higher vertical positions.

Here is the JSON containing details about all objects in the scene in the image:

{""camera_location"": [9.915478112284436, 0, 5.34366512298584], ""objects"": [{""name"": ""Object_0"", ""size"": 0.7, ""material"": ""rubber"", ""3d_coords"": [-0.7229361903991207, -2.4494391558322413, 0.699999988079071], ""rotation"": 256.993408203125, ""color"": ""blue""}, {""name"": ""Object_1"", ""size"": 0.351, ""material"": ""metal"", ""3d_coords"": [0.4406416248691593, -0.4636134240217492, 0.3499999940395355], ""rotation"": 86.39359283447266, ""color"": ""cyan""}, {""name"": ""Object_2"", ""size"": 0.351, ""material"": ""metal"", ""3d_coords"": [2.6571181964591464, 1.1475936486582223, 0.3499999940395355], ""rotation"": 337.097900390625, ""color"": ""red""}]}

What is the shape of the object with a size of 0.7?  ASSISTANT:
assistant
{""answer"": ""cube""}",cube,"{""answer"": ""cone""}",3
14,30.013994,54.947525,72.97207,74.260345,69.45604,67.12297,79.48816,79.53096,96.23879,96.30824,88.14834,80.24601,86.64102,93.29162,96.88345,99.35749,105.02597,82.618034,85.25744,88.238625,100.934944,114.6362,108.50184,113.49644,113.48274,115.67245,106.220474,110.3299,111.552216,120.032104,126.88828,131.86784,137.48337,127.2548,109.13878,92.79631,15.074166,Text only tokens,217,304,"['user\n USER:  \nThis image shows a minimalist arrangement of 3D geometric shapes made of different materials and colors. The JSON provided contains information about all objects in the scene, including their name, 3D coordinates (represented as [X, Y, Z]), material (metal = shinny, rubber = matte), and other attributes. \nYour job is to analyze this information, find the object named \'Object_0\', use its attributes to identify which object in the image corresponds to that object, and retrieve its shape in the following format: {""answer"": ""SHAPE""}\nSelect your answer from the following options: cylinder, sphere, cone, or cube. Do not add any additional text to your answer, provide your answer always in the following format: {""answer"": ""SHAPE""}. \n\nUnderstanding the Coordinate System X, Y, Z:\n• X (Depth): Represents the depth relative to the camera. Smaller values indicate objects that are farther away.\n• Y (Horizontal Position): Represents the left-to-right position. A value of zero means the object is centered in the scene, negative values place the object to the left, and positive values to the right.\n• Z (Vertical Position): Represents the height of the object\'s center point. Larger values correspond to higher vertical positions.\n\nHere is the JSON containing details about all objects in the scene in the image:\n\n{""camera_location"": [9.915478112284436, 0, 5.34366512298584], ""objects"": [{""name"": ""Object_0"", ""size"": 0.351, ""material"": ""rubber"", ""3d_coords"": [2.709698080722311, -1.440235361418496, 0.3499999940395355], ""rotation"": 309.60693359375, ""color"": ""yellow""}, {""name"": ""Object_1"", ""size"": 0.7, ""material"": ""rubber"", ""3d_coords"": [-0.6384590216732801, 0.4124965998571457, 0.699999988079071], ""rotation"": 314.451904296875, ""color"": ""yellow""}, {""name"": ""Object_2"", ""size"": 0.701, ""material"": ""rubber"", ""3d_coords"": [0.7390138156754887, -2.7264980674598487, 0.699999988079071], ""rotation"": 110.91935729980469, ""color"": ""cyan""}, {""name"": ""Object_3"", ""size"": 0.701, ""material"": ""rubber"", ""3d_coords"": [-3.244447530119098, -0.8037323196943484, 0.699999988079071], ""rotation"": 41.17438507080078, ""color"": ""gray""}, {""name"": ""Object_4"", ""size"": 0.351, ""material"": ""metal"", ""3d_coords"": [-1.2420418246304212, -2.2994553754845746, 0.3499999940395355], ""rotation"": 171.4700927734375, ""color"": ""red""}, {""name"": ""Object_5"", ""size"": 0.351, ""material"": ""rubber"", ""3d_coords"": [-0.21406908499043587, 3.6610315147846757, 0.3499999940395355], ""rotation"": 126.65029907226562, ""color"": ""blue""}, {""name"": ""Object_6"", ""size"": 0.7, ""material"": ""rubber"", ""3d_coords"": [-2.4429121306997312, 1.5710332858717675, 0.699999988079071], ""rotation"": 18.680837631225586, ""color"": ""green""}, {""name"": ""Object_7"", ""size"": 0.351, ""material"": ""metal"", ""3d_coords"": [1.6869559938138854, 2.284117278151671, 0.3499999940395355], ""rotation"": 94.076171875, ""color"": ""yellow""}, {""name"": ""Object_8"", ""size"": 0.351, ""material"": ""metal"", ""3d_coords"": [-1.7225403608950587, -0.33498221889377644, 0.3499999940395355], ""rotation"": 107.05933380126953, ""color"": ""blue""}]}\n\nWhat is the shape of the object named \'Object_0\'?  ASSISTANT:\nassistant\n{""answer"": ""cylinder""}']",cylinder,"{""answer"": ""cylinder""}",9,"user
 USER:  
This image shows a minimalist arrangement of 3D geometric shapes made of different materials and colors. The JSON provided contains information about all objects in the scene, including their name, 3D coordinates (represented as [X, Y, Z]), material (metal = shinny, rubber = matte), and other attributes. 
Your job is to analyze this information, find the object named 'Object_0', use its attributes to identify which object in the image corresponds to that object, and retrieve its shape in the following format: {""answer"": ""SHAPE""}
Select your answer from the following options: cylinder, sphere, cone, or cube. Do not add any additional text to your answer, provide your answer always in the following format: {""answer"": ""SHAPE""}. 

Understanding the Coordinate System X, Y, Z:
• X (Depth): Represents the depth relative to the camera. Smaller values indicate objects that are farther away.
• Y (Horizontal Position): Represents the left-to-right position. A value of zero means the object is centered in the scene, negative values place the object to the left, and positive values to the right.
• Z (Vertical Position): Represents the height of the object's center point. Larger values correspond to higher vertical positions.

Here is the JSON containing details about all objects in the scene in the image:

{""camera_location"": [9.915478112284436, 0, 5.34366512298584], ""objects"": [{""name"": ""Object_0"", ""size"": 0.351, ""material"": ""rubber"", ""3d_coords"": [2.709698080722311, -1.440235361418496, 0.3499999940395355], ""rotation"": 309.60693359375, ""color"": ""yellow""}, {""name"": ""Object_1"", ""size"": 0.7, ""material"": ""rubber"", ""3d_coords"": [-0.6384590216732801, 0.4124965998571457, 0.699999988079071], ""rotation"": 314.451904296875, ""color"": ""yellow""}, {""name"": ""Object_2"", ""size"": 0.701, ""material"": ""rubber"", ""3d_coords"": [0.7390138156754887, -2.7264980674598487, 0.699999988079071], ""rotation"": 110.91935729980469, ""color"": ""cyan""}, {""name"": ""Object_3"", ""size"": 0.701, ""material"": ""rubber"", ""3d_coords"": [-3.244447530119098, -0.8037323196943484, 0.699999988079071], ""rotation"": 41.17438507080078, ""color"": ""gray""}, {""name"": ""Object_4"", ""size"": 0.351, ""material"": ""metal"", ""3d_coords"": [-1.2420418246304212, -2.2994553754845746, 0.3499999940395355], ""rotation"": 171.4700927734375, ""color"": ""red""}, {""name"": ""Object_5"", ""size"": 0.351, ""material"": ""rubber"", ""3d_coords"": [-0.21406908499043587, 3.6610315147846757, 0.3499999940395355], ""rotation"": 126.65029907226562, ""color"": ""blue""}, {""name"": ""Object_6"", ""size"": 0.7, ""material"": ""rubber"", ""3d_coords"": [-2.4429121306997312, 1.5710332858717675, 0.699999988079071], ""rotation"": 18.680837631225586, ""color"": ""green""}, {""name"": ""Object_7"", ""size"": 0.351, ""material"": ""metal"", ""3d_coords"": [1.6869559938138854, 2.284117278151671, 0.3499999940395355], ""rotation"": 94.076171875, ""color"": ""yellow""}, {""name"": ""Object_8"", ""size"": 0.351, ""material"": ""metal"", ""3d_coords"": [-1.7225403608950587, -0.33498221889377644, 0.3499999940395355], ""rotation"": 107.05933380126953, ""color"": ""blue""}]}

What is the shape of the object named 'Object_0'?  ASSISTANT:
assistant
{""answer"": ""cube""}",cube,"{""answer"": ""cylinder""}",9
15,29.300554,53.586273,71.49285,72.6337,67.947685,65.85568,77.9189,77.36416,93.62576,94.844475,86.969955,79.5936,86.72939,92.91485,96.562805,98.97452,104.67474,82.167244,84.48315,87.302315,99.297714,112.989716,107.06735,112.6437,112.131386,114.89723,105.48768,109.777626,110.64954,118.85576,125.25914,129.99599,135.20964,124.68747,106.43092,90.81208,16.182655,Text only tokens,1628,2190,"['user\n USER:  \nThis image shows a minimalist arrangement of 3D geometric shapes made of different materials and colors. The JSON provided contains information about all objects in the scene, including their name, 3D coordinates (represented as [X, Y, Z]), material (metal = shinny, rubber = matte), and other attributes. \nYour job is to identify the green colored object in the image, match its attributes to identify which of the objects mentioned in the JSON corresponds to that object, and determine its 3D coordinates in the following format: {""answer"": [X, Y, Z]}\nDo not add any additional text to your answer, provide your answer always in the following format: {""answer"": [X, Y, Z]}. \n\nUnderstanding the Coordinate System X, Y, Z:\n• X (Depth): Represents the depth relative to the camera. Smaller values indicate objects that are farther away.\n• Y (Horizontal Position): Represents the left-to-right position. A value of zero means the object is centered in the scene, negative values place the object to the left, and positive values to the right.\n• Z (Vertical Position): Represents the height of the object\'s center point. Larger values correspond to higher vertical positions.\n\nHere is the JSON containing details about all objects in the scene in the image:\n\n{""camera_location"": [9.915478112284436, 0, 5.34366512298584], ""objects"": [{""name"": ""Object_0"", ""shape"": ""cube"", ""size"": 0.7, ""material"": ""metal"", ""3d_coords"": [1.1267004222382218, 1.8231683790597089, 0.699999988079071], ""rotation"": 16.7275390625}, {""name"": ""Object_1"", ""shape"": ""cube"", ""size"": 0.351, ""material"": ""rubber"", ""3d_coords"": [-1.1304236640784986, 2.822405236940696, 0.3499999940395355], ""rotation"": 161.14205932617188}, {""name"": ""Object_2"", ""shape"": ""cylinder"", ""size"": 0.7, ""material"": ""metal"", ""3d_coords"": [0.4076121100534016, 3.461943479264021, 0.699999988079071], ""rotation"": 172.60667419433594}, {""name"": ""Object_3"", ""shape"": ""cylinder"", ""size"": 0.7, ""material"": ""metal"", ""3d_coords"": [-2.229718809188212, -1.5826300310566999, 0.699999988079071], ""rotation"": 257.14556884765625}, {""name"": ""Object_4"", ""shape"": ""sphere"", ""size"": 0.351, ""material"": ""rubber"", ""3d_coords"": [-0.06781999581971365, -0.9115756806495989, 0.3499999940395355], ""rotation"": 341.6014709472656}, {""name"": ""Object_5"", ""shape"": ""cube"", ""size"": 0.351, ""material"": ""metal"", ""3d_coords"": [-1.5590014841350859, -0.1204632424687877, 0.3499999940395355], ""rotation"": 182.80690002441406}, {""name"": ""Object_6"", ""shape"": ""sphere"", ""size"": 0.351, ""material"": ""rubber"", ""3d_coords"": [-2.916665289872583, 1.034661346462233, 0.3499999940395355], ""rotation"": 305.560302734375}, {""name"": ""Object_7"", ""shape"": ""sphere"", ""size"": 0.351, ""material"": ""metal"", ""3d_coords"": [-4.102307173336684, 0.4056000536439983, 0.3499999940395355], ""rotation"": 0.8873293995857239}, {""name"": ""Object_8"", ""shape"": ""cone"", ""size"": 0.351, ""material"": ""metal"", ""3d_coords"": [-0.630786297988576, -2.5257303393567216, 0.3499999940395355], ""rotation"": 45.06630325317383}]}\n\nWhich are the 3D coordinates of the green colored object?  ASSISTANT:\nassistant\n{""answer"": [-2.229718809188212, -1.5826300310566999, 0.69999']","[-2.229718809188212, -1.5826300310566999, 0.69999","{""answer"": [-2.229718809188212, -1.5826300310566999, 0.699999988079071]}",9,"user
 USER:  
This image shows a minimalist arrangement of 3D geometric shapes made of different materials and colors. The JSON provided contains information about all objects in the scene, including their name, 3D coordinates (represented as [X, Y, Z]), material (metal = shinny, rubber = matte), and other attributes. 
Your job is to identify the green colored object in the image, match its attributes to identify which of the objects mentioned in the JSON corresponds to that object, and determine its 3D coordinates in the following format: {""answer"": [X, Y, Z]}
Do not add any additional text to your answer, provide your answer always in the following format: {""answer"": [X, Y, Z]}. 

Understanding the Coordinate System X, Y, Z:
• X (Depth): Represents the depth relative to the camera. Smaller values indicate objects that are farther away.
• Y (Horizontal Position): Represents the left-to-right position. A value of zero means the object is centered in the scene, negative values place the object to the left, and positive values to the right.
• Z (Vertical Position): Represents the height of the object's center point. Larger values correspond to higher vertical positions.

Here is the JSON containing details about all objects in the scene in the image:

{""camera_location"": [9.915478112284436, 0, 5.34366512298584], ""objects"": [{""name"": ""Object_0"", ""shape"": ""cube"", ""size"": 0.7, ""material"": ""metal"", ""3d_coords"": [1.1267004222382218, 1.8231683790597089, 0.699999988079071], ""rotation"": 16.7275390625}, {""name"": ""Object_1"", ""shape"": ""cube"", ""size"": 0.351, ""material"": ""rubber"", ""3d_coords"": [-1.1304236640784986, 2.822405236940696, 0.3499999940395355], ""rotation"": 161.14205932617188}, {""name"": ""Object_2"", ""shape"": ""cylinder"", ""size"": 0.7, ""material"": ""metal"", ""3d_coords"": [0.4076121100534016, 3.461943479264021, 0.699999988079071], ""rotation"": 172.60667419433594}, {""name"": ""Object_3"", ""shape"": ""cylinder"", ""size"": 0.7, ""material"": ""metal"", ""3d_coords"": [-2.229718809188212, -1.5826300310566999, 0.699999988079071], ""rotation"": 257.14556884765625}, {""name"": ""Object_4"", ""shape"": ""sphere"", ""size"": 0.351, ""material"": ""rubber"", ""3d_coords"": [-0.06781999581971365, -0.9115756806495989, 0.3499999940395355], ""rotation"": 341.6014709472656}, {""name"": ""Object_5"", ""shape"": ""cube"", ""size"": 0.351, ""material"": ""metal"", ""3d_coords"": [-1.5590014841350859, -0.1204632424687877, 0.3499999940395355], ""rotation"": 182.80690002441406}, {""name"": ""Object_6"", ""shape"": ""sphere"", ""size"": 0.351, ""material"": ""rubber"", ""3d_coords"": [-2.916665289872583, 1.034661346462233, 0.3499999940395355], ""rotation"": 305.560302734375}, {""name"": ""Object_7"", ""shape"": ""sphere"", ""size"": 0.351, ""material"": ""metal"", ""3d_coords"": [-4.102307173336684, 0.4056000536439983, 0.3499999940395355], ""rotation"": 0.8873293995857239}, {""name"": ""Object_8"", ""shape"": ""cone"", ""size"": 0.351, ""material"": ""metal"", ""3d_coords"": [-0.630786297988576, -2.5257303393567216, 0.3499999940395355], ""rotation"": 45.06630325317383}]}

Which are the 3D coordinates of the green colored object?  ASSISTANT:
assistant
{""answer"": [1.1267004222382218, 1.8231683790597089, 0.6999","[1.1267004222382218, 1.8231683790597089, 0.6999","{""answer"": [-2.229718809188212, -1.5826300310566999, 0.699999988079071]}",9
16,31.796644,57.83586,76.00289,76.89132,72.05321,69.73933,82.038445,66.63536,82.93122,85.19218,79.131836,72.606895,79.413704,84.897156,88.51883,90.99969,95.988655,71.414795,74.484055,77.853615,91.063194,105.01611,102.04514,108.8181,109.362526,112.088776,104.48466,108.87556,109.83182,117.64022,122.76182,125.96652,130.58508,121.56926,104.37774,90.709984,16.671154,Text only tokens,3436,4566,"['user\n USER:  \nThis image shows a minimalist arrangement of 3D geometric shapes made of different materials and colors. The JSON provided contains information about all objects in the scene, including their name, 3D coordinates (represented as [X, Y, Z]), material (metal = shinny, rubber = matte), and other attributes. \nYour job is to identify the cylinder in the image, match its attributes to identify which of the objects mentioned in the JSON corresponds to that object, and determine its rotation in the following format: {""answer"": ""ROTATION""}\nDo not add any additional text to your answer, provide your answer always in the following format: {""answer"": ""ROTATION""}. \n\nUnderstanding the Coordinate System X, Y, Z:\n• X (Depth): Represents the depth relative to the camera. Smaller values indicate objects that are farther away.\n• Y (Horizontal Position): Represents the left-to-right position. A value of zero means the object is centered in the scene, negative values place the object to the left, and positive values to the right.\n• Z (Vertical Position): Represents the height of the object\'s center point. Larger values correspond to higher vertical positions.\n\nHere is the JSON containing details about all objects in the scene in the image:\n\n{""camera_location"": [9.915478112284436, 0, 5.34366512298584], ""objects"": [{""name"": ""Object_0"", ""size"": 0.7, ""material"": ""rubber"", ""3d_coords"": [0.9441266640162618, -0.22483856510749234, 0.699999988079071], ""rotation"": 107.11721801757812, ""color"": ""cyan""}, {""name"": ""Object_1"", ""size"": 0.7, ""material"": ""metal"", ""3d_coords"": [-3.722745258241467, 0.3759789649741465, 0.699999988079071], ""rotation"": 24.617082595825195, ""color"": ""blue""}, {""name"": ""Object_2"", ""size"": 0.701, ""material"": ""rubber"", ""3d_coords"": [-0.35222737980262564, -1.7545273289216365, 0.699999988079071], ""rotation"": 328.1737365722656, ""color"": ""brown""}, {""name"": ""Object_3"", ""size"": 0.7, ""material"": ""rubber"", ""3d_coords"": [0.2761092814031165, 3.977669944068631, 0.699999988079071], ""rotation"": 123.37783813476562, ""color"": ""green""}, {""name"": ""Object_4"", ""size"": 0.351, ""material"": ""metal"", ""3d_coords"": [2.4302379401481073, -1.1448305103783136, 0.3499999940395355], ""rotation"": 76.5225830078125, ""color"": ""purple""}, {""name"": ""Object_5"", ""size"": 0.7, ""material"": ""rubber"", ""3d_coords"": [-1.4063884131545423, 1.6972843575742607, 0.699999988079071], ""rotation"": 314.00177001953125, ""color"": ""yellow""}, {""name"": ""Object_6"", ""size"": 0.7, ""material"": ""metal"", ""3d_coords"": [3.0776287614498274, 0.9713124039416563, 0.699999988079071], ""rotation"": 213.0209197998047, ""color"": ""gray""}]}\n\nWhat is the rotation value of the cylinder?  ASSISTANT:\nassistant\n{""answer"": ""213.0209197998047""}']",213.0209197998047,"{""answer"": 213.0209197998047}",7,"user
 USER:  
This image shows a minimalist arrangement of 3D geometric shapes made of different materials and colors. The JSON provided contains information about all objects in the scene, including their name, 3D coordinates (represented as [X, Y, Z]), material (metal = shinny, rubber = matte), and other attributes. 
Your job is to identify the cylinder in the image, match its attributes to identify which of the objects mentioned in the JSON corresponds to that object, and determine its rotation in the following format: {""answer"": ""ROTATION""}
Do not add any additional text to your answer, provide your answer always in the following format: {""answer"": ""ROTATION""}. 

Understanding the Coordinate System X, Y, Z:
• X (Depth): Represents the depth relative to the camera. Smaller values indicate objects that are farther away.
• Y (Horizontal Position): Represents the left-to-right position. A value of zero means the object is centered in the scene, negative values place the object to the left, and positive values to the right.
• Z (Vertical Position): Represents the height of the object's center point. Larger values correspond to higher vertical positions.

Here is the JSON containing details about all objects in the scene in the image:

{""camera_location"": [9.915478112284436, 0, 5.34366512298584], ""objects"": [{""name"": ""Object_0"", ""size"": 0.7, ""material"": ""rubber"", ""3d_coords"": [0.9441266640162618, -0.22483856510749234, 0.699999988079071], ""rotation"": 107.11721801757812, ""color"": ""cyan""}, {""name"": ""Object_1"", ""size"": 0.7, ""material"": ""metal"", ""3d_coords"": [-3.722745258241467, 0.3759789649741465, 0.699999988079071], ""rotation"": 24.617082595825195, ""color"": ""blue""}, {""name"": ""Object_2"", ""size"": 0.701, ""material"": ""rubber"", ""3d_coords"": [-0.35222737980262564, -1.7545273289216365, 0.699999988079071], ""rotation"": 328.1737365722656, ""color"": ""brown""}, {""name"": ""Object_3"", ""size"": 0.7, ""material"": ""rubber"", ""3d_coords"": [0.2761092814031165, 3.977669944068631, 0.699999988079071], ""rotation"": 123.37783813476562, ""color"": ""green""}, {""name"": ""Object_4"", ""size"": 0.351, ""material"": ""metal"", ""3d_coords"": [2.4302379401481073, -1.1448305103783136, 0.3499999940395355], ""rotation"": 76.5225830078125, ""color"": ""purple""}, {""name"": ""Object_5"", ""size"": 0.7, ""material"": ""rubber"", ""3d_coords"": [-1.4063884131545423, 1.6972843575742607, 0.699999988079071], ""rotation"": 314.00177001953125, ""color"": ""yellow""}, {""name"": ""Object_6"", ""size"": 0.7, ""material"": ""metal"", ""3d_coords"": [3.0776287614498274, 0.9713124039416563, 0.699999988079071], ""rotation"": 213.0209197998047, ""color"": ""gray""}]}

What is the rotation value of the cylinder?  ASSISTANT:
assistant
{""answer"": 76.5225830078125}",76.5225830078125,"{""answer"": 213.0209197998047}",7
17,31.540773,57.32564,75.84679,77.28618,72.26147,70.14544,82.805214,67.98567,84.16189,86.926636,80.67045,73.98957,81.116196,86.446815,89.89947,92.58022,97.550934,70.715996,73.71236,77.16866,90.57885,104.83494,102.27103,109.09034,109.869484,113.15572,105.87499,110.68886,111.997795,119.54522,124.88866,129.32338,133.80963,124.17727,106.98738,93.65984,18.147392,Text only tokens,1805,2418,"['user\n USER:  \nThis image shows a minimalist arrangement of 3D geometric shapes made of different materials and colors. The JSON provided contains information about all objects in the scene, including their name, 3D coordinates (represented as [X, Y, Z]), material (metal = shinny, rubber = matte), and other attributes. \nYour job is to identify the cyan colored object in the image, match its attributes to identify which of the objects mentioned in the JSON corresponds to that object, and determine its name in the following format: {""answer"": ""NAME""}\nDo not add any additional text to your answer, provide your answer always in the following format: {""answer"": ""NAME""}. \n\nUnderstanding the Coordinate System X, Y, Z:\n• X (Depth): Represents the depth relative to the camera. Smaller values indicate objects that are farther away.\n• Y (Horizontal Position): Represents the left-to-right position. A value of zero means the object is centered in the scene, negative values place the object to the left, and positive values to the right.\n• Z (Vertical Position): Represents the height of the object\'s center point. Larger values correspond to higher vertical positions.\n\nHere is the JSON containing details about all objects in the scene in the image:\n\n{""camera_location"": [9.915478112284436, 0, 5.34366512298584], ""objects"": [{""name"": ""Object_0"", ""shape"": ""cylinder"", ""size"": 0.351, ""material"": ""metal"", ""3d_coords"": [1.9715103467822042, 1.0036172285913458, 0.3499999940395355], ""rotation"": 183.19174194335938}, {""name"": ""Object_1"", ""shape"": ""cube"", ""size"": 0.701, ""material"": ""metal"", ""3d_coords"": [-1.499516598690568, -2.08751141428164, 0.699999988079071], ""rotation"": 254.70333862304688}, {""name"": ""Object_2"", ""shape"": ""sphere"", ""size"": 0.701, ""material"": ""metal"", ""3d_coords"": [-0.5710916076489768, -0.5236323108122478, 0.699999988079071], ""rotation"": 47.61067581176758}, {""name"": ""Object_3"", ""shape"": ""cube"", ""size"": 0.351, ""material"": ""rubber"", ""3d_coords"": [3.021911887929601, -1.1518407531723882, 0.3499999940395355], ""rotation"": 210.48883056640625}, {""name"": ""Object_4"", ""shape"": ""cube"", ""size"": 0.351, ""material"": ""metal"", ""3d_coords"": [0.5625254749245985, -3.164288463488598, 0.3499999940395355], ""rotation"": 296.24273681640625}, {""name"": ""Object_5"", ""shape"": ""cylinder"", ""size"": 0.701, ""material"": ""metal"", ""3d_coords"": [-0.05509519096109283, 1.6308176402778738, 0.699999988079071], ""rotation"": 127.38538360595703}, {""name"": ""Object_6"", ""shape"": ""cone"", ""size"": 0.351, ""material"": ""rubber"", ""3d_coords"": [1.250979583099738, 2.9290185399395225, 0.3499999940395355], ""rotation"": 322.3577575683594}]}\n\nWhat is the name of the cyan colored object?  ASSISTANT:\nassistant\n{""answer"": ""Object_2""}']",Object_2,"{""answer"": ""Object_2""}",7,"user
 USER:  
This image shows a minimalist arrangement of 3D geometric shapes made of different materials and colors. The JSON provided contains information about all objects in the scene, including their name, 3D coordinates (represented as [X, Y, Z]), material (metal = shinny, rubber = matte), and other attributes. 
Your job is to identify the cyan colored object in the image, match its attributes to identify which of the objects mentioned in the JSON corresponds to that object, and determine its name in the following format: {""answer"": ""NAME""}
Do not add any additional text to your answer, provide your answer always in the following format: {""answer"": ""NAME""}. 

Understanding the Coordinate System X, Y, Z:
• X (Depth): Represents the depth relative to the camera. Smaller values indicate objects that are farther away.
• Y (Horizontal Position): Represents the left-to-right position. A value of zero means the object is centered in the scene, negative values place the object to the left, and positive values to the right.
• Z (Vertical Position): Represents the height of the object's center point. Larger values correspond to higher vertical positions.

Here is the JSON containing details about all objects in the scene in the image:

{""camera_location"": [9.915478112284436, 0, 5.34366512298584], ""objects"": [{""name"": ""Object_0"", ""shape"": ""cylinder"", ""size"": 0.351, ""material"": ""metal"", ""3d_coords"": [1.9715103467822042, 1.0036172285913458, 0.3499999940395355], ""rotation"": 183.19174194335938}, {""name"": ""Object_1"", ""shape"": ""cube"", ""size"": 0.701, ""material"": ""metal"", ""3d_coords"": [-1.499516598690568, -2.08751141428164, 0.699999988079071], ""rotation"": 254.70333862304688}, {""name"": ""Object_2"", ""shape"": ""sphere"", ""size"": 0.701, ""material"": ""metal"", ""3d_coords"": [-0.5710916076489768, -0.5236323108122478, 0.699999988079071], ""rotation"": 47.61067581176758}, {""name"": ""Object_3"", ""shape"": ""cube"", ""size"": 0.351, ""material"": ""rubber"", ""3d_coords"": [3.021911887929601, -1.1518407531723882, 0.3499999940395355], ""rotation"": 210.48883056640625}, {""name"": ""Object_4"", ""shape"": ""cube"", ""size"": 0.351, ""material"": ""metal"", ""3d_coords"": [0.5625254749245985, -3.164288463488598, 0.3499999940395355], ""rotation"": 296.24273681640625}, {""name"": ""Object_5"", ""shape"": ""cylinder"", ""size"": 0.701, ""material"": ""metal"", ""3d_coords"": [-0.05509519096109283, 1.6308176402778738, 0.699999988079071], ""rotation"": 127.38538360595703}, {""name"": ""Object_6"", ""shape"": ""cone"", ""size"": 0.351, ""material"": ""rubber"", ""3d_coords"": [1.250979583099738, 2.9290185399395225, 0.3499999940395355], ""rotation"": 322.3577575683594}]}

What is the name of the cyan colored object?  ASSISTANT:
assistant
{""answer"": ""Object_6""}",Object_6,"{""answer"": ""Object_2""}",7
18,33.008392,59.136192,78.31945,80.074844,75.25213,73.39351,85.67585,71.53422,87.90065,91.018654,84.04895,77.53337,84.491165,90.12321,93.46665,96.953415,101.978935,79.484856,82.28503,85.30636,98.45144,113.06361,109.14164,115.0277,114.27152,117.120705,108.71957,112.90236,114.19244,121.97003,127.26463,131.50722,136.15982,126.44049,108.3796,94.772316,17.13748,Text only tokens,3679,4881,"['user\n USER:  \nThis image shows a minimalist arrangement of 3D geometric shapes made of different materials and colors. The JSON provided contains information about all objects in the scene, including their name, 3D coordinates (represented as [X, Y, Z]), material (metal = shinny, rubber = matte), and other attributes. \nYour job is to analyze this information, find the object named \'Object_5\', use its attributes to identify which object in the image corresponds to that object, and retrieve its color in the following format: {""answer"": ""COLOR""}\nSelect your answer from the following options: gray, red, blue, green, brown, purple, cyan, or yellow. Do not add any additional text to your answer, provide your answer always in the following format: {""answer"": ""COLOR""}. \n\nUnderstanding the Coordinate System X, Y, Z:\n• X (Depth): Represents the depth relative to the camera. Smaller values indicate objects that are farther away.\n• Y (Horizontal Position): Represents the left-to-right position. A value of zero means the object is centered in the scene, negative values place the object to the left, and positive values to the right.\n• Z (Vertical Position): Represents the height of the object\'s center point. Larger values correspond to higher vertical positions.\n\nHere is the JSON containing details about all objects in the scene in the image:\n\n{""camera_location"": [9.915478112284436, 0, 5.34366512298584], ""objects"": [{""name"": ""Object_0"", ""shape"": ""cube"", ""size"": 0.351, ""material"": ""metal"", ""3d_coords"": [-2.445188500961103, -1.5560055352129516, 0.3499999940395355], ""rotation"": 14.61153507232666}, {""name"": ""Object_1"", ""shape"": ""cube"", ""size"": 0.351, ""material"": ""rubber"", ""3d_coords"": [2.6395974868177556, 1.274716328591265, 0.3499999940395355], ""rotation"": 112.32064056396484}, {""name"": ""Object_2"", ""shape"": ""cylinder"", ""size"": 0.351, ""material"": ""rubber"", ""3d_coords"": [1.7866211566202654, -0.635475506514094, 0.3499999940395355], ""rotation"": 315.68341064453125}, {""name"": ""Object_3"", ""shape"": ""cube"", ""size"": 0.351, ""material"": ""rubber"", ""3d_coords"": [-0.3719451901462727, 3.3669840000063473, 0.3499999940395355], ""rotation"": 35.343406677246094}, {""name"": ""Object_4"", ""shape"": ""sphere"", ""size"": 0.7, ""material"": ""metal"", ""3d_coords"": [-1.6405167219633765, -2.6354780198772754, 0.699999988079071], ""rotation"": 230.78268432617188}, {""name"": ""Object_5"", ""shape"": ""cone"", ""size"": 0.351, ""material"": ""metal"", ""3d_coords"": [0.26265857556830574, -3.351698405404906, 0.3499999940395355], ""rotation"": 192.7850341796875}, {""name"": ""Object_6"", ""shape"": ""cylinder"", ""size"": 0.7, ""material"": ""rubber"", ""3d_coords"": [-1.104184740651302, 0.6638253294955823, 0.699999988079071], ""rotation"": 207.54583740234375}]}\n\nWhat is the color of the object named \'Object_5\'?  ASSISTANT:\nassistant\n{""answer"": ""green""}']",green,"{""answer"": ""green""}",7,"user
 USER:  
This image shows a minimalist arrangement of 3D geometric shapes made of different materials and colors. The JSON provided contains information about all objects in the scene, including their name, 3D coordinates (represented as [X, Y, Z]), material (metal = shinny, rubber = matte), and other attributes. 
Your job is to analyze this information, find the object named 'Object_5', use its attributes to identify which object in the image corresponds to that object, and retrieve its color in the following format: {""answer"": ""COLOR""}
Select your answer from the following options: gray, red, blue, green, brown, purple, cyan, or yellow. Do not add any additional text to your answer, provide your answer always in the following format: {""answer"": ""COLOR""}. 

Understanding the Coordinate System X, Y, Z:
• X (Depth): Represents the depth relative to the camera. Smaller values indicate objects that are farther away.
• Y (Horizontal Position): Represents the left-to-right position. A value of zero means the object is centered in the scene, negative values place the object to the left, and positive values to the right.
• Z (Vertical Position): Represents the height of the object's center point. Larger values correspond to higher vertical positions.

Here is the JSON containing details about all objects in the scene in the image:

{""camera_location"": [9.915478112284436, 0, 5.34366512298584], ""objects"": [{""name"": ""Object_0"", ""shape"": ""cube"", ""size"": 0.351, ""material"": ""metal"", ""3d_coords"": [-2.445188500961103, -1.5560055352129516, 0.3499999940395355], ""rotation"": 14.61153507232666}, {""name"": ""Object_1"", ""shape"": ""cube"", ""size"": 0.351, ""material"": ""rubber"", ""3d_coords"": [2.6395974868177556, 1.274716328591265, 0.3499999940395355], ""rotation"": 112.32064056396484}, {""name"": ""Object_2"", ""shape"": ""cylinder"", ""size"": 0.351, ""material"": ""rubber"", ""3d_coords"": [1.7866211566202654, -0.635475506514094, 0.3499999940395355], ""rotation"": 315.68341064453125}, {""name"": ""Object_3"", ""shape"": ""cube"", ""size"": 0.351, ""material"": ""rubber"", ""3d_coords"": [-0.3719451901462727, 3.3669840000063473, 0.3499999940395355], ""rotation"": 35.343406677246094}, {""name"": ""Object_4"", ""shape"": ""sphere"", ""size"": 0.7, ""material"": ""metal"", ""3d_coords"": [-1.6405167219633765, -2.6354780198772754, 0.699999988079071], ""rotation"": 230.78268432617188}, {""name"": ""Object_5"", ""shape"": ""cone"", ""size"": 0.351, ""material"": ""metal"", ""3d_coords"": [0.26265857556830574, -3.351698405404906, 0.3499999940395355], ""rotation"": 192.7850341796875}, {""name"": ""Object_6"", ""shape"": ""cylinder"", ""size"": 0.7, ""material"": ""rubber"", ""3d_coords"": [-1.104184740651302, 0.6638253294955823, 0.699999988079071], ""rotation"": 207.54583740234375}]}

What is the color of the object named 'Object_5'?  ASSISTANT:
assistant
{""answer"": ""gray""}",gray,"{""answer"": ""green""}",7
19,30.737316,54.827652,73.871895,75.674355,71.53101,69.48838,81.641716,77.6018,95.09704,96.927765,89.27238,81.50287,88.503265,94.58762,98.55862,100.96017,106.8644,81.086845,84.211494,87.67988,100.481674,114.64549,109.6563,115.133,115.01723,118.478355,110.25354,114.72484,115.894615,124.45237,130.79741,136.1943,141.62682,131.45688,112.76032,98.21708,17.491772,Text only tokens,2278,3037,"['user\n USER:  \nThis image shows a minimalist arrangement of 3D geometric shapes made of different materials and colors. The JSON provided contains information about all objects in the scene, including their name, 3D coordinates (represented as [X, Y, Z]), material (metal = shinny, rubber = matte), and other attributes. \nYour job is to analyze this information, find the object with a rotation of 75.78177642822266, use its attributes to identify which object in the image corresponds to that object, and retrieve its color in the following format: {""answer"": ""COLOR""}\nSelect your answer from the following options: gray, red, blue, green, brown, purple, cyan, or yellow. Do not add any additional text to your answer, provide your answer always in the following format: {""answer"": ""COLOR""}. \n\nUnderstanding the Coordinate System X, Y, Z:\n• X (Depth): Represents the depth relative to the camera. Smaller values indicate objects that are farther away.\n• Y (Horizontal Position): Represents the left-to-right position. A value of zero means the object is centered in the scene, negative values place the object to the left, and positive values to the right.\n• Z (Vertical Position): Represents the height of the object\'s center point. Larger values correspond to higher vertical positions.\n\nHere is the JSON containing details about all objects in the scene in the image:\n\n{""camera_location"": [9.915478112284436, 0, 5.34366512298584], ""objects"": [{""name"": ""Object_0"", ""shape"": ""cube"", ""size"": 0.351, ""material"": ""metal"", ""3d_coords"": [-2.5531326245289714, 1.2848999437446484, 0.3499999940395355], ""rotation"": 296.314697265625}, {""name"": ""Object_1"", ""shape"": ""cylinder"", ""size"": 0.7, ""material"": ""metal"", ""3d_coords"": [-0.9599980818788072, 2.633434424017166, 0.699999988079071], ""rotation"": 75.78177642822266}, {""name"": ""Object_2"", ""shape"": ""cone"", ""size"": 0.701, ""material"": ""metal"", ""3d_coords"": [2.8387851629390055, 0.08394451390957447, 0.699999988079071], ""rotation"": 125.53655242919922}, {""name"": ""Object_3"", ""shape"": ""sphere"", ""size"": 0.7, ""material"": ""rubber"", ""3d_coords"": [-2.1289506774633766, -1.4107329099562966, 0.699999988079071], ""rotation"": 227.28489685058594}, {""name"": ""Object_4"", ""shape"": ""cube"", ""size"": 0.7, ""material"": ""rubber"", ""3d_coords"": [-3.9439605297926827, 0.5281433263548074, 0.699999988079071], ""rotation"": 22.532094955444336}, {""name"": ""Object_5"", ""shape"": ""sphere"", ""size"": 0.7, ""material"": ""metal"", ""3d_coords"": [1.2323485742386673, 1.9779332506077625, 0.699999988079071], ""rotation"": 287.2242126464844}, {""name"": ""Object_6"", ""shape"": ""sphere"", ""size"": 0.701, ""material"": ""metal"", ""3d_coords"": [-0.06383135440439136, -3.447260566399846, 0.699999988079071], ""rotation"": 344.1072998046875}, {""name"": ""Object_7"", ""shape"": ""sphere"", ""size"": 0.351, ""material"": ""rubber"", ""3d_coords"": [0.40677580597406626, 3.433592583664887, 0.3499999940395355], ""rotation"": 346.62005615234375}]}\n\nWhat is the color of the object with a rotation of 75.78177642822266?  ASSISTANT:\nassistant\n{""answer"": ""blue""}']",blue,"{""answer"": ""blue""}",8,"user
 USER:  
This image shows a minimalist arrangement of 3D geometric shapes made of different materials and colors. The JSON provided contains information about all objects in the scene, including their name, 3D coordinates (represented as [X, Y, Z]), material (metal = shinny, rubber = matte), and other attributes. 
Your job is to analyze this information, find the object with a rotation of 75.78177642822266, use its attributes to identify which object in the image corresponds to that object, and retrieve its color in the following format: {""answer"": ""COLOR""}
Select your answer from the following options: gray, red, blue, green, brown, purple, cyan, or yellow. Do not add any additional text to your answer, provide your answer always in the following format: {""answer"": ""COLOR""}. 

Understanding the Coordinate System X, Y, Z:
• X (Depth): Represents the depth relative to the camera. Smaller values indicate objects that are farther away.
• Y (Horizontal Position): Represents the left-to-right position. A value of zero means the object is centered in the scene, negative values place the object to the left, and positive values to the right.
• Z (Vertical Position): Represents the height of the object's center point. Larger values correspond to higher vertical positions.

Here is the JSON containing details about all objects in the scene in the image:

{""camera_location"": [9.915478112284436, 0, 5.34366512298584], ""objects"": [{""name"": ""Object_0"", ""shape"": ""cube"", ""size"": 0.351, ""material"": ""metal"", ""3d_coords"": [-2.5531326245289714, 1.2848999437446484, 0.3499999940395355], ""rotation"": 296.314697265625}, {""name"": ""Object_1"", ""shape"": ""cylinder"", ""size"": 0.7, ""material"": ""metal"", ""3d_coords"": [-0.9599980818788072, 2.633434424017166, 0.699999988079071], ""rotation"": 75.78177642822266}, {""name"": ""Object_2"", ""shape"": ""cone"", ""size"": 0.701, ""material"": ""metal"", ""3d_coords"": [2.8387851629390055, 0.08394451390957447, 0.699999988079071], ""rotation"": 125.53655242919922}, {""name"": ""Object_3"", ""shape"": ""sphere"", ""size"": 0.7, ""material"": ""rubber"", ""3d_coords"": [-2.1289506774633766, -1.4107329099562966, 0.699999988079071], ""rotation"": 227.28489685058594}, {""name"": ""Object_4"", ""shape"": ""cube"", ""size"": 0.7, ""material"": ""rubber"", ""3d_coords"": [-3.9439605297926827, 0.5281433263548074, 0.699999988079071], ""rotation"": 22.532094955444336}, {""name"": ""Object_5"", ""shape"": ""sphere"", ""size"": 0.7, ""material"": ""metal"", ""3d_coords"": [1.2323485742386673, 1.9779332506077625, 0.699999988079071], ""rotation"": 287.2242126464844}, {""name"": ""Object_6"", ""shape"": ""sphere"", ""size"": 0.701, ""material"": ""metal"", ""3d_coords"": [-0.06383135440439136, -3.447260566399846, 0.699999988079071], ""rotation"": 344.1072998046875}, {""name"": ""Object_7"", ""shape"": ""sphere"", ""size"": 0.351, ""material"": ""rubber"", ""3d_coords"": [0.40677580597406626, 3.433592583664887, 0.3499999940395355], ""rotation"": 346.62005615234375}]}

What is the color of the object with a rotation of 75.78177642822266?  ASSISTANT:
assistant
{""answer"": ""red""}",red,"{""answer"": ""blue""}",8
20,29.372608,53.79258,71.81471,72.578995,67.40619,65.13523,77.18873,77.02093,93.154625,93.86236,86.14409,78.769485,85.654045,92.05125,95.32649,97.688675,103.42511,81.17107,83.85132,86.48594,98.61756,111.9985,105.73504,111.4089,110.97831,113.46944,103.81758,107.75093,108.99077,117.13137,122.67783,127.458725,133.15157,123.55721,105.6417,90.198364,16.388397,Text only tokens,53,64,"['user\n USER:  \nThis image shows a minimalist arrangement of 3D geometric shapes made of different materials and colors. The JSON provided contains information about all objects in the scene, including their name, 3D coordinates (represented as [X, Y, Z]), material (metal = shinny, rubber = matte), and other attributes. \nYour job is to identify the gray colored object in the image, match its attributes to identify which of the objects mentioned in the JSON corresponds to that object, and determine its rotation in the following format: {""answer"": ""ROTATION""}\nDo not add any additional text to your answer, provide your answer always in the following format: {""answer"": ""ROTATION""}. \n\nUnderstanding the Coordinate System X, Y, Z:\n• X (Depth): Represents the depth relative to the camera. Smaller values indicate objects that are farther away.\n• Y (Horizontal Position): Represents the left-to-right position. A value of zero means the object is centered in the scene, negative values place the object to the left, and positive values to the right.\n• Z (Vertical Position): Represents the height of the object\'s center point. Larger values correspond to higher vertical positions.\n\nHere is the JSON containing details about all objects in the scene in the image:\n\n{""camera_location"": [9.915478112284436, 0, 5.34366512298584], ""objects"": [{""name"": ""Object_0"", ""shape"": ""cone"", ""size"": 0.701, ""material"": ""metal"", ""3d_coords"": [-2.2778193362856465, -1.6093739849760187, 0.699999988079071], ""rotation"": 56.63710021972656}, {""name"": ""Object_1"", ""shape"": ""cylinder"", ""size"": 0.7, ""material"": ""rubber"", ""3d_coords"": [0.7564866389478568, 3.1605182904211926, 0.699999988079071], ""rotation"": 211.11355590820312}, {""name"": ""Object_2"", ""shape"": ""cylinder"", ""size"": 0.351, ""material"": ""rubber"", ""3d_coords"": [3.030335189382724, 0.6367029216640572, 0.3499999940395355], ""rotation"": 173.11021423339844}, {""name"": ""Object_3"", ""shape"": ""cube"", ""size"": 0.351, ""material"": ""rubber"", ""3d_coords"": [-1.1013150744206142, -0.6742462953970658, 0.3499999940395355], ""rotation"": 293.5579528808594}, {""name"": ""Object_4"", ""shape"": ""sphere"", ""size"": 0.7, ""material"": ""metal"", ""3d_coords"": [-0.03242299061260745, -3.0150073204698806, 0.699999988079071], ""rotation"": 278.7586669921875}, {""name"": ""Object_5"", ""shape"": ""sphere"", ""size"": 0.351, ""material"": ""rubber"", ""3d_coords"": [-1.539528920201923, 1.4368258208362459, 0.3499999940395355], ""rotation"": 249.6799774169922}, {""name"": ""Object_6"", ""shape"": ""sphere"", ""size"": 0.701, ""material"": ""rubber"", ""3d_coords"": [-3.603400639869795, -0.11707381905353587, 0.699999988079071], ""rotation"": 15.354483604431152}, {""name"": ""Object_7"", ""shape"": ""cylinder"", ""size"": 0.351, ""material"": ""rubber"", ""3d_coords"": [1.7855962776226457, 2.2611515867329586, 0.3499999940395355], ""rotation"": 51.206382751464844}, {""name"": ""Object_8"", ""shape"": ""sphere"", ""size"": 0.7, ""material"": ""metal"", ""3d_coords"": [2.334640530788117, -1.0859925247221103, 0.699999988079071], ""rotation"": 72.93251037597656}]}\n\nWhat is the rotation value of the gray colored object?  ASSISTANT:\nassistant\n{""answer"": ""72.93251037597656""}']",72.93251037597656,"{""answer"": 72.93251037597656}",9,"user
 USER:  
This image shows a minimalist arrangement of 3D geometric shapes made of different materials and colors. The JSON provided contains information about all objects in the scene, including their name, 3D coordinates (represented as [X, Y, Z]), material (metal = shinny, rubber = matte), and other attributes. 
Your job is to identify the gray colored object in the image, match its attributes to identify which of the objects mentioned in the JSON corresponds to that object, and determine its rotation in the following format: {""answer"": ""ROTATION""}
Do not add any additional text to your answer, provide your answer always in the following format: {""answer"": ""ROTATION""}. 

Understanding the Coordinate System X, Y, Z:
• X (Depth): Represents the depth relative to the camera. Smaller values indicate objects that are farther away.
• Y (Horizontal Position): Represents the left-to-right position. A value of zero means the object is centered in the scene, negative values place the object to the left, and positive values to the right.
• Z (Vertical Position): Represents the height of the object's center point. Larger values correspond to higher vertical positions.

Here is the JSON containing details about all objects in the scene in the image:

{""camera_location"": [9.915478112284436, 0, 5.34366512298584], ""objects"": [{""name"": ""Object_0"", ""shape"": ""cone"", ""size"": 0.701, ""material"": ""metal"", ""3d_coords"": [-2.2778193362856465, -1.6093739849760187, 0.699999988079071], ""rotation"": 56.63710021972656}, {""name"": ""Object_1"", ""shape"": ""cylinder"", ""size"": 0.7, ""material"": ""rubber"", ""3d_coords"": [0.7564866389478568, 3.1605182904211926, 0.699999988079071], ""rotation"": 211.11355590820312}, {""name"": ""Object_2"", ""shape"": ""cylinder"", ""size"": 0.351, ""material"": ""rubber"", ""3d_coords"": [3.030335189382724, 0.6367029216640572, 0.3499999940395355], ""rotation"": 173.11021423339844}, {""name"": ""Object_3"", ""shape"": ""cube"", ""size"": 0.351, ""material"": ""rubber"", ""3d_coords"": [-1.1013150744206142, -0.6742462953970658, 0.3499999940395355], ""rotation"": 293.5579528808594}, {""name"": ""Object_4"", ""shape"": ""sphere"", ""size"": 0.7, ""material"": ""metal"", ""3d_coords"": [-0.03242299061260745, -3.0150073204698806, 0.699999988079071], ""rotation"": 278.7586669921875}, {""name"": ""Object_5"", ""shape"": ""sphere"", ""size"": 0.351, ""material"": ""rubber"", ""3d_coords"": [-1.539528920201923, 1.4368258208362459, 0.3499999940395355], ""rotation"": 249.6799774169922}, {""name"": ""Object_6"", ""shape"": ""sphere"", ""size"": 0.701, ""material"": ""rubber"", ""3d_coords"": [-3.603400639869795, -0.11707381905353587, 0.699999988079071], ""rotation"": 15.354483604431152}, {""name"": ""Object_7"", ""shape"": ""cylinder"", ""size"": 0.351, ""material"": ""rubber"", ""3d_coords"": [1.7855962776226457, 2.2611515867329586, 0.3499999940395355], ""rotation"": 51.206382751464844}, {""name"": ""Object_8"", ""shape"": ""sphere"", ""size"": 0.7, ""material"": ""metal"", ""3d_coords"": [2.334640530788117, -1.0859925247221103, 0.699999988079071], ""rotation"": 72.93251037597656}]}

What is the rotation value of the gray colored object?  ASSISTANT:
assistant
{""answer"": 293.5579528808594}",293.5579528808594,"{""answer"": 72.93251037597656}",9
21,32.85649,58.85516,77.9017,79.57986,74.43612,72.110504,84.38398,70.60561,87.162186,89.790184,82.897545,76.195724,83.07106,88.66702,92.19771,95.24729,100.15448,71.62812,74.804504,78.54871,92.520164,107.689964,104.88654,111.84089,112.46022,115.62094,107.86058,112.12004,113.40328,121.74265,127.26889,131.043,135.92163,126.69324,108.31952,94.05726,18.448038,Text only tokens,1307,1766,"['user\n USER:  \nThis image shows a minimalist arrangement of 3D geometric shapes made of different materials and colors. The JSON provided contains information about all objects in the scene, including their name, 3D coordinates (represented as [X, Y, Z]), material (metal = shinny, rubber = matte), and other attributes. \nYour job is to analyze this information, find the object named \'Object_2\', use its attributes to identify which object in the image corresponds to that object, and retrieve its color in the following format: {""answer"": ""COLOR""}\nSelect your answer from the following options: gray, red, blue, green, brown, purple, cyan, or yellow. Do not add any additional text to your answer, provide your answer always in the following format: {""answer"": ""COLOR""}. \n\nUnderstanding the Coordinate System X, Y, Z:\n• X (Depth): Represents the depth relative to the camera. Smaller values indicate objects that are farther away.\n• Y (Horizontal Position): Represents the left-to-right position. A value of zero means the object is centered in the scene, negative values place the object to the left, and positive values to the right.\n• Z (Vertical Position): Represents the height of the object\'s center point. Larger values correspond to higher vertical positions.\n\nHere is the JSON containing details about all objects in the scene in the image:\n\n{""camera_location"": [9.915478112284436, 0, 5.34366512298584], ""objects"": [{""name"": ""Object_0"", ""shape"": ""cone"", ""size"": 0.7, ""material"": ""metal"", ""3d_coords"": [-2.8839351172117005, -0.2536845856104357, 0.699999988079071], ""rotation"": 28.844106674194336}, {""name"": ""Object_1"", ""shape"": ""cylinder"", ""size"": 0.7, ""material"": ""metal"", ""3d_coords"": [1.4344545268755151, -1.4074696284077985, 0.699999988079071], ""rotation"": 340.490478515625}, {""name"": ""Object_2"", ""shape"": ""cube"", ""size"": 0.351, ""material"": ""metal"", ""3d_coords"": [0.39217149138876983, 2.1709943247820096, 0.3499999940395355], ""rotation"": 238.8386993408203}, {""name"": ""Object_3"", ""shape"": ""cone"", ""size"": 0.7, ""material"": ""metal"", ""3d_coords"": [-0.28966501140358325, 3.4754815982173186, 0.699999988079071], ""rotation"": 140.06410217285156}, {""name"": ""Object_4"", ""shape"": ""cube"", ""size"": 0.351, ""material"": ""metal"", ""3d_coords"": [3.2507579782822367, -0.7659305988606258, 0.3499999940395355], ""rotation"": 167.57737731933594}, {""name"": ""Object_5"", ""shape"": ""cone"", ""size"": 0.351, ""material"": ""rubber"", ""3d_coords"": [-2.119971397323962, 1.686120705729722, 0.3499999940395355], ""rotation"": 88.39899444580078}, {""name"": ""Object_6"", ""shape"": ""cube"", ""size"": 0.701, ""material"": ""metal"", ""3d_coords"": [-1.2340097552806468, 0.6285478458156566, 0.699999988079071], ""rotation"": 163.65171813964844}]}\n\nWhat is the color of the object named \'Object_2\'?  ASSISTANT:\nassistant\n{""answer"": ""blue""}']",blue,"{""answer"": ""green""}",7,"user
 USER:  
This image shows a minimalist arrangement of 3D geometric shapes made of different materials and colors. The JSON provided contains information about all objects in the scene, including their name, 3D coordinates (represented as [X, Y, Z]), material (metal = shinny, rubber = matte), and other attributes. 
Your job is to analyze this information, find the object named 'Object_2', use its attributes to identify which object in the image corresponds to that object, and retrieve its color in the following format: {""answer"": ""COLOR""}
Select your answer from the following options: gray, red, blue, green, brown, purple, cyan, or yellow. Do not add any additional text to your answer, provide your answer always in the following format: {""answer"": ""COLOR""}. 

Understanding the Coordinate System X, Y, Z:
• X (Depth): Represents the depth relative to the camera. Smaller values indicate objects that are farther away.
• Y (Horizontal Position): Represents the left-to-right position. A value of zero means the object is centered in the scene, negative values place the object to the left, and positive values to the right.
• Z (Vertical Position): Represents the height of the object's center point. Larger values correspond to higher vertical positions.

Here is the JSON containing details about all objects in the scene in the image:

{""camera_location"": [9.915478112284436, 0, 5.34366512298584], ""objects"": [{""name"": ""Object_0"", ""shape"": ""cone"", ""size"": 0.7, ""material"": ""metal"", ""3d_coords"": [-2.8839351172117005, -0.2536845856104357, 0.699999988079071], ""rotation"": 28.844106674194336}, {""name"": ""Object_1"", ""shape"": ""cylinder"", ""size"": 0.7, ""material"": ""metal"", ""3d_coords"": [1.4344545268755151, -1.4074696284077985, 0.699999988079071], ""rotation"": 340.490478515625}, {""name"": ""Object_2"", ""shape"": ""cube"", ""size"": 0.351, ""material"": ""metal"", ""3d_coords"": [0.39217149138876983, 2.1709943247820096, 0.3499999940395355], ""rotation"": 238.8386993408203}, {""name"": ""Object_3"", ""shape"": ""cone"", ""size"": 0.7, ""material"": ""metal"", ""3d_coords"": [-0.28966501140358325, 3.4754815982173186, 0.699999988079071], ""rotation"": 140.06410217285156}, {""name"": ""Object_4"", ""shape"": ""cube"", ""size"": 0.351, ""material"": ""metal"", ""3d_coords"": [3.2507579782822367, -0.7659305988606258, 0.3499999940395355], ""rotation"": 167.57737731933594}, {""name"": ""Object_5"", ""shape"": ""cone"", ""size"": 0.351, ""material"": ""rubber"", ""3d_coords"": [-2.119971397323962, 1.686120705729722, 0.3499999940395355], ""rotation"": 88.39899444580078}, {""name"": ""Object_6"", ""shape"": ""cube"", ""size"": 0.701, ""material"": ""metal"", ""3d_coords"": [-1.2340097552806468, 0.6285478458156566, 0.699999988079071], ""rotation"": 163.65171813964844}]}

What is the color of the object named 'Object_2'?  ASSISTANT:
assistant
{""answer"": ""gray""}",gray,"{""answer"": ""green""}",7
22,35.621246,63.468983,83.76064,86.34568,82.683136,81.53812,93.279434,56.124752,71.98493,77.50979,73.801445,68.12547,75.376854,79.49819,84.01489,86.77155,91.67585,54.606712,59.33076,65.223495,80.34571,95.61123,100.37761,110.36073,114.02256,120.20864,117.59065,123.50862,124.90164,132.57619,137.61342,139.41748,142.44327,134.59854,118.811066,105.729546,21.291265,Text only tokens,3462,4597,"['user\n USER:  \nThis image shows a minimalist arrangement of 3D geometric shapes made of different materials and colors. The JSON provided contains information about all objects in the scene, including their name, 3D coordinates (represented as [X, Y, Z]), material (metal = shinny, rubber = matte), and other attributes. \nYour job is to analyze this information, find the object at coordinates [-1.6205637265514417, -1.6095188497030175, 0.3499999940395355], use its attributes to identify which object in the image corresponds to that object, and retrieve its color in the following format: {""answer"": ""COLOR""}\nSelect your answer from the following options: gray, red, blue, green, brown, purple, cyan, or yellow. Do not add any additional text to your answer, provide your answer always in the following format: {""answer"": ""COLOR""}. \n\nUnderstanding the Coordinate System X, Y, Z:\n• X (Depth): Represents the depth relative to the camera. Smaller values indicate objects that are farther away.\n• Y (Horizontal Position): Represents the left-to-right position. A value of zero means the object is centered in the scene, negative values place the object to the left, and positive values to the right.\n• Z (Vertical Position): Represents the height of the object\'s center point. Larger values correspond to higher vertical positions.\n\nHere is the JSON containing details about all objects in the scene in the image:\n\n{""camera_location"": [9.915478112284436, 0, 5.34366512298584], ""objects"": [{""name"": ""Object_0"", ""shape"": ""cube"", ""size"": 0.351, ""material"": ""rubber"", ""3d_coords"": [0.2692485868464962, 2.6156030522240585, 0.3499999940395355], ""rotation"": 31.759798049926758}, {""name"": ""Object_1"", ""shape"": ""cylinder"", ""size"": 0.351, ""material"": ""metal"", ""3d_coords"": [-1.6205637265514417, -1.6095188497030175, 0.3499999940395355], ""rotation"": 1.592658519744873}, {""name"": ""Object_2"", ""shape"": ""sphere"", ""size"": 0.35, ""material"": ""metal"", ""3d_coords"": [2.361977664529512, -1.0024581030893205, 0.3499999940395355], ""rotation"": 352.219970703125}, {""name"": ""Object_3"", ""shape"": ""cube"", ""size"": 0.351, ""material"": ""metal"", ""3d_coords"": [-0.9183712132778115, 0.1318403097967576, 0.3499999940395355], ""rotation"": 69.93518829345703}]}\n\nWhat is the color of the object at the coordinates [-1.6205637265514417, -1.6095188497030175, 0.3499999940395355]?  ASSISTANT:\nassistant\n{""answer"": ""green""}']",green,"{""answer"": ""green""}",4,"user
 USER:  
This image shows a minimalist arrangement of 3D geometric shapes made of different materials and colors. The JSON provided contains information about all objects in the scene, including their name, 3D coordinates (represented as [X, Y, Z]), material (metal = shinny, rubber = matte), and other attributes. 
Your job is to analyze this information, find the object at coordinates [-1.6205637265514417, -1.6095188497030175, 0.3499999940395355], use its attributes to identify which object in the image corresponds to that object, and retrieve its color in the following format: {""answer"": ""COLOR""}
Select your answer from the following options: gray, red, blue, green, brown, purple, cyan, or yellow. Do not add any additional text to your answer, provide your answer always in the following format: {""answer"": ""COLOR""}. 

Understanding the Coordinate System X, Y, Z:
• X (Depth): Represents the depth relative to the camera. Smaller values indicate objects that are farther away.
• Y (Horizontal Position): Represents the left-to-right position. A value of zero means the object is centered in the scene, negative values place the object to the left, and positive values to the right.
• Z (Vertical Position): Represents the height of the object's center point. Larger values correspond to higher vertical positions.

Here is the JSON containing details about all objects in the scene in the image:

{""camera_location"": [9.915478112284436, 0, 5.34366512298584], ""objects"": [{""name"": ""Object_0"", ""shape"": ""cube"", ""size"": 0.351, ""material"": ""rubber"", ""3d_coords"": [0.2692485868464962, 2.6156030522240585, 0.3499999940395355], ""rotation"": 31.759798049926758}, {""name"": ""Object_1"", ""shape"": ""cylinder"", ""size"": 0.351, ""material"": ""metal"", ""3d_coords"": [-1.6205637265514417, -1.6095188497030175, 0.3499999940395355], ""rotation"": 1.592658519744873}, {""name"": ""Object_2"", ""shape"": ""sphere"", ""size"": 0.35, ""material"": ""metal"", ""3d_coords"": [2.361977664529512, -1.0024581030893205, 0.3499999940395355], ""rotation"": 352.219970703125}, {""name"": ""Object_3"", ""shape"": ""cube"", ""size"": 0.351, ""material"": ""metal"", ""3d_coords"": [-0.9183712132778115, 0.1318403097967576, 0.3499999940395355], ""rotation"": 69.93518829345703}]}

What is the color of the object at the coordinates [-1.6205637265514417, -1.6095188497030175, 0.3499999940395355]?  ASSISTANT:
assistant
{""answer"": ""blue""}",blue,"{""answer"": ""green""}",4
23,30.395815,55.621082,73.58315,74.79575,69.73487,67.50226,79.775406,71.99071,88.209595,90.46028,83.53891,76.593185,83.30565,89.414665,93.05029,95.47164,100.920555,76.40919,79.41329,82.27675,95.22826,109.24385,104.081726,110.69783,110.867935,114.01636,105.42789,109.975365,110.814064,118.17496,123.870155,128.33331,133.00435,123.345345,106.132576,92.18198,17.801222,Text only tokens,2787,3695,"['user\n USER:  \nThis image shows a minimalist arrangement of 3D geometric shapes made of different materials and colors. The JSON provided contains information about all objects in the scene, including their name, 3D coordinates (represented as [X, Y, Z]), material (metal = shinny, rubber = matte), and other attributes. \nYour job is to identify the brown colored object in the image, match its attributes to identify which of the objects mentioned in the JSON corresponds to that object, and determine its rotation in the following format: {""answer"": ""ROTATION""}\nDo not add any additional text to your answer, provide your answer always in the following format: {""answer"": ""ROTATION""}. \n\nUnderstanding the Coordinate System X, Y, Z:\n• X (Depth): Represents the depth relative to the camera. Smaller values indicate objects that are farther away.\n• Y (Horizontal Position): Represents the left-to-right position. A value of zero means the object is centered in the scene, negative values place the object to the left, and positive values to the right.\n• Z (Vertical Position): Represents the height of the object\'s center point. Larger values correspond to higher vertical positions.\n\nHere is the JSON containing details about all objects in the scene in the image:\n\n{""camera_location"": [9.915478112284436, 0, 5.34366512298584], ""objects"": [{""name"": ""Object_0"", ""shape"": ""sphere"", ""size"": 0.7, ""material"": ""metal"", ""3d_coords"": [-0.07361999526687302, 1.8722428745253594, 0.699999988079071], ""rotation"": 15.92742919921875}, {""name"": ""Object_1"", ""shape"": ""sphere"", ""size"": 0.351, ""material"": ""metal"", ""3d_coords"": [-2.700051231943594, 0.4616032561715302, 0.3499999940395355], ""rotation"": 164.30142211914062}, {""name"": ""Object_2"", ""shape"": ""cube"", ""size"": 0.7, ""material"": ""metal"", ""3d_coords"": [-1.2432265751953837, -2.495981055345415, 0.699999988079071], ""rotation"": 66.65753173828125}, {""name"": ""Object_3"", ""shape"": ""cube"", ""size"": 0.351, ""material"": ""rubber"", ""3d_coords"": [-1.9022750934629629, -1.2867743830808136, 0.3499999940395355], ""rotation"": 105.78932189941406}, {""name"": ""Object_4"", ""shape"": ""sphere"", ""size"": 0.351, ""material"": ""rubber"", ""3d_coords"": [-0.5099157323377341, -0.18524114604745404, 0.3499999940395355], ""rotation"": 264.9756774902344}, {""name"": ""Object_5"", ""shape"": ""cube"", ""size"": 0.7, ""material"": ""metal"", ""3d_coords"": [0.4048916457016045, 3.489996715421023, 0.699999988079071], ""rotation"": 224.58984375}, {""name"": ""Object_6"", ""shape"": ""cylinder"", ""size"": 0.7, ""material"": ""rubber"", ""3d_coords"": [1.097881859916141, -1.827211128137302, 0.699999988079071], ""rotation"": 357.45440673828125}, {""name"": ""Object_7"", ""shape"": ""sphere"", ""size"": 0.351, ""material"": ""metal"", ""3d_coords"": [2.460918624448298, 1.0509875036163945, 0.3499999940395355], ""rotation"": 187.651611328125}]}\n\nWhat is the rotation value of the brown colored object?  ASSISTANT:\nassistant\n{""answer"": ""357.45440673828125""}']",357.45440673828125,"{""answer"": 224.58984375}",8,"user
 USER:  
This image shows a minimalist arrangement of 3D geometric shapes made of different materials and colors. The JSON provided contains information about all objects in the scene, including their name, 3D coordinates (represented as [X, Y, Z]), material (metal = shinny, rubber = matte), and other attributes. 
Your job is to identify the brown colored object in the image, match its attributes to identify which of the objects mentioned in the JSON corresponds to that object, and determine its rotation in the following format: {""answer"": ""ROTATION""}
Do not add any additional text to your answer, provide your answer always in the following format: {""answer"": ""ROTATION""}. 

Understanding the Coordinate System X, Y, Z:
• X (Depth): Represents the depth relative to the camera. Smaller values indicate objects that are farther away.
• Y (Horizontal Position): Represents the left-to-right position. A value of zero means the object is centered in the scene, negative values place the object to the left, and positive values to the right.
• Z (Vertical Position): Represents the height of the object's center point. Larger values correspond to higher vertical positions.

Here is the JSON containing details about all objects in the scene in the image:

{""camera_location"": [9.915478112284436, 0, 5.34366512298584], ""objects"": [{""name"": ""Object_0"", ""shape"": ""sphere"", ""size"": 0.7, ""material"": ""metal"", ""3d_coords"": [-0.07361999526687302, 1.8722428745253594, 0.699999988079071], ""rotation"": 15.92742919921875}, {""name"": ""Object_1"", ""shape"": ""sphere"", ""size"": 0.351, ""material"": ""metal"", ""3d_coords"": [-2.700051231943594, 0.4616032561715302, 0.3499999940395355], ""rotation"": 164.30142211914062}, {""name"": ""Object_2"", ""shape"": ""cube"", ""size"": 0.7, ""material"": ""metal"", ""3d_coords"": [-1.2432265751953837, -2.495981055345415, 0.699999988079071], ""rotation"": 66.65753173828125}, {""name"": ""Object_3"", ""shape"": ""cube"", ""size"": 0.351, ""material"": ""rubber"", ""3d_coords"": [-1.9022750934629629, -1.2867743830808136, 0.3499999940395355], ""rotation"": 105.78932189941406}, {""name"": ""Object_4"", ""shape"": ""sphere"", ""size"": 0.351, ""material"": ""rubber"", ""3d_coords"": [-0.5099157323377341, -0.18524114604745404, 0.3499999940395355], ""rotation"": 264.9756774902344}, {""name"": ""Object_5"", ""shape"": ""cube"", ""size"": 0.7, ""material"": ""metal"", ""3d_coords"": [0.4048916457016045, 3.489996715421023, 0.699999988079071], ""rotation"": 224.58984375}, {""name"": ""Object_6"", ""shape"": ""cylinder"", ""size"": 0.7, ""material"": ""rubber"", ""3d_coords"": [1.097881859916141, -1.827211128137302, 0.699999988079071], ""rotation"": 357.45440673828125}, {""name"": ""Object_7"", ""shape"": ""sphere"", ""size"": 0.351, ""material"": ""metal"", ""3d_coords"": [2.460918624448298, 1.0509875036163945, 0.3499999940395355], ""rotation"": 187.651611328125}]}

What is the rotation value of the brown colored object?  ASSISTANT:
assistant
{""answer"": ""224.58984375""}",224.58984375,"{""answer"": 224.58984375}",8
24,44.62083,74.97466,94.91487,99.00992,94.41968,93.468796,105.98693,36.87722,49.2936,56.553425,54.39337,50.885914,56.744537,60.45081,64.34142,67.15127,70.58195,44.63409,48.496395,54.07247,68.70632,82.55518,88.119255,97.86687,104.69556,111.4579,111.447426,118.34228,121.242874,127.88397,130.18457,129.69775,131.47034,125.58359,112.0596,102.70299,23.72847,Text only tokens,2276,3035,"['user\n USER:  \nThis image shows a minimalist arrangement of 3D geometric shapes made of different materials and colors. The JSON provided contains information about all objects in the scene, including their name, 3D coordinates (represented as [X, Y, Z]), material (metal = shinny, rubber = matte), and other attributes. \nYour job is to analyze this information, find the object named \'Object_1\', use its attributes to identify which object in the image corresponds to that object, and retrieve its shape in the following format: {""answer"": ""SHAPE""}\nSelect your answer from the following options: cylinder, sphere, cone, or cube. Do not add any additional text to your answer, provide your answer always in the following format: {""answer"": ""SHAPE""}. \n\nUnderstanding the Coordinate System X, Y, Z:\n• X (Depth): Represents the depth relative to the camera. Smaller values indicate objects that are farther away.\n• Y (Horizontal Position): Represents the left-to-right position. A value of zero means the object is centered in the scene, negative values place the object to the left, and positive values to the right.\n• Z (Vertical Position): Represents the height of the object\'s center point. Larger values correspond to higher vertical positions.\n\nHere is the JSON containing details about all objects in the scene in the image:\n\n{""camera_location"": [9.915478112284436, 0, 5.34366512298584], ""objects"": [{""name"": ""Object_0"", ""size"": 0.351, ""material"": ""metal"", ""3d_coords"": [0.04394927913947255, 0.6171594319543938, 0.3499999940395355], ""rotation"": 103.81303405761719, ""color"": ""brown""}, {""name"": ""Object_1"", ""size"": 0.351, ""material"": ""rubber"", ""3d_coords"": [1.525246365328825, -0.7400269287732497, 0.3499999940395355], ""rotation"": 199.88343811035156, ""color"": ""cyan""}, {""name"": ""Object_2"", ""size"": 0.351, ""material"": ""rubber"", ""3d_coords"": [-0.3794246517944452, -1.8250792228155683, 0.3499999940395355], ""rotation"": 359.5333251953125, ""color"": ""gray""}]}\n\nWhat is the shape of the object named \'Object_1\'?  ASSISTANT:\nassistant\n{""answer"": ""sphere""}']",sphere,"{""answer"": ""sphere""}",3,"user
 USER:  
This image shows a minimalist arrangement of 3D geometric shapes made of different materials and colors. The JSON provided contains information about all objects in the scene, including their name, 3D coordinates (represented as [X, Y, Z]), material (metal = shinny, rubber = matte), and other attributes. 
Your job is to analyze this information, find the object named 'Object_1', use its attributes to identify which object in the image corresponds to that object, and retrieve its shape in the following format: {""answer"": ""SHAPE""}
Select your answer from the following options: cylinder, sphere, cone, or cube. Do not add any additional text to your answer, provide your answer always in the following format: {""answer"": ""SHAPE""}. 

Understanding the Coordinate System X, Y, Z:
• X (Depth): Represents the depth relative to the camera. Smaller values indicate objects that are farther away.
• Y (Horizontal Position): Represents the left-to-right position. A value of zero means the object is centered in the scene, negative values place the object to the left, and positive values to the right.
• Z (Vertical Position): Represents the height of the object's center point. Larger values correspond to higher vertical positions.

Here is the JSON containing details about all objects in the scene in the image:

{""camera_location"": [9.915478112284436, 0, 5.34366512298584], ""objects"": [{""name"": ""Object_0"", ""size"": 0.351, ""material"": ""metal"", ""3d_coords"": [0.04394927913947255, 0.6171594319543938, 0.3499999940395355], ""rotation"": 103.81303405761719, ""color"": ""brown""}, {""name"": ""Object_1"", ""size"": 0.351, ""material"": ""rubber"", ""3d_coords"": [1.525246365328825, -0.7400269287732497, 0.3499999940395355], ""rotation"": 199.88343811035156, ""color"": ""cyan""}, {""name"": ""Object_2"", ""size"": 0.351, ""material"": ""rubber"", ""3d_coords"": [-0.3794246517944452, -1.8250792228155683, 0.3499999940395355], ""rotation"": 359.5333251953125, ""color"": ""gray""}]}

What is the shape of the object named 'Object_1'?  ASSISTANT:
assistant
{""answer"": ""cone""}",cone,"{""answer"": ""sphere""}",3
25,30.244268,55.244583,73.835304,75.23451,70.35906,68.06264,80.14911,80.3359,96.64559,97.86487,89.79386,82.238266,89.144585,95.31285,98.6687,100.6917,106.74406,82.15521,84.87566,88.02288,100.66948,114.253426,108.38517,114.376076,114.02985,116.75999,107.67097,112.07135,113.57515,121.49161,127.73215,132.84412,138.56873,128.51648,110.253815,94.41706,17.716696,Text only tokens,1273,1719,"['user\n USER:  \nThis image shows a minimalist arrangement of 3D geometric shapes made of different materials and colors. The JSON provided contains information about all objects in the scene, including their name, 3D coordinates (represented as [X, Y, Z]), material (metal = shinny, rubber = matte), and other attributes. \nYour job is to analyze this information, find the object with a size of 0.701, use its attributes to identify which object in the image corresponds to that object, and retrieve its color in the following format: {""answer"": ""COLOR""}\nSelect your answer from the following options: gray, red, blue, green, brown, purple, cyan, or yellow. Do not add any additional text to your answer, provide your answer always in the following format: {""answer"": ""COLOR""}. \n\nUnderstanding the Coordinate System X, Y, Z:\n• X (Depth): Represents the depth relative to the camera. Smaller values indicate objects that are farther away.\n• Y (Horizontal Position): Represents the left-to-right position. A value of zero means the object is centered in the scene, negative values place the object to the left, and positive values to the right.\n• Z (Vertical Position): Represents the height of the object\'s center point. Larger values correspond to higher vertical positions.\n\nHere is the JSON containing details about all objects in the scene in the image:\n\n{""camera_location"": [9.915478112284436, 0, 5.34366512298584], ""objects"": [{""name"": ""Object_0"", ""shape"": ""cylinder"", ""size"": 0.7, ""material"": ""rubber"", ""3d_coords"": [-0.1606681918080175, 0.7018721599015969, 0.699999988079071], ""rotation"": 346.54864501953125}, {""name"": ""Object_1"", ""shape"": ""cube"", ""size"": 0.351, ""material"": ""rubber"", ""3d_coords"": [-2.367545748014542, -1.3522377104138676, 0.3499999940395355], ""rotation"": 164.09930419921875}, {""name"": ""Object_2"", ""shape"": ""cube"", ""size"": 0.7, ""material"": ""rubber"", ""3d_coords"": [-1.7097698929136345, 2.2686358410078236, 0.699999988079071], ""rotation"": 156.09521484375}, {""name"": ""Object_3"", ""shape"": ""sphere"", ""size"": 0.351, ""material"": ""rubber"", ""3d_coords"": [1.788194284270057, -2.1788770450712565, 0.3499999940395355], ""rotation"": 45.26325607299805}, {""name"": ""Object_4"", ""shape"": ""cylinder"", ""size"": 0.351, ""material"": ""rubber"", ""3d_coords"": [1.346578102516892, -0.7144348966941717, 0.3499999940395355], ""rotation"": 258.3526916503906}, {""name"": ""Object_5"", ""shape"": ""cylinder"", ""size"": 0.701, ""material"": ""rubber"", ""3d_coords"": [-0.8096957061792329, -3.1371075480461075, 0.699999988079071], ""rotation"": 44.271751403808594}, {""name"": ""Object_6"", ""shape"": ""cube"", ""size"": 0.7, ""material"": ""rubber"", ""3d_coords"": [2.6237371395358684, 1.375110532280918, 0.699999988079071], ""rotation"": 356.73760986328125}, {""name"": ""Object_7"", ""shape"": ""cylinder"", ""size"": 0.351, ""material"": ""metal"", ""3d_coords"": [3.6695428963977217, 0.18229497216910828, 0.3499999940395355], ""rotation"": 100.61064910888672}, {""name"": ""Object_8"", ""shape"": ""cone"", ""size"": 0.351, ""material"": ""rubber"", ""3d_coords"": [0.5219128239470097, 3.1775772075921687, 0.3499999940395355], ""rotation"": 161.50157165527344}]}\n\nWhat is the color of the object with a size of 0.701?  ASSISTANT:\nassistant\n{""answer"": ""cyan""}']",cyan,"{""answer"": ""green""}",9,"user
 USER:  
This image shows a minimalist arrangement of 3D geometric shapes made of different materials and colors. The JSON provided contains information about all objects in the scene, including their name, 3D coordinates (represented as [X, Y, Z]), material (metal = shinny, rubber = matte), and other attributes. 
Your job is to analyze this information, find the object with a size of 0.701, use its attributes to identify which object in the image corresponds to that object, and retrieve its color in the following format: {""answer"": ""COLOR""}
Select your answer from the following options: gray, red, blue, green, brown, purple, cyan, or yellow. Do not add any additional text to your answer, provide your answer always in the following format: {""answer"": ""COLOR""}. 

Understanding the Coordinate System X, Y, Z:
• X (Depth): Represents the depth relative to the camera. Smaller values indicate objects that are farther away.
• Y (Horizontal Position): Represents the left-to-right position. A value of zero means the object is centered in the scene, negative values place the object to the left, and positive values to the right.
• Z (Vertical Position): Represents the height of the object's center point. Larger values correspond to higher vertical positions.

Here is the JSON containing details about all objects in the scene in the image:

{""camera_location"": [9.915478112284436, 0, 5.34366512298584], ""objects"": [{""name"": ""Object_0"", ""shape"": ""cylinder"", ""size"": 0.7, ""material"": ""rubber"", ""3d_coords"": [-0.1606681918080175, 0.7018721599015969, 0.699999988079071], ""rotation"": 346.54864501953125}, {""name"": ""Object_1"", ""shape"": ""cube"", ""size"": 0.351, ""material"": ""rubber"", ""3d_coords"": [-2.367545748014542, -1.3522377104138676, 0.3499999940395355], ""rotation"": 164.09930419921875}, {""name"": ""Object_2"", ""shape"": ""cube"", ""size"": 0.7, ""material"": ""rubber"", ""3d_coords"": [-1.7097698929136345, 2.2686358410078236, 0.699999988079071], ""rotation"": 156.09521484375}, {""name"": ""Object_3"", ""shape"": ""sphere"", ""size"": 0.351, ""material"": ""rubber"", ""3d_coords"": [1.788194284270057, -2.1788770450712565, 0.3499999940395355], ""rotation"": 45.26325607299805}, {""name"": ""Object_4"", ""shape"": ""cylinder"", ""size"": 0.351, ""material"": ""rubber"", ""3d_coords"": [1.346578102516892, -0.7144348966941717, 0.3499999940395355], ""rotation"": 258.3526916503906}, {""name"": ""Object_5"", ""shape"": ""cylinder"", ""size"": 0.701, ""material"": ""rubber"", ""3d_coords"": [-0.8096957061792329, -3.1371075480461075, 0.699999988079071], ""rotation"": 44.271751403808594}, {""name"": ""Object_6"", ""shape"": ""cube"", ""size"": 0.7, ""material"": ""rubber"", ""3d_coords"": [2.6237371395358684, 1.375110532280918, 0.699999988079071], ""rotation"": 356.73760986328125}, {""name"": ""Object_7"", ""shape"": ""cylinder"", ""size"": 0.351, ""material"": ""metal"", ""3d_coords"": [3.6695428963977217, 0.18229497216910828, 0.3499999940395355], ""rotation"": 100.61064910888672}, {""name"": ""Object_8"", ""shape"": ""cone"", ""size"": 0.351, ""material"": ""rubber"", ""3d_coords"": [0.5219128239470097, 3.1775772075921687, 0.3499999940395355], ""rotation"": 161.50157165527344}]}

What is the color of the object with a size of 0.701?  ASSISTANT:
assistant
{""answer"": ""gray""}",gray,"{""answer"": ""green""}",9
26,31.77001,57.84309,76.75112,78.07593,73.23451,70.961296,83.20552,69.05201,85.257034,87.27048,81.0301,74.069626,81.22972,86.657715,89.98019,92.69831,98.01735,70.495544,73.66632,77.4142,91.07818,105.39953,102.59995,109.59269,110.728935,113.92398,106.18872,110.77477,112.12299,120.36638,126.0873,129.54514,134.32016,124.70858,106.97998,92.63711,16.477943,Text only tokens,1763,2364,"['user\n USER:  \nThis image shows a minimalist arrangement of 3D geometric shapes made of different materials and colors. The JSON provided contains information about all objects in the scene, including their name, 3D coordinates (represented as [X, Y, Z]), material (metal = shinny, rubber = matte), and other attributes. \nYour job is to identify the cone in the image, match its attributes to identify which of the objects mentioned in the JSON corresponds to that object, and determine its 3D coordinates in the following format: {""answer"": [X, Y, Z]}\nDo not add any additional text to your answer, provide your answer always in the following format: {""answer"": [X, Y, Z]}. \n\nUnderstanding the Coordinate System X, Y, Z:\n• X (Depth): Represents the depth relative to the camera. Smaller values indicate objects that are farther away.\n• Y (Horizontal Position): Represents the left-to-right position. A value of zero means the object is centered in the scene, negative values place the object to the left, and positive values to the right.\n• Z (Vertical Position): Represents the height of the object\'s center point. Larger values correspond to higher vertical positions.\n\nHere is the JSON containing details about all objects in the scene in the image:\n\n{""camera_location"": [9.915478112284436, 0, 5.34366512298584], ""objects"": [{""name"": ""Object_0"", ""size"": 0.351, ""material"": ""rubber"", ""3d_coords"": [1.7637049622115026, -2.078359624814423, 0.3499999940395355], ""rotation"": 230.55128479003906, ""color"": ""cyan""}, {""name"": ""Object_1"", ""size"": 0.701, ""material"": ""rubber"", ""3d_coords"": [-0.541677747336774, -0.25762640855916286, 0.699999988079071], ""rotation"": 109.10364532470703, ""color"": ""gray""}, {""name"": ""Object_2"", ""size"": 0.351, ""material"": ""rubber"", ""3d_coords"": [0.9457669489564922, -0.9416399909697161, 0.3499999940395355], ""rotation"": 19.822256088256836, ""color"": ""red""}, {""name"": ""Object_3"", ""size"": 0.7, ""material"": ""metal"", ""3d_coords"": [-1.4870844308204467, 1.8173299038159842, 0.699999988079071], ""rotation"": 345.46905517578125, ""color"": ""green""}, {""name"": ""Object_4"", ""size"": 0.701, ""material"": ""rubber"", ""3d_coords"": [0.06377568583385718, -3.8369737436151885, 0.699999988079071], ""rotation"": 195.95790100097656, ""color"": ""blue""}, {""name"": ""Object_5"", ""size"": 0.7, ""material"": ""rubber"", ""3d_coords"": [-2.8465154139901827, 0.5906719929122008, 0.699999988079071], ""rotation"": 323.02484130859375, ""color"": ""green""}, {""name"": ""Object_6"", ""size"": 0.351, ""material"": ""metal"", ""3d_coords"": [2.7516130061875574, -1.5240810690226496, 0.3499999940395355], ""rotation"": 111.76055145263672, ""color"": ""cyan""}]}\n\nWhich are the 3D coordinates of the cone?  ASSISTANT:\nassistant\n{""answer"": [0.9457669489564922, -0.9416399909697161, 0.3499']","[0.9457669489564922, -0.9416399909697161, 0.3499","{""answer"": [-2.8465154139901827, 0.5906719929122008, 0.699999988079071]}",7,"user
 USER:  
This image shows a minimalist arrangement of 3D geometric shapes made of different materials and colors. The JSON provided contains information about all objects in the scene, including their name, 3D coordinates (represented as [X, Y, Z]), material (metal = shinny, rubber = matte), and other attributes. 
Your job is to identify the cone in the image, match its attributes to identify which of the objects mentioned in the JSON corresponds to that object, and determine its 3D coordinates in the following format: {""answer"": [X, Y, Z]}
Do not add any additional text to your answer, provide your answer always in the following format: {""answer"": [X, Y, Z]}. 

Understanding the Coordinate System X, Y, Z:
• X (Depth): Represents the depth relative to the camera. Smaller values indicate objects that are farther away.
• Y (Horizontal Position): Represents the left-to-right position. A value of zero means the object is centered in the scene, negative values place the object to the left, and positive values to the right.
• Z (Vertical Position): Represents the height of the object's center point. Larger values correspond to higher vertical positions.

Here is the JSON containing details about all objects in the scene in the image:

{""camera_location"": [9.915478112284436, 0, 5.34366512298584], ""objects"": [{""name"": ""Object_0"", ""size"": 0.351, ""material"": ""rubber"", ""3d_coords"": [1.7637049622115026, -2.078359624814423, 0.3499999940395355], ""rotation"": 230.55128479003906, ""color"": ""cyan""}, {""name"": ""Object_1"", ""size"": 0.701, ""material"": ""rubber"", ""3d_coords"": [-0.541677747336774, -0.25762640855916286, 0.699999988079071], ""rotation"": 109.10364532470703, ""color"": ""gray""}, {""name"": ""Object_2"", ""size"": 0.351, ""material"": ""rubber"", ""3d_coords"": [0.9457669489564922, -0.9416399909697161, 0.3499999940395355], ""rotation"": 19.822256088256836, ""color"": ""red""}, {""name"": ""Object_3"", ""size"": 0.7, ""material"": ""metal"", ""3d_coords"": [-1.4870844308204467, 1.8173299038159842, 0.699999988079071], ""rotation"": 345.46905517578125, ""color"": ""green""}, {""name"": ""Object_4"", ""size"": 0.701, ""material"": ""rubber"", ""3d_coords"": [0.06377568583385718, -3.8369737436151885, 0.699999988079071], ""rotation"": 195.95790100097656, ""color"": ""blue""}, {""name"": ""Object_5"", ""size"": 0.7, ""material"": ""rubber"", ""3d_coords"": [-2.8465154139901827, 0.5906719929122008, 0.699999988079071], ""rotation"": 323.02484130859375, ""color"": ""green""}, {""name"": ""Object_6"", ""size"": 0.351, ""material"": ""metal"", ""3d_coords"": [2.7516130061875574, -1.5240810690226496, 0.3499999940395355], ""rotation"": 111.76055145263672, ""color"": ""cyan""}]}

Which are the 3D coordinates of the cone?  ASSISTANT:
assistant
{""answer"": [1.7637049622115026, -2.078359624814423, 0.34999","[1.7637049622115026, -2.078359624814423, 0.34999","{""answer"": [-2.8465154139901827, 0.5906719929122008, 0.699999988079071]}",7
27,29.394024,55.085697,74.205414,75.88575,71.426544,69.10359,81.04714,81.65819,98.25381,98.48992,90.57945,82.41096,89.19868,96.055305,100.04302,102.38472,108.854324,88.85567,90.669044,93.06862,104.9678,118.48478,110.68495,115.83869,115.30914,118.16155,107.89166,111.801865,112.92804,121.559875,128.32573,133.6986,139.53485,129.1684,110.49116,93.81852,17.640196,Text only tokens,2757,3652,"['user\n USER:  \nThis image shows a minimalist arrangement of 3D geometric shapes made of different materials and colors. The JSON provided contains information about all objects in the scene, including their name, 3D coordinates (represented as [X, Y, Z]), material (metal = shinny, rubber = matte), and other attributes. \nYour job is to analyze this information, find the object with a rotation of 127.015380859375, use its attributes to identify which object in the image corresponds to that object, and retrieve its shape in the following format: {""answer"": ""SHAPE""}\nSelect your answer from the following options: cylinder, sphere, cone, or cube. Do not add any additional text to your answer, provide your answer always in the following format: {""answer"": ""SHAPE""}. \n\nUnderstanding the Coordinate System X, Y, Z:\n• X (Depth): Represents the depth relative to the camera. Smaller values indicate objects that are farther away.\n• Y (Horizontal Position): Represents the left-to-right position. A value of zero means the object is centered in the scene, negative values place the object to the left, and positive values to the right.\n• Z (Vertical Position): Represents the height of the object\'s center point. Larger values correspond to higher vertical positions.\n\nHere is the JSON containing details about all objects in the scene in the image:\n\n{""camera_location"": [9.915478112284436, 0, 5.34366512298584], ""objects"": [{""name"": ""Object_0"", ""size"": 0.351, ""material"": ""rubber"", ""3d_coords"": [0.64358728194546, 1.4017654924554899, 0.3499999940395355], ""rotation"": 74.52092742919922, ""color"": ""yellow""}, {""name"": ""Object_1"", ""size"": 0.351, ""material"": ""metal"", ""3d_coords"": [-2.8130710752401447, -0.29763037993608554, 0.3499999940395355], ""rotation"": 271.9960632324219, ""color"": ""purple""}, {""name"": ""Object_2"", ""size"": 0.7, ""material"": ""rubber"", ""3d_coords"": [2.7184234573813413, -0.8782292313301926, 0.699999988079071], ""rotation"": 102.63001251220703, ""color"": ""cyan""}, {""name"": ""Object_3"", ""size"": 0.351, ""material"": ""metal"", ""3d_coords"": [-2.092079725241204, -1.3481793102738768, 0.3499999940395355], ""rotation"": 72.73233032226562, ""color"": ""yellow""}, {""name"": ""Object_4"", ""size"": 0.351, ""material"": ""rubber"", ""3d_coords"": [-1.2502468148813555, 2.564259059898659, 0.3499999940395355], ""rotation"": 94.24529266357422, ""color"": ""green""}, {""name"": ""Object_5"", ""size"": 0.351, ""material"": ""rubber"", ""3d_coords"": [-0.48081596024065126, 0.8887716490911104, 0.3499999940395355], ""rotation"": 200.69154357910156, ""color"": ""blue""}, {""name"": ""Object_6"", ""size"": 0.351, ""material"": ""rubber"", ""3d_coords"": [1.688507070051415, -1.8242689437502806, 0.3499999940395355], ""rotation"": 266.36572265625, ""color"": ""brown""}, {""name"": ""Object_7"", ""size"": 0.351, ""material"": ""rubber"", ""3d_coords"": [-3.9790485301104432, 0.3474424102617424, 0.3499999940395355], ""rotation"": 127.015380859375, ""color"": ""gray""}, {""name"": ""Object_8"", ""size"": 0.7, ""material"": ""metal"", ""3d_coords"": [0.016606569178203356, -2.9589752129856057, 0.699999988079071], ""rotation"": 21.311233520507812, ""color"": ""red""}]}\n\nWhat is the shape of the object with a rotation of 127.015380859375?  ASSISTANT:\nassistant\n{""answer"": ""cube""}']",cube,"{""answer"": ""cube""}",9,"user
 USER:  
This image shows a minimalist arrangement of 3D geometric shapes made of different materials and colors. The JSON provided contains information about all objects in the scene, including their name, 3D coordinates (represented as [X, Y, Z]), material (metal = shinny, rubber = matte), and other attributes. 
Your job is to analyze this information, find the object with a rotation of 127.015380859375, use its attributes to identify which object in the image corresponds to that object, and retrieve its shape in the following format: {""answer"": ""SHAPE""}
Select your answer from the following options: cylinder, sphere, cone, or cube. Do not add any additional text to your answer, provide your answer always in the following format: {""answer"": ""SHAPE""}. 

Understanding the Coordinate System X, Y, Z:
• X (Depth): Represents the depth relative to the camera. Smaller values indicate objects that are farther away.
• Y (Horizontal Position): Represents the left-to-right position. A value of zero means the object is centered in the scene, negative values place the object to the left, and positive values to the right.
• Z (Vertical Position): Represents the height of the object's center point. Larger values correspond to higher vertical positions.

Here is the JSON containing details about all objects in the scene in the image:

{""camera_location"": [9.915478112284436, 0, 5.34366512298584], ""objects"": [{""name"": ""Object_0"", ""size"": 0.351, ""material"": ""rubber"", ""3d_coords"": [0.64358728194546, 1.4017654924554899, 0.3499999940395355], ""rotation"": 74.52092742919922, ""color"": ""yellow""}, {""name"": ""Object_1"", ""size"": 0.351, ""material"": ""metal"", ""3d_coords"": [-2.8130710752401447, -0.29763037993608554, 0.3499999940395355], ""rotation"": 271.9960632324219, ""color"": ""purple""}, {""name"": ""Object_2"", ""size"": 0.7, ""material"": ""rubber"", ""3d_coords"": [2.7184234573813413, -0.8782292313301926, 0.699999988079071], ""rotation"": 102.63001251220703, ""color"": ""cyan""}, {""name"": ""Object_3"", ""size"": 0.351, ""material"": ""metal"", ""3d_coords"": [-2.092079725241204, -1.3481793102738768, 0.3499999940395355], ""rotation"": 72.73233032226562, ""color"": ""yellow""}, {""name"": ""Object_4"", ""size"": 0.351, ""material"": ""rubber"", ""3d_coords"": [-1.2502468148813555, 2.564259059898659, 0.3499999940395355], ""rotation"": 94.24529266357422, ""color"": ""green""}, {""name"": ""Object_5"", ""size"": 0.351, ""material"": ""rubber"", ""3d_coords"": [-0.48081596024065126, 0.8887716490911104, 0.3499999940395355], ""rotation"": 200.69154357910156, ""color"": ""blue""}, {""name"": ""Object_6"", ""size"": 0.351, ""material"": ""rubber"", ""3d_coords"": [1.688507070051415, -1.8242689437502806, 0.3499999940395355], ""rotation"": 266.36572265625, ""color"": ""brown""}, {""name"": ""Object_7"", ""size"": 0.351, ""material"": ""rubber"", ""3d_coords"": [-3.9790485301104432, 0.3474424102617424, 0.3499999940395355], ""rotation"": 127.015380859375, ""color"": ""gray""}, {""name"": ""Object_8"", ""size"": 0.7, ""material"": ""metal"", ""3d_coords"": [0.016606569178203356, -2.9589752129856057, 0.699999988079071], ""rotation"": 21.311233520507812, ""color"": ""red""}]}

What is the shape of the object with a rotation of 127.015380859375?  ASSISTANT:
assistant
{""answer"": ""sphere""}",sphere,"{""answer"": ""cube""}",9
28,27.742933,51.44374,69.097824,69.743515,65.14948,62.514435,74.5033,79.30745,95.207245,94.37399,86.68784,78.536736,84.94222,91.66828,95.073586,97.79741,104.10014,83.73632,86.06266,88.38922,99.578026,112.561554,106.24306,110.48647,110.61215,112.97802,102.91044,106.69643,108.02215,116.44644,122.90842,128.1311,133.73773,123.43955,104.899994,87.92506,14.630579,Text only tokens,837,1152,"['user\n USER:  \nThis image shows a minimalist arrangement of 3D geometric shapes made of different materials and colors. The JSON provided contains information about all objects in the scene, including their name, 3D coordinates (represented as [X, Y, Z]), material (metal = shinny, rubber = matte), and other attributes. \nYour job is to identify the cone in the image, match its attributes to identify which of the objects mentioned in the JSON corresponds to that object, and determine its rotation in the following format: {""answer"": ""ROTATION""}\nDo not add any additional text to your answer, provide your answer always in the following format: {""answer"": ""ROTATION""}. \n\nUnderstanding the Coordinate System X, Y, Z:\n• X (Depth): Represents the depth relative to the camera. Smaller values indicate objects that are farther away.\n• Y (Horizontal Position): Represents the left-to-right position. A value of zero means the object is centered in the scene, negative values place the object to the left, and positive values to the right.\n• Z (Vertical Position): Represents the height of the object\'s center point. Larger values correspond to higher vertical positions.\n\nHere is the JSON containing details about all objects in the scene in the image:\n\n{""camera_location"": [9.915478112284436, 0, 5.34366512298584], ""objects"": [{""name"": ""Object_0"", ""size"": 0.701, ""material"": ""rubber"", ""3d_coords"": [1.2623137074708397, -1.764611023304337, 0.699999988079071], ""rotation"": 10.289356231689453, ""color"": ""gray""}, {""name"": ""Object_1"", ""size"": 0.351, ""material"": ""metal"", ""3d_coords"": [-0.8455590493594192, 1.8016953941616474, 0.3499999940395355], ""rotation"": 148.09388732910156, ""color"": ""green""}, {""name"": ""Object_2"", ""size"": 0.7, ""material"": ""rubber"", ""3d_coords"": [0.3787945202740741, 3.400004039196693, 0.699999988079071], ""rotation"": 307.0750427246094, ""color"": ""cyan""}, {""name"": ""Object_3"", ""size"": 0.351, ""material"": ""metal"", ""3d_coords"": [3.166490711433788, -0.6398373975452669, 0.3499999940395355], ""rotation"": 157.10389709472656, ""color"": ""gray""}, {""name"": ""Object_4"", ""size"": 0.351, ""material"": ""metal"", ""3d_coords"": [-1.3460153939348938, -1.2371774169418364, 0.3499999940395355], ""rotation"": 20.614009857177734, ""color"": ""gray""}, {""name"": ""Object_5"", ""size"": 0.7, ""material"": ""metal"", ""3d_coords"": [-2.246249245483622, 1.2755204541752871, 0.699999988079071], ""rotation"": 65.9312973022461, ""color"": ""brown""}, {""name"": ""Object_6"", ""size"": 0.701, ""material"": ""rubber"", ""3d_coords"": [-3.802711677282304, 0.5242873265356542, 0.699999988079071], ""rotation"": 299.12249755859375, ""color"": ""gray""}, {""name"": ""Object_7"", ""size"": 0.351, ""material"": ""rubber"", ""3d_coords"": [2.307594360606601, 0.04023323388212274, 0.3499999940395355], ""rotation"": 198.58226013183594, ""color"": ""purple""}, {""name"": ""Object_8"", ""size"": 0.351, ""material"": ""rubber"", ""3d_coords"": [-1.7609990793500403, -2.4356283987918985, 0.3499999940395355], ""rotation"": 353.67010498046875, ""color"": ""purple""}, {""name"": ""Object_9"", ""size"": 0.351, ""material"": ""rubber"", ""3d_coords"": [-0.16957971923016824, -3.6798121597456452, 0.3499999940395355], ""rotation"": 51.82205581665039, ""color"": ""blue""}]}\n\nWhat is the rotation value of the cone?  ASSISTANT:\nassistant\n{""answer"": ""353.67010498046875""}']",353.67010498046875,"{""answer"": 353.67010498046875}",10,"user
 USER:  
This image shows a minimalist arrangement of 3D geometric shapes made of different materials and colors. The JSON provided contains information about all objects in the scene, including their name, 3D coordinates (represented as [X, Y, Z]), material (metal = shinny, rubber = matte), and other attributes. 
Your job is to identify the cone in the image, match its attributes to identify which of the objects mentioned in the JSON corresponds to that object, and determine its rotation in the following format: {""answer"": ""ROTATION""}
Do not add any additional text to your answer, provide your answer always in the following format: {""answer"": ""ROTATION""}. 

Understanding the Coordinate System X, Y, Z:
• X (Depth): Represents the depth relative to the camera. Smaller values indicate objects that are farther away.
• Y (Horizontal Position): Represents the left-to-right position. A value of zero means the object is centered in the scene, negative values place the object to the left, and positive values to the right.
• Z (Vertical Position): Represents the height of the object's center point. Larger values correspond to higher vertical positions.

Here is the JSON containing details about all objects in the scene in the image:

{""camera_location"": [9.915478112284436, 0, 5.34366512298584], ""objects"": [{""name"": ""Object_0"", ""size"": 0.701, ""material"": ""rubber"", ""3d_coords"": [1.2623137074708397, -1.764611023304337, 0.699999988079071], ""rotation"": 10.289356231689453, ""color"": ""gray""}, {""name"": ""Object_1"", ""size"": 0.351, ""material"": ""metal"", ""3d_coords"": [-0.8455590493594192, 1.8016953941616474, 0.3499999940395355], ""rotation"": 148.09388732910156, ""color"": ""green""}, {""name"": ""Object_2"", ""size"": 0.7, ""material"": ""rubber"", ""3d_coords"": [0.3787945202740741, 3.400004039196693, 0.699999988079071], ""rotation"": 307.0750427246094, ""color"": ""cyan""}, {""name"": ""Object_3"", ""size"": 0.351, ""material"": ""metal"", ""3d_coords"": [3.166490711433788, -0.6398373975452669, 0.3499999940395355], ""rotation"": 157.10389709472656, ""color"": ""gray""}, {""name"": ""Object_4"", ""size"": 0.351, ""material"": ""metal"", ""3d_coords"": [-1.3460153939348938, -1.2371774169418364, 0.3499999940395355], ""rotation"": 20.614009857177734, ""color"": ""gray""}, {""name"": ""Object_5"", ""size"": 0.7, ""material"": ""metal"", ""3d_coords"": [-2.246249245483622, 1.2755204541752871, 0.699999988079071], ""rotation"": 65.9312973022461, ""color"": ""brown""}, {""name"": ""Object_6"", ""size"": 0.701, ""material"": ""rubber"", ""3d_coords"": [-3.802711677282304, 0.5242873265356542, 0.699999988079071], ""rotation"": 299.12249755859375, ""color"": ""gray""}, {""name"": ""Object_7"", ""size"": 0.351, ""material"": ""rubber"", ""3d_coords"": [2.307594360606601, 0.04023323388212274, 0.3499999940395355], ""rotation"": 198.58226013183594, ""color"": ""purple""}, {""name"": ""Object_8"", ""size"": 0.351, ""material"": ""rubber"", ""3d_coords"": [-1.7609990793500403, -2.4356283987918985, 0.3499999940395355], ""rotation"": 353.67010498046875, ""color"": ""purple""}, {""name"": ""Object_9"", ""size"": 0.351, ""material"": ""rubber"", ""3d_coords"": [-0.16957971923016824, -3.6798121597456452, 0.3499999940395355], ""rotation"": 51.82205581665039, ""color"": ""blue""}]}

What is the rotation value of the cone?  ASSISTANT:
assistant
{""answer"": 148.09388732910156}",148.09388732910156,"{""answer"": 353.67010498046875}",10
29,31.425634,57.772053,76.09562,77.39242,72.25441,69.89313,81.77048,66.76589,83.47886,85.74259,79.646095,72.862404,79.610634,85.37374,89.20254,91.69928,96.91607,69.42306,72.95707,76.471634,89.84397,104.07031,101.83972,108.90365,109.80605,113.15977,106.0701,110.828705,112.19706,119.98221,125.51019,129.34256,134.02066,124.16885,106.53394,92.2569,15.404522,Text only tokens,759,1041,"['user\n USER:  \nThis image shows a minimalist arrangement of 3D geometric shapes made of different materials and colors. The JSON provided contains information about all objects in the scene, including their name, 3D coordinates (represented as [X, Y, Z]), material (metal = shinny, rubber = matte), and other attributes. \nYour job is to identify the cube in the image, match its attributes to identify which of the objects mentioned in the JSON corresponds to that object, and determine its name in the following format: {""answer"": ""NAME""}\nDo not add any additional text to your answer, provide your answer always in the following format: {""answer"": ""NAME""}. \n\nUnderstanding the Coordinate System X, Y, Z:\n• X (Depth): Represents the depth relative to the camera. Smaller values indicate objects that are farther away.\n• Y (Horizontal Position): Represents the left-to-right position. A value of zero means the object is centered in the scene, negative values place the object to the left, and positive values to the right.\n• Z (Vertical Position): Represents the height of the object\'s center point. Larger values correspond to higher vertical positions.\n\nHere is the JSON containing details about all objects in the scene in the image:\n\n{""camera_location"": [9.915478112284436, 0, 5.34366512298584], ""objects"": [{""name"": ""Object_0"", ""size"": 0.7, ""material"": ""metal"", ""3d_coords"": [-2.4077428579584996, -1.521936216814853, 0.699999988079071], ""rotation"": 146.64268493652344, ""color"": ""blue""}, {""name"": ""Object_1"", ""size"": 0.351, ""material"": ""rubber"", ""3d_coords"": [2.1496855935517982, 0.984218026368895, 0.3499999940395355], ""rotation"": 103.14288330078125, ""color"": ""gray""}, {""name"": ""Object_2"", ""size"": 0.7, ""material"": ""rubber"", ""3d_coords"": [-0.8067633973582621, -0.5112366588490169, 0.699999988079071], ""rotation"": 224.8194122314453, ""color"": ""cyan""}, {""name"": ""Object_3"", ""size"": 0.351, ""material"": ""metal"", ""3d_coords"": [-1.8617558726119698, 0.27667302420539375, 0.3499999940395355], ""rotation"": 27.947830200195312, ""color"": ""yellow""}, {""name"": ""Object_4"", ""size"": 0.701, ""material"": ""metal"", ""3d_coords"": [1.5210811680294902, 2.552965882407801, 0.699999988079071], ""rotation"": 44.395172119140625, ""color"": ""red""}, {""name"": ""Object_5"", ""size"": 0.351, ""material"": ""rubber"", ""3d_coords"": [0.4810150711728176, -3.4888219938840086, 0.3499999940395355], ""rotation"": 324.7027282714844, ""color"": ""cyan""}, {""name"": ""Object_6"", ""size"": 0.701, ""material"": ""rubber"", ""3d_coords"": [-0.23028127451902658, 3.0217778835680313, 0.699999988079071], ""rotation"": 177.52197265625, ""color"": ""purple""}]}\n\nWhat is the name of the cube?  ASSISTANT:\nassistant\n{""answer"": ""Object_2""}']",Object_2,"{""answer"": ""Object_2""}",7,"user
 USER:  
This image shows a minimalist arrangement of 3D geometric shapes made of different materials and colors. The JSON provided contains information about all objects in the scene, including their name, 3D coordinates (represented as [X, Y, Z]), material (metal = shinny, rubber = matte), and other attributes. 
Your job is to identify the cube in the image, match its attributes to identify which of the objects mentioned in the JSON corresponds to that object, and determine its name in the following format: {""answer"": ""NAME""}
Do not add any additional text to your answer, provide your answer always in the following format: {""answer"": ""NAME""}. 

Understanding the Coordinate System X, Y, Z:
• X (Depth): Represents the depth relative to the camera. Smaller values indicate objects that are farther away.
• Y (Horizontal Position): Represents the left-to-right position. A value of zero means the object is centered in the scene, negative values place the object to the left, and positive values to the right.
• Z (Vertical Position): Represents the height of the object's center point. Larger values correspond to higher vertical positions.

Here is the JSON containing details about all objects in the scene in the image:

{""camera_location"": [9.915478112284436, 0, 5.34366512298584], ""objects"": [{""name"": ""Object_0"", ""size"": 0.7, ""material"": ""metal"", ""3d_coords"": [-2.4077428579584996, -1.521936216814853, 0.699999988079071], ""rotation"": 146.64268493652344, ""color"": ""blue""}, {""name"": ""Object_1"", ""size"": 0.351, ""material"": ""rubber"", ""3d_coords"": [2.1496855935517982, 0.984218026368895, 0.3499999940395355], ""rotation"": 103.14288330078125, ""color"": ""gray""}, {""name"": ""Object_2"", ""size"": 0.7, ""material"": ""rubber"", ""3d_coords"": [-0.8067633973582621, -0.5112366588490169, 0.699999988079071], ""rotation"": 224.8194122314453, ""color"": ""cyan""}, {""name"": ""Object_3"", ""size"": 0.351, ""material"": ""metal"", ""3d_coords"": [-1.8617558726119698, 0.27667302420539375, 0.3499999940395355], ""rotation"": 27.947830200195312, ""color"": ""yellow""}, {""name"": ""Object_4"", ""size"": 0.701, ""material"": ""metal"", ""3d_coords"": [1.5210811680294902, 2.552965882407801, 0.699999988079071], ""rotation"": 44.395172119140625, ""color"": ""red""}, {""name"": ""Object_5"", ""size"": 0.351, ""material"": ""rubber"", ""3d_coords"": [0.4810150711728176, -3.4888219938840086, 0.3499999940395355], ""rotation"": 324.7027282714844, ""color"": ""cyan""}, {""name"": ""Object_6"", ""size"": 0.701, ""material"": ""rubber"", ""3d_coords"": [-0.23028127451902658, 3.0217778835680313, 0.699999988079071], ""rotation"": 177.52197265625, ""color"": ""purple""}]}

What is the name of the cube?  ASSISTANT:
assistant
{""answer"": ""Object_0""}",Object_0,"{""answer"": ""Object_2""}",7
30,39.08032,68.92493,88.34573,91.06958,85.72355,84.13183,96.83131,43.153564,56.99682,63.28844,60.319286,56.16397,62.23556,66.42481,70.20611,73.02884,76.49592,70.72294,73.97408,78.07086,90.772514,104.94918,108.24196,115.116104,116.04535,119.44829,116.528496,121.764824,123.04006,128.55338,130.43094,129.352,130.08522,121.40556,106.54624,96.3347,19.13945,Text only tokens,3112,4128,"['user\n USER:  \nThis image shows a minimalist arrangement of 3D geometric shapes made of different materials and colors. The JSON provided contains information about all objects in the scene, including their name, 3D coordinates (represented as [X, Y, Z]), material (metal = shinny, rubber = matte), and other attributes. \nYour job is to identify the cube in the image, match its attributes to identify which of the objects mentioned in the JSON corresponds to that object, and determine its rotation in the following format: {""answer"": ""ROTATION""}\nDo not add any additional text to your answer, provide your answer always in the following format: {""answer"": ""ROTATION""}. \n\nUnderstanding the Coordinate System X, Y, Z:\n• X (Depth): Represents the depth relative to the camera. Smaller values indicate objects that are farther away.\n• Y (Horizontal Position): Represents the left-to-right position. A value of zero means the object is centered in the scene, negative values place the object to the left, and positive values to the right.\n• Z (Vertical Position): Represents the height of the object\'s center point. Larger values correspond to higher vertical positions.\n\nHere is the JSON containing details about all objects in the scene in the image:\n\n{""camera_location"": [9.915478112284436, 0, 5.34366512298584], ""objects"": [{""name"": ""Object_0"", ""size"": 0.351, ""material"": ""metal"", ""3d_coords"": [-2.148962327777715, 0.8744327811991798, 0.3499999940395355], ""rotation"": 226.7097625732422, ""color"": ""red""}, {""name"": ""Object_1"", ""size"": 0.701, ""material"": ""metal"", ""3d_coords"": [1.4148083201510597, 1.9387341442006576, 0.699999988079071], ""rotation"": 312.5078125, ""color"": ""yellow""}, {""name"": ""Object_2"", ""size"": 0.7, ""material"": ""rubber"", ""3d_coords"": [0.4743003720505527, 0.30501282184411865, 0.699999988079071], ""rotation"": 203.72276306152344, ""color"": ""gray""}, {""name"": ""Object_3"", ""size"": 0.351, ""material"": ""rubber"", ""3d_coords"": [-1.063429738254202, -0.16179290227559512, 0.3499999940395355], ""rotation"": 237.6503448486328, ""color"": ""brown""}]}\n\nWhat is the rotation value of the cube?  ASSISTANT:\nassistant\n{""answer"": ""237.6503448486328""}']",237.6503448486328,"{""answer"": 237.6503448486328}",4,"user
 USER:  
This image shows a minimalist arrangement of 3D geometric shapes made of different materials and colors. The JSON provided contains information about all objects in the scene, including their name, 3D coordinates (represented as [X, Y, Z]), material (metal = shinny, rubber = matte), and other attributes. 
Your job is to identify the cube in the image, match its attributes to identify which of the objects mentioned in the JSON corresponds to that object, and determine its rotation in the following format: {""answer"": ""ROTATION""}
Do not add any additional text to your answer, provide your answer always in the following format: {""answer"": ""ROTATION""}. 

Understanding the Coordinate System X, Y, Z:
• X (Depth): Represents the depth relative to the camera. Smaller values indicate objects that are farther away.
• Y (Horizontal Position): Represents the left-to-right position. A value of zero means the object is centered in the scene, negative values place the object to the left, and positive values to the right.
• Z (Vertical Position): Represents the height of the object's center point. Larger values correspond to higher vertical positions.

Here is the JSON containing details about all objects in the scene in the image:

{""camera_location"": [9.915478112284436, 0, 5.34366512298584], ""objects"": [{""name"": ""Object_0"", ""size"": 0.351, ""material"": ""metal"", ""3d_coords"": [-2.148962327777715, 0.8744327811991798, 0.3499999940395355], ""rotation"": 226.7097625732422, ""color"": ""red""}, {""name"": ""Object_1"", ""size"": 0.701, ""material"": ""metal"", ""3d_coords"": [1.4148083201510597, 1.9387341442006576, 0.699999988079071], ""rotation"": 312.5078125, ""color"": ""yellow""}, {""name"": ""Object_2"", ""size"": 0.7, ""material"": ""rubber"", ""3d_coords"": [0.4743003720505527, 0.30501282184411865, 0.699999988079071], ""rotation"": 203.72276306152344, ""color"": ""gray""}, {""name"": ""Object_3"", ""size"": 0.351, ""material"": ""rubber"", ""3d_coords"": [-1.063429738254202, -0.16179290227559512, 0.3499999940395355], ""rotation"": 237.6503448486328, ""color"": ""brown""}]}

What is the rotation value of the cube?  ASSISTANT:
assistant
{""answer"": ""226.7097625732422""}",226.7097625732422,"{""answer"": 237.6503448486328}",4
31,28.30249,51.50385,69.02028,69.9752,65.57051,63.39706,75.20065,80.2664,95.65045,95.626274,87.576294,79.89463,86.761375,93.13659,96.520004,99.51562,105.11771,85.703964,87.47775,89.962074,100.98203,113.84295,107.82438,112.45925,111.27936,113.45164,103.53841,107.825615,108.91528,116.66181,122.81761,127.63748,132.82271,122.02936,104.05047,88.03497,14.122,Text only tokens,792,1084,"['user\n USER:  \nThis image shows a minimalist arrangement of 3D geometric shapes made of different materials and colors. The JSON provided contains information about all objects in the scene, including their name, 3D coordinates (represented as [X, Y, Z]), material (metal = shinny, rubber = matte), and other attributes. \nYour job is to identify the blue colored object in the image, match its attributes to identify which of the objects mentioned in the JSON corresponds to that object, and determine its 3D coordinates in the following format: {""answer"": [X, Y, Z]}\nDo not add any additional text to your answer, provide your answer always in the following format: {""answer"": [X, Y, Z]}. \n\nUnderstanding the Coordinate System X, Y, Z:\n• X (Depth): Represents the depth relative to the camera. Smaller values indicate objects that are farther away.\n• Y (Horizontal Position): Represents the left-to-right position. A value of zero means the object is centered in the scene, negative values place the object to the left, and positive values to the right.\n• Z (Vertical Position): Represents the height of the object\'s center point. Larger values correspond to higher vertical positions.\n\nHere is the JSON containing details about all objects in the scene in the image:\n\n{""camera_location"": [9.915478112284436, 0, 5.34366512298584], ""objects"": [{""name"": ""Object_0"", ""shape"": ""cube"", ""size"": 0.7, ""material"": ""metal"", ""3d_coords"": [-0.3138281182390357, 1.2834595713777883, 0.699999988079071], ""rotation"": 355.5685119628906}, {""name"": ""Object_1"", ""shape"": ""cube"", ""size"": 0.351, ""material"": ""rubber"", ""3d_coords"": [0.6886742543302362, -0.2100943277630098, 0.3499999940395355], ""rotation"": 237.75816345214844}, {""name"": ""Object_2"", ""shape"": ""cylinder"", ""size"": 0.351, ""material"": ""rubber"", ""3d_coords"": [-2.149486114392069, -2.0681906909790935, 0.3499999940395355], ""rotation"": 110.10399627685547}, {""name"": ""Object_3"", ""shape"": ""cube"", ""size"": 0.351, ""material"": ""metal"", ""3d_coords"": [-0.9816327550439095, 2.681147747157805, 0.3499999940395355], ""rotation"": 310.6956787109375}, {""name"": ""Object_4"", ""shape"": ""cone"", ""size"": 0.351, ""material"": ""metal"", ""3d_coords"": [-1.4884386999467862, -0.7197050657087278, 0.3499999940395355], ""rotation"": 117.64804077148438}, {""name"": ""Object_5"", ""shape"": ""cylinder"", ""size"": 0.351, ""material"": ""rubber"", ""3d_coords"": [1.9809472928552982, -1.650176778972651, 0.3499999940395355], ""rotation"": 116.19461059570312}, {""name"": ""Object_6"", ""shape"": ""sphere"", ""size"": 0.7, ""material"": ""metal"", ""3d_coords"": [-3.8626438600906785, 0.41156666884776194, 0.699999988079071], ""rotation"": 211.38162231445312}, {""name"": ""Object_7"", ""shape"": ""cylinder"", ""size"": 0.351, ""material"": ""metal"", ""3d_coords"": [1.1232574248978895, 1.7630407664894352, 0.3499999940395355], ""rotation"": 159.710693359375}, {""name"": ""Object_8"", ""shape"": ""sphere"", ""size"": 0.351, ""material"": ""rubber"", ""3d_coords"": [2.9322520483173107, -1.1690032638668204, 0.3499999940395355], ""rotation"": 92.90811157226562}, {""name"": ""Object_9"", ""shape"": ""cube"", ""size"": 0.351, ""material"": ""rubber"", ""3d_coords"": [0.08824379063242094, 3.8244467284438364, 0.3499999940395355], ""rotation"": 258.7905578613281}]}\n\nWhich are the 3D coordinates of the blue colored object?  ASSISTANT:\nassistant\n{""answer"": [0.6886742543302362, -0.2100943277630098, 0.3499']","[0.6886742543302362, -0.2100943277630098, 0.3499","{""answer"": [0.6886742543302362, -0.2100943277630098, 0.3499999940395355]}",10,"user
 USER:  
This image shows a minimalist arrangement of 3D geometric shapes made of different materials and colors. The JSON provided contains information about all objects in the scene, including their name, 3D coordinates (represented as [X, Y, Z]), material (metal = shinny, rubber = matte), and other attributes. 
Your job is to identify the blue colored object in the image, match its attributes to identify which of the objects mentioned in the JSON corresponds to that object, and determine its 3D coordinates in the following format: {""answer"": [X, Y, Z]}
Do not add any additional text to your answer, provide your answer always in the following format: {""answer"": [X, Y, Z]}. 

Understanding the Coordinate System X, Y, Z:
• X (Depth): Represents the depth relative to the camera. Smaller values indicate objects that are farther away.
• Y (Horizontal Position): Represents the left-to-right position. A value of zero means the object is centered in the scene, negative values place the object to the left, and positive values to the right.
• Z (Vertical Position): Represents the height of the object's center point. Larger values correspond to higher vertical positions.

Here is the JSON containing details about all objects in the scene in the image:

{""camera_location"": [9.915478112284436, 0, 5.34366512298584], ""objects"": [{""name"": ""Object_0"", ""shape"": ""cube"", ""size"": 0.7, ""material"": ""metal"", ""3d_coords"": [-0.3138281182390357, 1.2834595713777883, 0.699999988079071], ""rotation"": 355.5685119628906}, {""name"": ""Object_1"", ""shape"": ""cube"", ""size"": 0.351, ""material"": ""rubber"", ""3d_coords"": [0.6886742543302362, -0.2100943277630098, 0.3499999940395355], ""rotation"": 237.75816345214844}, {""name"": ""Object_2"", ""shape"": ""cylinder"", ""size"": 0.351, ""material"": ""rubber"", ""3d_coords"": [-2.149486114392069, -2.0681906909790935, 0.3499999940395355], ""rotation"": 110.10399627685547}, {""name"": ""Object_3"", ""shape"": ""cube"", ""size"": 0.351, ""material"": ""metal"", ""3d_coords"": [-0.9816327550439095, 2.681147747157805, 0.3499999940395355], ""rotation"": 310.6956787109375}, {""name"": ""Object_4"", ""shape"": ""cone"", ""size"": 0.351, ""material"": ""metal"", ""3d_coords"": [-1.4884386999467862, -0.7197050657087278, 0.3499999940395355], ""rotation"": 117.64804077148438}, {""name"": ""Object_5"", ""shape"": ""cylinder"", ""size"": 0.351, ""material"": ""rubber"", ""3d_coords"": [1.9809472928552982, -1.650176778972651, 0.3499999940395355], ""rotation"": 116.19461059570312}, {""name"": ""Object_6"", ""shape"": ""sphere"", ""size"": 0.7, ""material"": ""metal"", ""3d_coords"": [-3.8626438600906785, 0.41156666884776194, 0.699999988079071], ""rotation"": 211.38162231445312}, {""name"": ""Object_7"", ""shape"": ""cylinder"", ""size"": 0.351, ""material"": ""metal"", ""3d_coords"": [1.1232574248978895, 1.7630407664894352, 0.3499999940395355], ""rotation"": 159.710693359375}, {""name"": ""Object_8"", ""shape"": ""sphere"", ""size"": 0.351, ""material"": ""rubber"", ""3d_coords"": [2.9322520483173107, -1.1690032638668204, 0.3499999940395355], ""rotation"": 92.90811157226562}, {""name"": ""Object_9"", ""shape"": ""cube"", ""size"": 0.351, ""material"": ""rubber"", ""3d_coords"": [0.08824379063242094, 3.8244467284438364, 0.3499999940395355], ""rotation"": 258.7905578613281}]}

Which are the 3D coordinates of the blue colored object?  ASSISTANT:
assistant
{""answer"": [-0.3138281182390357, 1.2834595713777883, 0.6999","[-0.3138281182390357, 1.2834595713777883, 0.6999","{""answer"": [0.6886742543302362, -0.2100943277630098, 0.3499999940395355]}",10
32,31.461246,56.999916,75.31308,76.139534,71.178925,69.01751,81.279236,66.57511,82.93803,85.04241,78.86265,72.276115,79.18804,84.95288,88.542435,91.39929,96.14683,68.813896,72.26337,76.07331,89.425026,103.482185,101.32275,107.86635,108.76156,111.61399,103.67169,108.14589,109.250206,116.923386,122.46748,126.050995,130.14044,120.66003,103.16598,89.09772,16.41438,Text only tokens,2940,3901,"['user\n USER:  \nThis image shows a minimalist arrangement of 3D geometric shapes made of different materials and colors. The JSON provided contains information about all objects in the scene, including their name, 3D coordinates (represented as [X, Y, Z]), material (metal = shinny, rubber = matte), and other attributes. \nYour job is to identify the cube in the image, match its attributes to identify which of the objects mentioned in the JSON corresponds to that object, and determine its size in the following format: {""answer"": ""SIZE""}\nDo not add any additional text to your answer, provide your answer always in the following format: {""answer"": ""SIZE""}. \n\nUnderstanding the Coordinate System X, Y, Z:\n• X (Depth): Represents the depth relative to the camera. Smaller values indicate objects that are farther away.\n• Y (Horizontal Position): Represents the left-to-right position. A value of zero means the object is centered in the scene, negative values place the object to the left, and positive values to the right.\n• Z (Vertical Position): Represents the height of the object\'s center point. Larger values correspond to higher vertical positions.\n\nHere is the JSON containing details about all objects in the scene in the image:\n\n{""camera_location"": [9.915478112284436, 0, 5.34366512298584], ""objects"": [{""name"": ""Object_0"", ""size"": 0.701, ""material"": ""rubber"", ""3d_coords"": [0.8608939706758446, 2.0427089116421975, 0.699999988079071], ""rotation"": 94.02257537841797, ""color"": ""yellow""}, {""name"": ""Object_1"", ""size"": 0.351, ""material"": ""rubber"", ""3d_coords"": [-0.9901550436971807, -3.3185994739840727, 0.3499999940395355], ""rotation"": 35.750831604003906, ""color"": ""green""}, {""name"": ""Object_2"", ""size"": 0.351, ""material"": ""metal"", ""3d_coords"": [-1.7596166562340632, 0.8732549449433284, 0.3499999940395355], ""rotation"": 22.297504425048828, ""color"": ""cyan""}, {""name"": ""Object_3"", ""size"": 0.7, ""material"": ""metal"", ""3d_coords"": [2.5612906793645402, 0.44714185420046526, 0.699999988079071], ""rotation"": 122.95208740234375, ""color"": ""blue""}, {""name"": ""Object_4"", ""size"": 0.7, ""material"": ""rubber"", ""3d_coords"": [1.8490757103090036, -2.2238161318117298, 0.699999988079071], ""rotation"": 193.9268798828125, ""color"": ""gray""}, {""name"": ""Object_5"", ""size"": 0.7, ""material"": ""metal"", ""3d_coords"": [-2.674383544794651, -0.47466384298827635, 0.699999988079071], ""rotation"": 163.64739990234375, ""color"": ""brown""}, {""name"": ""Object_6"", ""size"": 0.7, ""material"": ""rubber"", ""3d_coords"": [0.10596972153549533, 3.853250527185315, 0.699999988079071], ""rotation"": 154.0433349609375, ""color"": ""purple""}]}\n\nWhat is the size value of the cube?  ASSISTANT:\nassistant\n{""answer"": 0.351}']",0.351,"{""answer"": 0.351}",7,"user
 USER:  
This image shows a minimalist arrangement of 3D geometric shapes made of different materials and colors. The JSON provided contains information about all objects in the scene, including their name, 3D coordinates (represented as [X, Y, Z]), material (metal = shinny, rubber = matte), and other attributes. 
Your job is to identify the cube in the image, match its attributes to identify which of the objects mentioned in the JSON corresponds to that object, and determine its size in the following format: {""answer"": ""SIZE""}
Do not add any additional text to your answer, provide your answer always in the following format: {""answer"": ""SIZE""}. 

Understanding the Coordinate System X, Y, Z:
• X (Depth): Represents the depth relative to the camera. Smaller values indicate objects that are farther away.
• Y (Horizontal Position): Represents the left-to-right position. A value of zero means the object is centered in the scene, negative values place the object to the left, and positive values to the right.
• Z (Vertical Position): Represents the height of the object's center point. Larger values correspond to higher vertical positions.

Here is the JSON containing details about all objects in the scene in the image:

{""camera_location"": [9.915478112284436, 0, 5.34366512298584], ""objects"": [{""name"": ""Object_0"", ""size"": 0.701, ""material"": ""rubber"", ""3d_coords"": [0.8608939706758446, 2.0427089116421975, 0.699999988079071], ""rotation"": 94.02257537841797, ""color"": ""yellow""}, {""name"": ""Object_1"", ""size"": 0.351, ""material"": ""rubber"", ""3d_coords"": [-0.9901550436971807, -3.3185994739840727, 0.3499999940395355], ""rotation"": 35.750831604003906, ""color"": ""green""}, {""name"": ""Object_2"", ""size"": 0.351, ""material"": ""metal"", ""3d_coords"": [-1.7596166562340632, 0.8732549449433284, 0.3499999940395355], ""rotation"": 22.297504425048828, ""color"": ""cyan""}, {""name"": ""Object_3"", ""size"": 0.7, ""material"": ""metal"", ""3d_coords"": [2.5612906793645402, 0.44714185420046526, 0.699999988079071], ""rotation"": 122.95208740234375, ""color"": ""blue""}, {""name"": ""Object_4"", ""size"": 0.7, ""material"": ""rubber"", ""3d_coords"": [1.8490757103090036, -2.2238161318117298, 0.699999988079071], ""rotation"": 193.9268798828125, ""color"": ""gray""}, {""name"": ""Object_5"", ""size"": 0.7, ""material"": ""metal"", ""3d_coords"": [-2.674383544794651, -0.47466384298827635, 0.699999988079071], ""rotation"": 163.64739990234375, ""color"": ""brown""}, {""name"": ""Object_6"", ""size"": 0.7, ""material"": ""rubber"", ""3d_coords"": [0.10596972153549533, 3.853250527185315, 0.699999988079071], ""rotation"": 154.0433349609375, ""color"": ""purple""}]}

What is the size value of the cube?  ASSISTANT:
assistant
{""answer"": ""0.7""}",0.7,"{""answer"": 0.351}",7
33,33.940514,61.30482,81.53368,83.424225,79.29704,77.59932,90.03319,64.6493,81.985214,86.57874,81.665115,74.924835,82.444046,87.36962,91.91743,94.56557,100.53295,72.181366,76.42314,81.46307,95.1756,110.39404,111.34194,118.716095,119.08671,123.67811,118.443375,123.509964,124.01756,132.06322,137.67899,140.80423,144.46313,135.24847,118.404526,105.30835,29.097635,Text only tokens,2817,3737,"['user\n USER:  \nThis image shows a minimalist arrangement of 3D geometric shapes made of different materials and colors. The JSON provided contains information about all objects in the scene, including their name, 3D coordinates (represented as [X, Y, Z]), material (metal = shinny, rubber = matte), and other attributes. \nYour job is to analyze this information, find the object at coordinates [0.6469775686557244, 3.0000944307161808, 0.699999988079071], use its attributes to identify which object in the image corresponds to that object, and retrieve its color in the following format: {""answer"": ""COLOR""}\nSelect your answer from the following options: gray, red, blue, green, brown, purple, cyan, or yellow. Do not add any additional text to your answer, provide your answer always in the following format: {""answer"": ""COLOR""}. \n\nUnderstanding the Coordinate System X, Y, Z:\n• X (Depth): Represents the depth relative to the camera. Smaller values indicate objects that are farther away.\n• Y (Horizontal Position): Represents the left-to-right position. A value of zero means the object is centered in the scene, negative values place the object to the left, and positive values to the right.\n• Z (Vertical Position): Represents the height of the object\'s center point. Larger values correspond to higher vertical positions.\n\nHere is the JSON containing details about all objects in the scene in the image:\n\n{""camera_location"": [9.915478112284436, 0, 5.34366512298584], ""objects"": [{""name"": ""Object_0"", ""shape"": ""sphere"", ""size"": 0.351, ""material"": ""metal"", ""3d_coords"": [2.9864377992372786, -0.508271320314601, 0.3499999940395355], ""rotation"": 225.76451110839844}, {""name"": ""Object_1"", ""shape"": ""cube"", ""size"": 0.701, ""material"": ""rubber"", ""3d_coords"": [2.1917377989931164, 0.9746332083731362, 0.699999988079071], ""rotation"": 282.093017578125}, {""name"": ""Object_2"", ""shape"": ""cube"", ""size"": 0.7, ""material"": ""metal"", ""3d_coords"": [0.6469775686557244, 3.0000944307161808, 0.699999988079071], ""rotation"": 46.243621826171875}, {""name"": ""Object_3"", ""shape"": ""cylinder"", ""size"": 0.351, ""material"": ""metal"", ""3d_coords"": [-0.54567519604159, -2.2932358205539414, 0.3499999940395355], ""rotation"": 51.136600494384766}, {""name"": ""Object_4"", ""shape"": ""cylinder"", ""size"": 0.7, ""material"": ""metal"", ""3d_coords"": [-0.07591227120983546, -3.76085724684169, 0.699999988079071], ""rotation"": 8.361414909362793}]}\n\nWhat is the color of the object at the coordinates [0.6469775686557244, 3.0000944307161808, 0.699999988079071]?  ASSISTANT:\nassistant\n{""answer"": ""cyan""}']",cyan,"{""answer"": ""cyan""}",5,"user
 USER:  
This image shows a minimalist arrangement of 3D geometric shapes made of different materials and colors. The JSON provided contains information about all objects in the scene, including their name, 3D coordinates (represented as [X, Y, Z]), material (metal = shinny, rubber = matte), and other attributes. 
Your job is to analyze this information, find the object at coordinates [0.6469775686557244, 3.0000944307161808, 0.699999988079071], use its attributes to identify which object in the image corresponds to that object, and retrieve its color in the following format: {""answer"": ""COLOR""}
Select your answer from the following options: gray, red, blue, green, brown, purple, cyan, or yellow. Do not add any additional text to your answer, provide your answer always in the following format: {""answer"": ""COLOR""}. 

Understanding the Coordinate System X, Y, Z:
• X (Depth): Represents the depth relative to the camera. Smaller values indicate objects that are farther away.
• Y (Horizontal Position): Represents the left-to-right position. A value of zero means the object is centered in the scene, negative values place the object to the left, and positive values to the right.
• Z (Vertical Position): Represents the height of the object's center point. Larger values correspond to higher vertical positions.

Here is the JSON containing details about all objects in the scene in the image:

{""camera_location"": [9.915478112284436, 0, 5.34366512298584], ""objects"": [{""name"": ""Object_0"", ""shape"": ""sphere"", ""size"": 0.351, ""material"": ""metal"", ""3d_coords"": [2.9864377992372786, -0.508271320314601, 0.3499999940395355], ""rotation"": 225.76451110839844}, {""name"": ""Object_1"", ""shape"": ""cube"", ""size"": 0.701, ""material"": ""rubber"", ""3d_coords"": [2.1917377989931164, 0.9746332083731362, 0.699999988079071], ""rotation"": 282.093017578125}, {""name"": ""Object_2"", ""shape"": ""cube"", ""size"": 0.7, ""material"": ""metal"", ""3d_coords"": [0.6469775686557244, 3.0000944307161808, 0.699999988079071], ""rotation"": 46.243621826171875}, {""name"": ""Object_3"", ""shape"": ""cylinder"", ""size"": 0.351, ""material"": ""metal"", ""3d_coords"": [-0.54567519604159, -2.2932358205539414, 0.3499999940395355], ""rotation"": 51.136600494384766}, {""name"": ""Object_4"", ""shape"": ""cylinder"", ""size"": 0.7, ""material"": ""metal"", ""3d_coords"": [-0.07591227120983546, -3.76085724684169, 0.699999988079071], ""rotation"": 8.361414909362793}]}

What is the color of the object at the coordinates [0.6469775686557244, 3.0000944307161808, 0.699999988079071]?  ASSISTANT:
assistant
{""answer"": ""blue""}",blue,"{""answer"": ""cyan""}",5
34,39.28432,68.4521,88.222565,90.652306,85.32654,83.92748,96.51752,44.369328,58.410954,64.34271,61.21281,56.850166,63.26418,67.29689,70.94718,73.84696,77.57664,74.43016,77.301956,80.795944,93.201935,107.14401,107.603836,114.21487,113.76042,116.571396,111.279785,116.16732,117.24922,123.74223,126.274254,126.33972,128.50888,120.427635,104.428665,93.60764,20.806932,Text only tokens,2166,2893,"['user\n USER:  \nThis image shows a minimalist arrangement of 3D geometric shapes made of different materials and colors. The JSON provided contains information about all objects in the scene, including their name, 3D coordinates (represented as [X, Y, Z]), material (metal = shinny, rubber = matte), and other attributes. \nYour job is to identify the cube in the image, match its attributes to identify which of the objects mentioned in the JSON corresponds to that object, and determine its 3D coordinates in the following format: {""answer"": [X, Y, Z]}\nDo not add any additional text to your answer, provide your answer always in the following format: {""answer"": [X, Y, Z]}. \n\nUnderstanding the Coordinate System X, Y, Z:\n• X (Depth): Represents the depth relative to the camera. Smaller values indicate objects that are farther away.\n• Y (Horizontal Position): Represents the left-to-right position. A value of zero means the object is centered in the scene, negative values place the object to the left, and positive values to the right.\n• Z (Vertical Position): Represents the height of the object\'s center point. Larger values correspond to higher vertical positions.\n\nHere is the JSON containing details about all objects in the scene in the image:\n\n{""camera_location"": [9.915478112284436, 0, 5.34366512298584], ""objects"": [{""name"": ""Object_0"", ""size"": 0.7, ""material"": ""metal"", ""3d_coords"": [-2.131694677187083, -0.22209897524249356, 0.699999988079071], ""rotation"": 27.3023624420166, ""color"": ""red""}, {""name"": ""Object_1"", ""size"": 0.7, ""material"": ""rubber"", ""3d_coords"": [-0.8761827479740485, 1.9276798434515188, 0.699999988079071], ""rotation"": 228.38063049316406, ""color"": ""gray""}, {""name"": ""Object_2"", ""size"": 0.351, ""material"": ""rubber"", ""3d_coords"": [1.7662885733082176, -1.0728616708124625, 0.3499999940395355], ""rotation"": 58.78257369995117, ""color"": ""cyan""}, {""name"": ""Object_3"", ""size"": 0.351, ""material"": ""metal"", ""3d_coords"": [0.6127522422015534, -3.3339822175493667, 0.3499999940395355], ""rotation"": 142.21693420410156, ""color"": ""green""}]}\n\nWhich are the 3D coordinates of the cube?  ASSISTANT:\nassistant\n{""answer"": [1.7662885733082176, -1.0728616708124625, 0.3499']","[1.7662885733082176, -1.0728616708124625, 0.3499","{""answer"": [-0.8761827479740485, 1.9276798434515188, 0.699999988079071]}",4,"user
 USER:  
This image shows a minimalist arrangement of 3D geometric shapes made of different materials and colors. The JSON provided contains information about all objects in the scene, including their name, 3D coordinates (represented as [X, Y, Z]), material (metal = shinny, rubber = matte), and other attributes. 
Your job is to identify the cube in the image, match its attributes to identify which of the objects mentioned in the JSON corresponds to that object, and determine its 3D coordinates in the following format: {""answer"": [X, Y, Z]}
Do not add any additional text to your answer, provide your answer always in the following format: {""answer"": [X, Y, Z]}. 

Understanding the Coordinate System X, Y, Z:
• X (Depth): Represents the depth relative to the camera. Smaller values indicate objects that are farther away.
• Y (Horizontal Position): Represents the left-to-right position. A value of zero means the object is centered in the scene, negative values place the object to the left, and positive values to the right.
• Z (Vertical Position): Represents the height of the object's center point. Larger values correspond to higher vertical positions.

Here is the JSON containing details about all objects in the scene in the image:

{""camera_location"": [9.915478112284436, 0, 5.34366512298584], ""objects"": [{""name"": ""Object_0"", ""size"": 0.7, ""material"": ""metal"", ""3d_coords"": [-2.131694677187083, -0.22209897524249356, 0.699999988079071], ""rotation"": 27.3023624420166, ""color"": ""red""}, {""name"": ""Object_1"", ""size"": 0.7, ""material"": ""rubber"", ""3d_coords"": [-0.8761827479740485, 1.9276798434515188, 0.699999988079071], ""rotation"": 228.38063049316406, ""color"": ""gray""}, {""name"": ""Object_2"", ""size"": 0.351, ""material"": ""rubber"", ""3d_coords"": [1.7662885733082176, -1.0728616708124625, 0.3499999940395355], ""rotation"": 58.78257369995117, ""color"": ""cyan""}, {""name"": ""Object_3"", ""size"": 0.351, ""material"": ""metal"", ""3d_coords"": [0.6127522422015534, -3.3339822175493667, 0.3499999940395355], ""rotation"": 142.21693420410156, ""color"": ""green""}]}

Which are the 3D coordinates of the cube?  ASSISTANT:
assistant
{""answer"": [-2.131694677187083, -0.22209897524249356, 0.6999","[-2.131694677187083, -0.22209897524249356, 0.6999","{""answer"": [-0.8761827479740485, 1.9276798434515188, 0.699999988079071]}",4
35,40.76833,70.92415,91.745285,94.97699,90.063805,88.743965,101.827286,50.198845,65.26306,71.98442,67.98583,63.203636,69.746704,74.1602,77.93466,80.68533,84.47859,81.71276,84.359634,88.04147,99.83707,113.73791,113.33041,119.044075,116.69526,119.75472,114.22205,118.69849,120.205605,126.438675,129.75194,130.8862,133.65276,125.5151,109.47413,99.66868,24.099201,Text only tokens,355,501,"['user\n USER:  \nThis image shows a minimalist arrangement of 3D geometric shapes made of different materials and colors. The JSON provided contains information about all objects in the scene, including their name, 3D coordinates (represented as [X, Y, Z]), material (metal = shinny, rubber = matte), and other attributes. \nYour job is to analyze this information, find the object with a size of 0.701, use its attributes to identify which object in the image corresponds to that object, and retrieve its color in the following format: {""answer"": ""COLOR""}\nSelect your answer from the following options: gray, red, blue, green, brown, purple, cyan, or yellow. Do not add any additional text to your answer, provide your answer always in the following format: {""answer"": ""COLOR""}. \n\nUnderstanding the Coordinate System X, Y, Z:\n• X (Depth): Represents the depth relative to the camera. Smaller values indicate objects that are farther away.\n• Y (Horizontal Position): Represents the left-to-right position. A value of zero means the object is centered in the scene, negative values place the object to the left, and positive values to the right.\n• Z (Vertical Position): Represents the height of the object\'s center point. Larger values correspond to higher vertical positions.\n\nHere is the JSON containing details about all objects in the scene in the image:\n\n{""camera_location"": [9.915478112284436, 0, 5.34366512298584], ""objects"": [{""name"": ""Object_0"", ""shape"": ""cube"", ""size"": 0.701, ""material"": ""metal"", ""3d_coords"": [3.35164778681164, 0.7038406071180323, 0.699999988079071], ""rotation"": 55.94513702392578}, {""name"": ""Object_1"", ""shape"": ""cube"", ""size"": 0.351, ""material"": ""rubber"", ""3d_coords"": [-0.10143494557505583, -1.5074461373753052, 0.3499999940395355], ""rotation"": 74.72120666503906}, {""name"": ""Object_2"", ""shape"": ""cube"", ""size"": 0.351, ""material"": ""rubber"", ""3d_coords"": [-0.5991660463573638, 3.093075744628287, 0.3499999940395355], ""rotation"": 260.12261962890625}, {""name"": ""Object_3"", ""shape"": ""cylinder"", ""size"": 0.7, ""material"": ""rubber"", ""3d_coords"": [-1.291800448418818, 1.1705420815636267, 0.699999988079071], ""rotation"": 321.3998718261719}]}\n\nWhat is the color of the object with a size of 0.701?  ASSISTANT:\nassistant\n{""answer"": ""purple""}']",purple,"{""answer"": ""purple""}",4,"user
 USER:  
This image shows a minimalist arrangement of 3D geometric shapes made of different materials and colors. The JSON provided contains information about all objects in the scene, including their name, 3D coordinates (represented as [X, Y, Z]), material (metal = shinny, rubber = matte), and other attributes. 
Your job is to analyze this information, find the object with a size of 0.701, use its attributes to identify which object in the image corresponds to that object, and retrieve its color in the following format: {""answer"": ""COLOR""}
Select your answer from the following options: gray, red, blue, green, brown, purple, cyan, or yellow. Do not add any additional text to your answer, provide your answer always in the following format: {""answer"": ""COLOR""}. 

Understanding the Coordinate System X, Y, Z:
• X (Depth): Represents the depth relative to the camera. Smaller values indicate objects that are farther away.
• Y (Horizontal Position): Represents the left-to-right position. A value of zero means the object is centered in the scene, negative values place the object to the left, and positive values to the right.
• Z (Vertical Position): Represents the height of the object's center point. Larger values correspond to higher vertical positions.

Here is the JSON containing details about all objects in the scene in the image:

{""camera_location"": [9.915478112284436, 0, 5.34366512298584], ""objects"": [{""name"": ""Object_0"", ""shape"": ""cube"", ""size"": 0.701, ""material"": ""metal"", ""3d_coords"": [3.35164778681164, 0.7038406071180323, 0.699999988079071], ""rotation"": 55.94513702392578}, {""name"": ""Object_1"", ""shape"": ""cube"", ""size"": 0.351, ""material"": ""rubber"", ""3d_coords"": [-0.10143494557505583, -1.5074461373753052, 0.3499999940395355], ""rotation"": 74.72120666503906}, {""name"": ""Object_2"", ""shape"": ""cube"", ""size"": 0.351, ""material"": ""rubber"", ""3d_coords"": [-0.5991660463573638, 3.093075744628287, 0.3499999940395355], ""rotation"": 260.12261962890625}, {""name"": ""Object_3"", ""shape"": ""cylinder"", ""size"": 0.7, ""material"": ""rubber"", ""3d_coords"": [-1.291800448418818, 1.1705420815636267, 0.699999988079071], ""rotation"": 321.3998718261719}]}

What is the color of the object with a size of 0.701?  ASSISTANT:
assistant
{""answer"": ""red""}",red,"{""answer"": ""purple""}",4
36,29.394348,53.7201,71.82858,72.7116,67.67468,65.29556,77.569695,82.3699,98.642876,98.797226,90.319046,82.62308,89.12372,95.68909,98.62971,101.132034,106.91246,85.32886,87.64326,89.967186,101.899124,115.71383,108.47536,114.16412,113.58393,116.49704,106.55468,110.73759,111.80254,119.79676,126.470764,132.01907,138.20526,127.963135,109.13826,92.71616,15.087329,Text only tokens,3763,4988,"['user\n USER:  \nThis image shows a minimalist arrangement of 3D geometric shapes made of different materials and colors. The JSON provided contains information about all objects in the scene, including their name, 3D coordinates (represented as [X, Y, Z]), material (metal = shinny, rubber = matte), and other attributes. \nYour job is to analyze this information, find the object named \'Object_4\', use its attributes to identify which object in the image corresponds to that object, and retrieve its color in the following format: {""answer"": ""COLOR""}\nSelect your answer from the following options: gray, red, blue, green, brown, purple, cyan, or yellow. Do not add any additional text to your answer, provide your answer always in the following format: {""answer"": ""COLOR""}. \n\nUnderstanding the Coordinate System X, Y, Z:\n• X (Depth): Represents the depth relative to the camera. Smaller values indicate objects that are farther away.\n• Y (Horizontal Position): Represents the left-to-right position. A value of zero means the object is centered in the scene, negative values place the object to the left, and positive values to the right.\n• Z (Vertical Position): Represents the height of the object\'s center point. Larger values correspond to higher vertical positions.\n\nHere is the JSON containing details about all objects in the scene in the image:\n\n{""camera_location"": [9.915478112284436, 0, 5.34366512298584], ""objects"": [{""name"": ""Object_0"", ""shape"": ""cone"", ""size"": 0.351, ""material"": ""rubber"", ""3d_coords"": [0.46484034094585647, 2.083423755575094, 0.3499999940395355], ""rotation"": 315.49658203125}, {""name"": ""Object_1"", ""shape"": ""sphere"", ""size"": 0.7, ""material"": ""rubber"", ""3d_coords"": [-2.711839621566087, 0.2866005843362365, 0.699999988079071], ""rotation"": 58.76243591308594}, {""name"": ""Object_2"", ""shape"": ""cylinder"", ""size"": 0.351, ""material"": ""rubber"", ""3d_coords"": [-0.309677523040193, -1.854774260307945, 0.3499999940395355], ""rotation"": 116.93511962890625}, {""name"": ""Object_3"", ""shape"": ""cube"", ""size"": 0.7, ""material"": ""rubber"", ""3d_coords"": [2.6733629443496456, 0.8134564474804973, 0.699999988079071], ""rotation"": 184.6195831298828}, {""name"": ""Object_4"", ""shape"": ""cylinder"", ""size"": 0.701, ""material"": ""metal"", ""3d_coords"": [-1.2203400769844812, 2.6530951723396834, 0.699999988079071], ""rotation"": 253.9947052001953}, {""name"": ""Object_5"", ""shape"": ""sphere"", ""size"": 0.7, ""material"": ""metal"", ""3d_coords"": [1.610043040858324, -2.389451942257979, 0.699999988079071], ""rotation"": 335.37835693359375}, {""name"": ""Object_6"", ""shape"": ""cylinder"", ""size"": 0.7, ""material"": ""metal"", ""3d_coords"": [3.1409926315007177, -1.1071335254949883, 0.699999988079071], ""rotation"": 146.85739135742188}, {""name"": ""Object_7"", ""shape"": ""cube"", ""size"": 0.7, ""material"": ""metal"", ""3d_coords"": [1.1452443708675122, -0.27262920788340506, 0.699999988079071], ""rotation"": 265.3296203613281}, {""name"": ""Object_8"", ""shape"": ""cylinder"", ""size"": 0.351, ""material"": ""metal"", ""3d_coords"": [-1.6625752303313914, -0.6826348438314609, 0.3499999940395355], ""rotation"": 342.11083984375}, {""name"": ""Object_9"", ""shape"": ""sphere"", ""size"": 0.7, ""material"": ""rubber"", ""3d_coords"": [-0.7800068116773411, -3.633591768151023, 0.699999988079071], ""rotation"": 223.64723205566406}]}\n\nWhat is the color of the object named \'Object_4\'?  ASSISTANT:\nassistant\n{""answer"": ""yellow""}']",yellow,"{""answer"": ""gray""}",10,"user
 USER:  
This image shows a minimalist arrangement of 3D geometric shapes made of different materials and colors. The JSON provided contains information about all objects in the scene, including their name, 3D coordinates (represented as [X, Y, Z]), material (metal = shinny, rubber = matte), and other attributes. 
Your job is to analyze this information, find the object named 'Object_4', use its attributes to identify which object in the image corresponds to that object, and retrieve its color in the following format: {""answer"": ""COLOR""}
Select your answer from the following options: gray, red, blue, green, brown, purple, cyan, or yellow. Do not add any additional text to your answer, provide your answer always in the following format: {""answer"": ""COLOR""}. 

Understanding the Coordinate System X, Y, Z:
• X (Depth): Represents the depth relative to the camera. Smaller values indicate objects that are farther away.
• Y (Horizontal Position): Represents the left-to-right position. A value of zero means the object is centered in the scene, negative values place the object to the left, and positive values to the right.
• Z (Vertical Position): Represents the height of the object's center point. Larger values correspond to higher vertical positions.

Here is the JSON containing details about all objects in the scene in the image:

{""camera_location"": [9.915478112284436, 0, 5.34366512298584], ""objects"": [{""name"": ""Object_0"", ""shape"": ""cone"", ""size"": 0.351, ""material"": ""rubber"", ""3d_coords"": [0.46484034094585647, 2.083423755575094, 0.3499999940395355], ""rotation"": 315.49658203125}, {""name"": ""Object_1"", ""shape"": ""sphere"", ""size"": 0.7, ""material"": ""rubber"", ""3d_coords"": [-2.711839621566087, 0.2866005843362365, 0.699999988079071], ""rotation"": 58.76243591308594}, {""name"": ""Object_2"", ""shape"": ""cylinder"", ""size"": 0.351, ""material"": ""rubber"", ""3d_coords"": [-0.309677523040193, -1.854774260307945, 0.3499999940395355], ""rotation"": 116.93511962890625}, {""name"": ""Object_3"", ""shape"": ""cube"", ""size"": 0.7, ""material"": ""rubber"", ""3d_coords"": [2.6733629443496456, 0.8134564474804973, 0.699999988079071], ""rotation"": 184.6195831298828}, {""name"": ""Object_4"", ""shape"": ""cylinder"", ""size"": 0.701, ""material"": ""metal"", ""3d_coords"": [-1.2203400769844812, 2.6530951723396834, 0.699999988079071], ""rotation"": 253.9947052001953}, {""name"": ""Object_5"", ""shape"": ""sphere"", ""size"": 0.7, ""material"": ""metal"", ""3d_coords"": [1.610043040858324, -2.389451942257979, 0.699999988079071], ""rotation"": 335.37835693359375}, {""name"": ""Object_6"", ""shape"": ""cylinder"", ""size"": 0.7, ""material"": ""metal"", ""3d_coords"": [3.1409926315007177, -1.1071335254949883, 0.699999988079071], ""rotation"": 146.85739135742188}, {""name"": ""Object_7"", ""shape"": ""cube"", ""size"": 0.7, ""material"": ""metal"", ""3d_coords"": [1.1452443708675122, -0.27262920788340506, 0.699999988079071], ""rotation"": 265.3296203613281}, {""name"": ""Object_8"", ""shape"": ""cylinder"", ""size"": 0.351, ""material"": ""metal"", ""3d_coords"": [-1.6625752303313914, -0.6826348438314609, 0.3499999940395355], ""rotation"": 342.11083984375}, {""name"": ""Object_9"", ""shape"": ""sphere"", ""size"": 0.7, ""material"": ""rubber"", ""3d_coords"": [-0.7800068116773411, -3.633591768151023, 0.699999988079071], ""rotation"": 223.64723205566406}]}

What is the color of the object named 'Object_4'?  ASSISTANT:
assistant
{""answer"": ""gray""}",gray,"{""answer"": ""gray""}",10
37,28.272345,51.376694,68.94271,69.8801,65.239075,62.842987,74.951,79.98067,95.904236,95.73131,87.25388,79.47603,86.12408,92.39064,95.23389,97.91057,103.27486,83.94693,86.33156,88.33474,100.334015,113.38619,106.04856,111.00964,109.95874,112.472595,102.3648,106.31568,107.57029,115.44207,121.635895,127.063255,132.95267,122.88527,105.14825,88.86943,16.3178,Text only tokens,1022,1401,"['user\n USER:  \nThis image shows a minimalist arrangement of 3D geometric shapes made of different materials and colors. The JSON provided contains information about all objects in the scene, including their name, 3D coordinates (represented as [X, Y, Z]), material (metal = shinny, rubber = matte), and other attributes. \nYour job is to identify the yellow colored object in the image, match its attributes to identify which of the objects mentioned in the JSON corresponds to that object, and determine its size in the following format: {""answer"": ""SIZE""}\nDo not add any additional text to your answer, provide your answer always in the following format: {""answer"": ""SIZE""}. \n\nUnderstanding the Coordinate System X, Y, Z:\n• X (Depth): Represents the depth relative to the camera. Smaller values indicate objects that are farther away.\n• Y (Horizontal Position): Represents the left-to-right position. A value of zero means the object is centered in the scene, negative values place the object to the left, and positive values to the right.\n• Z (Vertical Position): Represents the height of the object\'s center point. Larger values correspond to higher vertical positions.\n\nHere is the JSON containing details about all objects in the scene in the image:\n\n{""camera_location"": [9.915478112284436, 0, 5.34366512298584], ""objects"": [{""name"": ""Object_0"", ""shape"": ""cylinder"", ""size"": 0.351, ""material"": ""rubber"", ""3d_coords"": [1.5875971270164562, -2.0748144814017824, 0.3499999940395355], ""rotation"": 350.1144714355469}, {""name"": ""Object_1"", ""shape"": ""cone"", ""size"": 0.7, ""material"": ""metal"", ""3d_coords"": [-0.5003622235086083, -0.6906166261839943, 0.699999988079071], ""rotation"": 245.90460205078125}, {""name"": ""Object_2"", ""shape"": ""cube"", ""size"": 0.351, ""material"": ""metal"", ""3d_coords"": [1.0376477063374476, 1.4350828780878087, 0.3499999940395355], ""rotation"": 127.98993682861328}, {""name"": ""Object_3"", ""shape"": ""cone"", ""size"": 0.7, ""material"": ""metal"", ""3d_coords"": [-1.1535950173878304, -2.4838037071823686, 0.699999988079071], ""rotation"": 114.01488494873047}, {""name"": ""Object_4"", ""shape"": ""cylinder"", ""size"": 0.351, ""material"": ""rubber"", ""3d_coords"": [3.4307354030877635, 0.561606502364866, 0.3499999940395355], ""rotation"": 187.4977569580078}, {""name"": ""Object_5"", ""shape"": ""cylinder"", ""size"": 0.7, ""material"": ""rubber"", ""3d_coords"": [-0.0515892348558622, 3.8395363367590525, 0.699999988079071], ""rotation"": 169.93116760253906}, {""name"": ""Object_6"", ""shape"": ""cone"", ""size"": 0.351, ""material"": ""rubber"", ""3d_coords"": [2.180456987535454, -0.019286643111459112, 0.3499999940395355], ""rotation"": 252.6161346435547}, {""name"": ""Object_7"", ""shape"": ""cube"", ""size"": 0.351, ""material"": ""rubber"", ""3d_coords"": [0.45168607109808656, 2.6291046818664534, 0.3499999940395355], ""rotation"": 281.9902648925781}, {""name"": ""Object_8"", ""shape"": ""sphere"", ""size"": 0.351, ""material"": ""rubber"", ""3d_coords"": [2.8527672306553895, -1.4525014180715619, 0.3499999940395355], ""rotation"": 59.09893798828125}, {""name"": ""Object_9"", ""shape"": ""cylinder"", ""size"": 0.701, ""material"": ""metal"", ""3d_coords"": [-1.9757282114270003, 2.0692379782388683, 0.699999988079071], ""rotation"": 156.546142578125}]}\n\nWhat is the size value of the yellow colored object?  ASSISTANT:\nassistant\n{""answer"": 0.7}']",0.7,"{""answer"": 0.7}",10,"user
 USER:  
This image shows a minimalist arrangement of 3D geometric shapes made of different materials and colors. The JSON provided contains information about all objects in the scene, including their name, 3D coordinates (represented as [X, Y, Z]), material (metal = shinny, rubber = matte), and other attributes. 
Your job is to identify the yellow colored object in the image, match its attributes to identify which of the objects mentioned in the JSON corresponds to that object, and determine its size in the following format: {""answer"": ""SIZE""}
Do not add any additional text to your answer, provide your answer always in the following format: {""answer"": ""SIZE""}. 

Understanding the Coordinate System X, Y, Z:
• X (Depth): Represents the depth relative to the camera. Smaller values indicate objects that are farther away.
• Y (Horizontal Position): Represents the left-to-right position. A value of zero means the object is centered in the scene, negative values place the object to the left, and positive values to the right.
• Z (Vertical Position): Represents the height of the object's center point. Larger values correspond to higher vertical positions.

Here is the JSON containing details about all objects in the scene in the image:

{""camera_location"": [9.915478112284436, 0, 5.34366512298584], ""objects"": [{""name"": ""Object_0"", ""shape"": ""cylinder"", ""size"": 0.351, ""material"": ""rubber"", ""3d_coords"": [1.5875971270164562, -2.0748144814017824, 0.3499999940395355], ""rotation"": 350.1144714355469}, {""name"": ""Object_1"", ""shape"": ""cone"", ""size"": 0.7, ""material"": ""metal"", ""3d_coords"": [-0.5003622235086083, -0.6906166261839943, 0.699999988079071], ""rotation"": 245.90460205078125}, {""name"": ""Object_2"", ""shape"": ""cube"", ""size"": 0.351, ""material"": ""metal"", ""3d_coords"": [1.0376477063374476, 1.4350828780878087, 0.3499999940395355], ""rotation"": 127.98993682861328}, {""name"": ""Object_3"", ""shape"": ""cone"", ""size"": 0.7, ""material"": ""metal"", ""3d_coords"": [-1.1535950173878304, -2.4838037071823686, 0.699999988079071], ""rotation"": 114.01488494873047}, {""name"": ""Object_4"", ""shape"": ""cylinder"", ""size"": 0.351, ""material"": ""rubber"", ""3d_coords"": [3.4307354030877635, 0.561606502364866, 0.3499999940395355], ""rotation"": 187.4977569580078}, {""name"": ""Object_5"", ""shape"": ""cylinder"", ""size"": 0.7, ""material"": ""rubber"", ""3d_coords"": [-0.0515892348558622, 3.8395363367590525, 0.699999988079071], ""rotation"": 169.93116760253906}, {""name"": ""Object_6"", ""shape"": ""cone"", ""size"": 0.351, ""material"": ""rubber"", ""3d_coords"": [2.180456987535454, -0.019286643111459112, 0.3499999940395355], ""rotation"": 252.6161346435547}, {""name"": ""Object_7"", ""shape"": ""cube"", ""size"": 0.351, ""material"": ""rubber"", ""3d_coords"": [0.45168607109808656, 2.6291046818664534, 0.3499999940395355], ""rotation"": 281.9902648925781}, {""name"": ""Object_8"", ""shape"": ""sphere"", ""size"": 0.351, ""material"": ""rubber"", ""3d_coords"": [2.8527672306553895, -1.4525014180715619, 0.3499999940395355], ""rotation"": 59.09893798828125}, {""name"": ""Object_9"", ""shape"": ""cylinder"", ""size"": 0.701, ""material"": ""metal"", ""3d_coords"": [-1.9757282114270003, 2.0692379782388683, 0.699999988079071], ""rotation"": 156.546142578125}]}

What is the size value of the yellow colored object?  ASSISTANT:
assistant
{""answer"": ""0.351""}",0.351,"{""answer"": 0.7}",10
38,33.13597,60.0269,78.673805,80.109215,75.01893,72.85195,84.92303,61.016834,77.12523,81.10683,75.89729,69.95477,76.96152,82.09448,85.35222,87.94749,92.43872,61.971916,65.51422,69.54393,83.51884,97.98482,96.45109,104.844246,106.90324,110.792625,104.05845,108.9411,110.34106,117.75701,122.826805,126.08286,130.2555,121.94816,106.068535,93.945465,18.816513,Text only tokens,3100,4112,"['user\n USER:  \nThis image shows a minimalist arrangement of 3D geometric shapes made of different materials and colors. The JSON provided contains information about all objects in the scene, including their name, 3D coordinates (represented as [X, Y, Z]), material (metal = shinny, rubber = matte), and other attributes. \nYour job is to identify the cyan colored object in the image, match its attributes to identify which of the objects mentioned in the JSON corresponds to that object, and determine its size in the following format: {""answer"": ""SIZE""}\nDo not add any additional text to your answer, provide your answer always in the following format: {""answer"": ""SIZE""}. \n\nUnderstanding the Coordinate System X, Y, Z:\n• X (Depth): Represents the depth relative to the camera. Smaller values indicate objects that are farther away.\n• Y (Horizontal Position): Represents the left-to-right position. A value of zero means the object is centered in the scene, negative values place the object to the left, and positive values to the right.\n• Z (Vertical Position): Represents the height of the object\'s center point. Larger values correspond to higher vertical positions.\n\nHere is the JSON containing details about all objects in the scene in the image:\n\n{""camera_location"": [9.915478112284436, 0, 5.34366512298584], ""objects"": [{""name"": ""Object_0"", ""shape"": ""cylinder"", ""size"": 0.7, ""material"": ""rubber"", ""3d_coords"": [0.9415380444114277, -0.35747080355695293, 0.699999988079071], ""rotation"": 81.65936279296875}, {""name"": ""Object_1"", ""shape"": ""cone"", ""size"": 0.351, ""material"": ""metal"", ""3d_coords"": [-0.9097890914903412, -2.4817475373115165, 0.3499999940395355], ""rotation"": 52.98750305175781}, {""name"": ""Object_2"", ""shape"": ""cube"", ""size"": 0.7, ""material"": ""metal"", ""3d_coords"": [-1.657513190211954, 2.1426429107175333, 0.699999988079071], ""rotation"": 124.86630249023438}, {""name"": ""Object_3"", ""shape"": ""sphere"", ""size"": 0.351, ""material"": ""metal"", ""3d_coords"": [-0.4650004532634814, 1.6021075115280292, 0.3499999940395355], ""rotation"": 327.89031982421875}, {""name"": ""Object_4"", ""shape"": ""cylinder"", ""size"": 0.701, ""material"": ""rubber"", ""3d_coords"": [-2.9427470978568513, 0.3522299226137795, 0.699999988079071], ""rotation"": 317.8857116699219}, {""name"": ""Object_5"", ""shape"": ""cube"", ""size"": 0.351, ""material"": ""metal"", ""3d_coords"": [2.0548341538721058, 0.9529909997114034, 0.3499999940395355], ""rotation"": 13.019908905029297}]}\n\nWhat is the size value of the cyan colored object?  ASSISTANT:\nassistant\n{""answer"": ""0.351""}']",0.351,"{""answer"": 0.351}",6,"user
 USER:  
This image shows a minimalist arrangement of 3D geometric shapes made of different materials and colors. The JSON provided contains information about all objects in the scene, including their name, 3D coordinates (represented as [X, Y, Z]), material (metal = shinny, rubber = matte), and other attributes. 
Your job is to identify the cyan colored object in the image, match its attributes to identify which of the objects mentioned in the JSON corresponds to that object, and determine its size in the following format: {""answer"": ""SIZE""}
Do not add any additional text to your answer, provide your answer always in the following format: {""answer"": ""SIZE""}. 

Understanding the Coordinate System X, Y, Z:
• X (Depth): Represents the depth relative to the camera. Smaller values indicate objects that are farther away.
• Y (Horizontal Position): Represents the left-to-right position. A value of zero means the object is centered in the scene, negative values place the object to the left, and positive values to the right.
• Z (Vertical Position): Represents the height of the object's center point. Larger values correspond to higher vertical positions.

Here is the JSON containing details about all objects in the scene in the image:

{""camera_location"": [9.915478112284436, 0, 5.34366512298584], ""objects"": [{""name"": ""Object_0"", ""shape"": ""cylinder"", ""size"": 0.7, ""material"": ""rubber"", ""3d_coords"": [0.9415380444114277, -0.35747080355695293, 0.699999988079071], ""rotation"": 81.65936279296875}, {""name"": ""Object_1"", ""shape"": ""cone"", ""size"": 0.351, ""material"": ""metal"", ""3d_coords"": [-0.9097890914903412, -2.4817475373115165, 0.3499999940395355], ""rotation"": 52.98750305175781}, {""name"": ""Object_2"", ""shape"": ""cube"", ""size"": 0.7, ""material"": ""metal"", ""3d_coords"": [-1.657513190211954, 2.1426429107175333, 0.699999988079071], ""rotation"": 124.86630249023438}, {""name"": ""Object_3"", ""shape"": ""sphere"", ""size"": 0.351, ""material"": ""metal"", ""3d_coords"": [-0.4650004532634814, 1.6021075115280292, 0.3499999940395355], ""rotation"": 327.89031982421875}, {""name"": ""Object_4"", ""shape"": ""cylinder"", ""size"": 0.701, ""material"": ""rubber"", ""3d_coords"": [-2.9427470978568513, 0.3522299226137795, 0.699999988079071], ""rotation"": 317.8857116699219}, {""name"": ""Object_5"", ""shape"": ""cube"", ""size"": 0.351, ""material"": ""metal"", ""3d_coords"": [2.0548341538721058, 0.9529909997114034, 0.3499999940395355], ""rotation"": 13.019908905029297}]}

What is the size value of the cyan colored object?  ASSISTANT:
assistant
{""answer"": 0.7}",0.7,"{""answer"": 0.351}",6
39,30.289486,55.234856,73.71172,75.04541,70.23427,68.01758,80.306564,80.24474,96.66089,97.88484,89.846504,82.02652,88.8272,95.35908,98.901535,101.06527,106.78611,82.61176,85.21789,87.281296,100.15567,113.97429,107.10835,113.052124,112.83864,115.82268,106.380295,110.709236,111.83913,119.59215,126.02523,131.36339,137.2475,127.849205,109.97835,95.021835,16.342594,Text only tokens,645,894,"['user\n USER:  \nThis image shows a minimalist arrangement of 3D geometric shapes made of different materials and colors. The JSON provided contains information about all objects in the scene, including their name, 3D coordinates (represented as [X, Y, Z]), material (metal = shinny, rubber = matte), and other attributes. \nYour job is to analyze this information, find the object named \'Object_7\', use its attributes to identify which object in the image corresponds to that object, and retrieve its color in the following format: {""answer"": ""COLOR""}\nSelect your answer from the following options: gray, red, blue, green, brown, purple, cyan, or yellow. Do not add any additional text to your answer, provide your answer always in the following format: {""answer"": ""COLOR""}. \n\nUnderstanding the Coordinate System X, Y, Z:\n• X (Depth): Represents the depth relative to the camera. Smaller values indicate objects that are farther away.\n• Y (Horizontal Position): Represents the left-to-right position. A value of zero means the object is centered in the scene, negative values place the object to the left, and positive values to the right.\n• Z (Vertical Position): Represents the height of the object\'s center point. Larger values correspond to higher vertical positions.\n\nHere is the JSON containing details about all objects in the scene in the image:\n\n{""camera_location"": [9.915478112284436, 0, 5.34366512298584], ""objects"": [{""name"": ""Object_0"", ""shape"": ""sphere"", ""size"": 0.351, ""material"": ""metal"", ""3d_coords"": [0.06684000145976632, -3.3477017332445973, 0.3499999940395355], ""rotation"": 174.85931396484375}, {""name"": ""Object_1"", ""shape"": ""cone"", ""size"": 0.701, ""material"": ""rubber"", ""3d_coords"": [-1.0946259232486302, -0.7659727487150643, 0.699999988079071], ""rotation"": 52.344520568847656}, {""name"": ""Object_2"", ""shape"": ""cylinder"", ""size"": 0.351, ""material"": ""rubber"", ""3d_coords"": [1.0793513901121412, -2.5673405656317763, 0.3499999940395355], ""rotation"": 103.62200927734375}, {""name"": ""Object_3"", ""shape"": ""cylinder"", ""size"": 0.351, ""material"": ""rubber"", ""3d_coords"": [0.678286640175445, 3.6379316658639977, 0.3499999940395355], ""rotation"": 354.0093994140625}, {""name"": ""Object_4"", ""shape"": ""cube"", ""size"": 0.7, ""material"": ""metal"", ""3d_coords"": [-3.167876209502915, -0.2501118045468609, 0.699999988079071], ""rotation"": 150.0198211669922}, {""name"": ""Object_5"", ""shape"": ""sphere"", ""size"": 0.351, ""material"": ""rubber"", ""3d_coords"": [1.9432565533440416, -2.1110418655864605, 0.3499999940395355], ""rotation"": 303.41156005859375}, {""name"": ""Object_6"", ""shape"": ""cube"", ""size"": 0.351, ""material"": ""metal"", ""3d_coords"": [-2.338861805347964, 1.5118612648168583, 0.3499999940395355], ""rotation"": 174.140625}, {""name"": ""Object_7"", ""shape"": ""cylinder"", ""size"": 0.7, ""material"": ""rubber"", ""3d_coords"": [2.511847530873951, 0.28729693816841473, 0.699999988079071], ""rotation"": 156.7460174560547}, {""name"": ""Object_8"", ""shape"": ""cube"", ""size"": 0.701, ""material"": ""metal"", ""3d_coords"": [1.4812915036740941, 2.2907316805760143, 0.699999988079071], ""rotation"": 161.34979248046875}]}\n\nWhat is the color of the object named \'Object_7\'?  ASSISTANT:\nassistant\n{""answer"": ""purple""}']",purple,"{""answer"": ""yellow""}",9,"user
 USER:  
This image shows a minimalist arrangement of 3D geometric shapes made of different materials and colors. The JSON provided contains information about all objects in the scene, including their name, 3D coordinates (represented as [X, Y, Z]), material (metal = shinny, rubber = matte), and other attributes. 
Your job is to analyze this information, find the object named 'Object_7', use its attributes to identify which object in the image corresponds to that object, and retrieve its color in the following format: {""answer"": ""COLOR""}
Select your answer from the following options: gray, red, blue, green, brown, purple, cyan, or yellow. Do not add any additional text to your answer, provide your answer always in the following format: {""answer"": ""COLOR""}. 

Understanding the Coordinate System X, Y, Z:
• X (Depth): Represents the depth relative to the camera. Smaller values indicate objects that are farther away.
• Y (Horizontal Position): Represents the left-to-right position. A value of zero means the object is centered in the scene, negative values place the object to the left, and positive values to the right.
• Z (Vertical Position): Represents the height of the object's center point. Larger values correspond to higher vertical positions.

Here is the JSON containing details about all objects in the scene in the image:

{""camera_location"": [9.915478112284436, 0, 5.34366512298584], ""objects"": [{""name"": ""Object_0"", ""shape"": ""sphere"", ""size"": 0.351, ""material"": ""metal"", ""3d_coords"": [0.06684000145976632, -3.3477017332445973, 0.3499999940395355], ""rotation"": 174.85931396484375}, {""name"": ""Object_1"", ""shape"": ""cone"", ""size"": 0.701, ""material"": ""rubber"", ""3d_coords"": [-1.0946259232486302, -0.7659727487150643, 0.699999988079071], ""rotation"": 52.344520568847656}, {""name"": ""Object_2"", ""shape"": ""cylinder"", ""size"": 0.351, ""material"": ""rubber"", ""3d_coords"": [1.0793513901121412, -2.5673405656317763, 0.3499999940395355], ""rotation"": 103.62200927734375}, {""name"": ""Object_3"", ""shape"": ""cylinder"", ""size"": 0.351, ""material"": ""rubber"", ""3d_coords"": [0.678286640175445, 3.6379316658639977, 0.3499999940395355], ""rotation"": 354.0093994140625}, {""name"": ""Object_4"", ""shape"": ""cube"", ""size"": 0.7, ""material"": ""metal"", ""3d_coords"": [-3.167876209502915, -0.2501118045468609, 0.699999988079071], ""rotation"": 150.0198211669922}, {""name"": ""Object_5"", ""shape"": ""sphere"", ""size"": 0.351, ""material"": ""rubber"", ""3d_coords"": [1.9432565533440416, -2.1110418655864605, 0.3499999940395355], ""rotation"": 303.41156005859375}, {""name"": ""Object_6"", ""shape"": ""cube"", ""size"": 0.351, ""material"": ""metal"", ""3d_coords"": [-2.338861805347964, 1.5118612648168583, 0.3499999940395355], ""rotation"": 174.140625}, {""name"": ""Object_7"", ""shape"": ""cylinder"", ""size"": 0.7, ""material"": ""rubber"", ""3d_coords"": [2.511847530873951, 0.28729693816841473, 0.699999988079071], ""rotation"": 156.7460174560547}, {""name"": ""Object_8"", ""shape"": ""cube"", ""size"": 0.701, ""material"": ""metal"", ""3d_coords"": [1.4812915036740941, 2.2907316805760143, 0.699999988079071], ""rotation"": 161.34979248046875}]}

What is the color of the object named 'Object_7'?  ASSISTANT:
assistant
{""answer"": ""red""}",red,"{""answer"": ""yellow""}",9
40,45.10938,75.865456,96.19914,100.0622,95.03561,93.82075,106.97535,36.83002,49.358433,56.599022,54.16541,50.723385,56.599506,60.4731,64.40063,67.23746,70.41961,68.6517,72.402504,77.15958,90.52104,104.43698,106.54533,113.001366,113.56703,117.10674,113.97831,119.33308,120.708534,126.28587,128.50275,128.00049,129.95448,123.20804,108.6996,99.83439,26.463512,Text only tokens,2401,3184,"['user\n USER:  \nThis image shows a minimalist arrangement of 3D geometric shapes made of different materials and colors. The JSON provided contains information about all objects in the scene, including their name, 3D coordinates (represented as [X, Y, Z]), material (metal = shinny, rubber = matte), and other attributes. \nYour job is to analyze this information, find the object named \'Object_0\', use its attributes to identify which object in the image corresponds to that object, and retrieve its shape in the following format: {""answer"": ""SHAPE""}\nSelect your answer from the following options: cylinder, sphere, cone, or cube. Do not add any additional text to your answer, provide your answer always in the following format: {""answer"": ""SHAPE""}. \n\nUnderstanding the Coordinate System X, Y, Z:\n• X (Depth): Represents the depth relative to the camera. Smaller values indicate objects that are farther away.\n• Y (Horizontal Position): Represents the left-to-right position. A value of zero means the object is centered in the scene, negative values place the object to the left, and positive values to the right.\n• Z (Vertical Position): Represents the height of the object\'s center point. Larger values correspond to higher vertical positions.\n\nHere is the JSON containing details about all objects in the scene in the image:\n\n{""camera_location"": [9.915478112284436, 0, 5.34366512298584], ""objects"": [{""name"": ""Object_0"", ""size"": 0.701, ""material"": ""metal"", ""3d_coords"": [0.4337781531687439, -2.6611781942048514, 0.699999988079071], ""rotation"": 356.5661926269531, ""color"": ""blue""}, {""name"": ""Object_1"", ""size"": 0.351, ""material"": ""metal"", ""3d_coords"": [-0.05450640608078694, 2.198914454081084, 0.3499999940395355], ""rotation"": 237.0992431640625, ""color"": ""brown""}, {""name"": ""Object_2"", ""size"": 0.351, ""material"": ""metal"", ""3d_coords"": [-3.1734805579114576, 0.38186470854674437, 0.3499999940395355], ""rotation"": 352.2261962890625, ""color"": ""green""}]}\n\nWhat is the shape of the object named \'Object_0\'?  ASSISTANT:\nassistant\n{""answer"": ""cylinder""}']",cylinder,"{""answer"": ""cylinder""}",3,"user
 USER:  
This image shows a minimalist arrangement of 3D geometric shapes made of different materials and colors. The JSON provided contains information about all objects in the scene, including their name, 3D coordinates (represented as [X, Y, Z]), material (metal = shinny, rubber = matte), and other attributes. 
Your job is to analyze this information, find the object named 'Object_0', use its attributes to identify which object in the image corresponds to that object, and retrieve its shape in the following format: {""answer"": ""SHAPE""}
Select your answer from the following options: cylinder, sphere, cone, or cube. Do not add any additional text to your answer, provide your answer always in the following format: {""answer"": ""SHAPE""}. 

Understanding the Coordinate System X, Y, Z:
• X (Depth): Represents the depth relative to the camera. Smaller values indicate objects that are farther away.
• Y (Horizontal Position): Represents the left-to-right position. A value of zero means the object is centered in the scene, negative values place the object to the left, and positive values to the right.
• Z (Vertical Position): Represents the height of the object's center point. Larger values correspond to higher vertical positions.

Here is the JSON containing details about all objects in the scene in the image:

{""camera_location"": [9.915478112284436, 0, 5.34366512298584], ""objects"": [{""name"": ""Object_0"", ""size"": 0.701, ""material"": ""metal"", ""3d_coords"": [0.4337781531687439, -2.6611781942048514, 0.699999988079071], ""rotation"": 356.5661926269531, ""color"": ""blue""}, {""name"": ""Object_1"", ""size"": 0.351, ""material"": ""metal"", ""3d_coords"": [-0.05450640608078694, 2.198914454081084, 0.3499999940395355], ""rotation"": 237.0992431640625, ""color"": ""brown""}, {""name"": ""Object_2"", ""size"": 0.351, ""material"": ""metal"", ""3d_coords"": [-3.1734805579114576, 0.38186470854674437, 0.3499999940395355], ""rotation"": 352.2261962890625, ""color"": ""green""}]}

What is the shape of the object named 'Object_0'?  ASSISTANT:
assistant
{""answer"": ""cube""}",cube,"{""answer"": ""cylinder""}",3
41,29.076742,53.01118,71.076836,72.00313,67.22178,64.64313,76.99746,82.24584,98.91596,98.22823,89.82693,81.734276,88.21027,94.75022,98.209724,101.11068,107.46671,89.189445,91.31853,93.762794,105.40774,119.17732,111.90864,116.00978,115.34511,117.771286,107.0988,111.66792,111.99149,120.53655,127.05417,132.6825,138.33112,127.23035,107.7439,90.4593,13.069653,Text only tokens,2962,3927,"['user\n USER:  \nThis image shows a minimalist arrangement of 3D geometric shapes made of different materials and colors. The JSON provided contains information about all objects in the scene, including their name, 3D coordinates (represented as [X, Y, Z]), material (metal = shinny, rubber = matte), and other attributes. \nYour job is to analyze this information, find the object named \'Object_3\', use its attributes to identify which object in the image corresponds to that object, and retrieve its shape in the following format: {""answer"": ""SHAPE""}\nSelect your answer from the following options: cylinder, sphere, cone, or cube. Do not add any additional text to your answer, provide your answer always in the following format: {""answer"": ""SHAPE""}. \n\nUnderstanding the Coordinate System X, Y, Z:\n• X (Depth): Represents the depth relative to the camera. Smaller values indicate objects that are farther away.\n• Y (Horizontal Position): Represents the left-to-right position. A value of zero means the object is centered in the scene, negative values place the object to the left, and positive values to the right.\n• Z (Vertical Position): Represents the height of the object\'s center point. Larger values correspond to higher vertical positions.\n\nHere is the JSON containing details about all objects in the scene in the image:\n\n{""camera_location"": [9.915478112284436, 0, 5.34366512298584], ""objects"": [{""name"": ""Object_0"", ""size"": 0.351, ""material"": ""rubber"", ""3d_coords"": [-1.6888785111555271, 0.540339075789151, 0.3499999940395355], ""rotation"": 91.23738861083984, ""color"": ""brown""}, {""name"": ""Object_1"", ""size"": 0.701, ""material"": ""rubber"", ""3d_coords"": [-0.9148265253929692, -2.7838065746464196, 0.699999988079071], ""rotation"": 271.3207092285156, ""color"": ""red""}, {""name"": ""Object_2"", ""size"": 0.7, ""material"": ""rubber"", ""3d_coords"": [1.475628933305564, -0.019488729072218436, 0.699999988079071], ""rotation"": 314.40887451171875, ""color"": ""purple""}, {""name"": ""Object_3"", ""size"": 0.351, ""material"": ""rubber"", ""3d_coords"": [2.6169532545284273, 1.186243615549199, 0.3499999940395355], ""rotation"": 291.8819274902344, ""color"": ""blue""}, {""name"": ""Object_4"", ""size"": 0.351, ""material"": ""metal"", ""3d_coords"": [0.5733596462810078, -3.358965683522768, 0.3499999940395355], ""rotation"": 92.6231689453125, ""color"": ""green""}, {""name"": ""Object_5"", ""size"": 0.7, ""material"": ""rubber"", ""3d_coords"": [2.113236097176041, -1.9734188774614947, 0.699999988079071], ""rotation"": 48.73370361328125, ""color"": ""blue""}, {""name"": ""Object_6"", ""size"": 0.7, ""material"": ""rubber"", ""3d_coords"": [3.7850884581391826, -0.4626334917723809, 0.699999988079071], ""rotation"": 84.19384765625, ""color"": ""gray""}, {""name"": ""Object_7"", ""size"": 0.351, ""material"": ""metal"", ""3d_coords"": [-0.4861812070912641, 2.856572250346188, 0.3499999940395355], ""rotation"": 178.0629119873047, ""color"": ""yellow""}, {""name"": ""Object_8"", ""size"": 0.7, ""material"": ""rubber"", ""3d_coords"": [-0.0817124487712576, 1.6070718035183964, 0.699999988079071], ""rotation"": 317.31939697265625, ""color"": ""yellow""}, {""name"": ""Object_9"", ""size"": 0.701, ""material"": ""metal"", ""3d_coords"": [0.9933769803388244, 3.2748547863823436, 0.699999988079071], ""rotation"": 328.98602294921875, ""color"": ""cyan""}]}\n\nWhat is the shape of the object named \'Object_3\'?  ASSISTANT:\nassistant\n{""answer"": ""cylinder""}']",cylinder,"{""answer"": ""cylinder""}",10,"user
 USER:  
This image shows a minimalist arrangement of 3D geometric shapes made of different materials and colors. The JSON provided contains information about all objects in the scene, including their name, 3D coordinates (represented as [X, Y, Z]), material (metal = shinny, rubber = matte), and other attributes. 
Your job is to analyze this information, find the object named 'Object_3', use its attributes to identify which object in the image corresponds to that object, and retrieve its shape in the following format: {""answer"": ""SHAPE""}
Select your answer from the following options: cylinder, sphere, cone, or cube. Do not add any additional text to your answer, provide your answer always in the following format: {""answer"": ""SHAPE""}. 

Understanding the Coordinate System X, Y, Z:
• X (Depth): Represents the depth relative to the camera. Smaller values indicate objects that are farther away.
• Y (Horizontal Position): Represents the left-to-right position. A value of zero means the object is centered in the scene, negative values place the object to the left, and positive values to the right.
• Z (Vertical Position): Represents the height of the object's center point. Larger values correspond to higher vertical positions.

Here is the JSON containing details about all objects in the scene in the image:

{""camera_location"": [9.915478112284436, 0, 5.34366512298584], ""objects"": [{""name"": ""Object_0"", ""size"": 0.351, ""material"": ""rubber"", ""3d_coords"": [-1.6888785111555271, 0.540339075789151, 0.3499999940395355], ""rotation"": 91.23738861083984, ""color"": ""brown""}, {""name"": ""Object_1"", ""size"": 0.701, ""material"": ""rubber"", ""3d_coords"": [-0.9148265253929692, -2.7838065746464196, 0.699999988079071], ""rotation"": 271.3207092285156, ""color"": ""red""}, {""name"": ""Object_2"", ""size"": 0.7, ""material"": ""rubber"", ""3d_coords"": [1.475628933305564, -0.019488729072218436, 0.699999988079071], ""rotation"": 314.40887451171875, ""color"": ""purple""}, {""name"": ""Object_3"", ""size"": 0.351, ""material"": ""rubber"", ""3d_coords"": [2.6169532545284273, 1.186243615549199, 0.3499999940395355], ""rotation"": 291.8819274902344, ""color"": ""blue""}, {""name"": ""Object_4"", ""size"": 0.351, ""material"": ""metal"", ""3d_coords"": [0.5733596462810078, -3.358965683522768, 0.3499999940395355], ""rotation"": 92.6231689453125, ""color"": ""green""}, {""name"": ""Object_5"", ""size"": 0.7, ""material"": ""rubber"", ""3d_coords"": [2.113236097176041, -1.9734188774614947, 0.699999988079071], ""rotation"": 48.73370361328125, ""color"": ""blue""}, {""name"": ""Object_6"", ""size"": 0.7, ""material"": ""rubber"", ""3d_coords"": [3.7850884581391826, -0.4626334917723809, 0.699999988079071], ""rotation"": 84.19384765625, ""color"": ""gray""}, {""name"": ""Object_7"", ""size"": 0.351, ""material"": ""metal"", ""3d_coords"": [-0.4861812070912641, 2.856572250346188, 0.3499999940395355], ""rotation"": 178.0629119873047, ""color"": ""yellow""}, {""name"": ""Object_8"", ""size"": 0.7, ""material"": ""rubber"", ""3d_coords"": [-0.0817124487712576, 1.6070718035183964, 0.699999988079071], ""rotation"": 317.31939697265625, ""color"": ""yellow""}, {""name"": ""Object_9"", ""size"": 0.701, ""material"": ""metal"", ""3d_coords"": [0.9933769803388244, 3.2748547863823436, 0.699999988079071], ""rotation"": 328.98602294921875, ""color"": ""cyan""}]}

What is the shape of the object named 'Object_3'?  ASSISTANT:
assistant
{""answer"": ""cube""}",cube,"{""answer"": ""cylinder""}",10
42,31.843258,58.39611,78.16704,79.85928,75.93404,73.93339,86.44455,70.52833,88.29936,90.81161,84.82145,77.35442,84.62636,89.98494,94.50543,96.86405,102.76274,74.73419,78.8938,83.55748,97.56206,113.086845,111.922356,119.43042,120.0039,123.65848,116.577286,121.84586,122.55553,130.64525,136.9089,141.21521,146.04216,136.71144,118.98948,105.138565,20.584509,Text only tokens,1575,2119,"['user\n USER:  \nThis image shows a minimalist arrangement of 3D geometric shapes made of different materials and colors. The JSON provided contains information about all objects in the scene, including their name, 3D coordinates (represented as [X, Y, Z]), material (metal = shinny, rubber = matte), and other attributes. \nYour job is to analyze this information, find the object at coordinates [0.15616377393066294, -2.6064759026037203, 0.699999988079071], use its attributes to identify which object in the image corresponds to that object, and retrieve its shape in the following format: {""answer"": ""SHAPE""}\nSelect your answer from the following options: cylinder, sphere, cone, or cube. Do not add any additional text to your answer, provide your answer always in the following format: {""answer"": ""SHAPE""}. \n\nUnderstanding the Coordinate System X, Y, Z:\n• X (Depth): Represents the depth relative to the camera. Smaller values indicate objects that are farther away.\n• Y (Horizontal Position): Represents the left-to-right position. A value of zero means the object is centered in the scene, negative values place the object to the left, and positive values to the right.\n• Z (Vertical Position): Represents the height of the object\'s center point. Larger values correspond to higher vertical positions.\n\nHere is the JSON containing details about all objects in the scene in the image:\n\n{""camera_location"": [9.915478112284436, 0, 5.34366512298584], ""objects"": [{""name"": ""Object_0"", ""size"": 0.7, ""material"": ""metal"", ""3d_coords"": [1.7304667975443413, 2.2130057469769695, 0.699999988079071], ""rotation"": 202.48004150390625, ""color"": ""yellow""}, {""name"": ""Object_1"", ""size"": 0.7, ""material"": ""metal"", ""3d_coords"": [-0.5822329313969192, 0.3480977667419922, 0.699999988079071], ""rotation"": 143.5280303955078, ""color"": ""brown""}, {""name"": ""Object_2"", ""size"": 0.701, ""material"": ""metal"", ""3d_coords"": [-2.4888892879332625, 0.815581223543131, 0.699999988079071], ""rotation"": 278.4424743652344, ""color"": ""purple""}, {""name"": ""Object_3"", ""size"": 0.7, ""material"": ""metal"", ""3d_coords"": [0.15616377393066294, -2.6064759026037203, 0.699999988079071], ""rotation"": 44.71331024169922, ""color"": ""gray""}, {""name"": ""Object_4"", ""size"": 0.351, ""material"": ""metal"", ""3d_coords"": [2.341498283759165, -1.031870394110754, 0.3499999940395355], ""rotation"": 223.755615234375, ""color"": ""gray""}, {""name"": ""Object_5"", ""size"": 0.351, ""material"": ""rubber"", ""3d_coords"": [-1.6049152181283342, -1.7266440701270231, 0.3499999940395355], ""rotation"": 73.1736068725586, ""color"": ""blue""}]}\n\nWhat is the shape of the object at the coordinates [0.15616377393066294, -2.6064759026037203, 0.699999988079071]?  ASSISTANT:\nassistant\n{""answer"": ""cylinder""}']",cylinder,"{""answer"": ""cylinder""}",6,"user
 USER:  
This image shows a minimalist arrangement of 3D geometric shapes made of different materials and colors. The JSON provided contains information about all objects in the scene, including their name, 3D coordinates (represented as [X, Y, Z]), material (metal = shinny, rubber = matte), and other attributes. 
Your job is to analyze this information, find the object at coordinates [0.15616377393066294, -2.6064759026037203, 0.699999988079071], use its attributes to identify which object in the image corresponds to that object, and retrieve its shape in the following format: {""answer"": ""SHAPE""}
Select your answer from the following options: cylinder, sphere, cone, or cube. Do not add any additional text to your answer, provide your answer always in the following format: {""answer"": ""SHAPE""}. 

Understanding the Coordinate System X, Y, Z:
• X (Depth): Represents the depth relative to the camera. Smaller values indicate objects that are farther away.
• Y (Horizontal Position): Represents the left-to-right position. A value of zero means the object is centered in the scene, negative values place the object to the left, and positive values to the right.
• Z (Vertical Position): Represents the height of the object's center point. Larger values correspond to higher vertical positions.

Here is the JSON containing details about all objects in the scene in the image:

{""camera_location"": [9.915478112284436, 0, 5.34366512298584], ""objects"": [{""name"": ""Object_0"", ""size"": 0.7, ""material"": ""metal"", ""3d_coords"": [1.7304667975443413, 2.2130057469769695, 0.699999988079071], ""rotation"": 202.48004150390625, ""color"": ""yellow""}, {""name"": ""Object_1"", ""size"": 0.7, ""material"": ""metal"", ""3d_coords"": [-0.5822329313969192, 0.3480977667419922, 0.699999988079071], ""rotation"": 143.5280303955078, ""color"": ""brown""}, {""name"": ""Object_2"", ""size"": 0.701, ""material"": ""metal"", ""3d_coords"": [-2.4888892879332625, 0.815581223543131, 0.699999988079071], ""rotation"": 278.4424743652344, ""color"": ""purple""}, {""name"": ""Object_3"", ""size"": 0.7, ""material"": ""metal"", ""3d_coords"": [0.15616377393066294, -2.6064759026037203, 0.699999988079071], ""rotation"": 44.71331024169922, ""color"": ""gray""}, {""name"": ""Object_4"", ""size"": 0.351, ""material"": ""metal"", ""3d_coords"": [2.341498283759165, -1.031870394110754, 0.3499999940395355], ""rotation"": 223.755615234375, ""color"": ""gray""}, {""name"": ""Object_5"", ""size"": 0.351, ""material"": ""rubber"", ""3d_coords"": [-1.6049152181283342, -1.7266440701270231, 0.3499999940395355], ""rotation"": 73.1736068725586, ""color"": ""blue""}]}

What is the shape of the object at the coordinates [0.15616377393066294, -2.6064759026037203, 0.699999988079071]?  ASSISTANT:
assistant
{""answer"": ""cone""}",cone,"{""answer"": ""cylinder""}",6
43,30.692396,56.300346,75.4858,76.90554,72.74503,70.158356,82.62678,77.46929,93.97697,95.07255,87.71463,80.037895,86.52922,92.99218,97.435,98.72234,104.988625,81.5321,84.348976,87.674065,100.77999,115.04865,109.07551,115.68353,116.145546,119.74868,110.78633,115.26522,116.02477,124.55182,130.93869,136.18378,141.62581,132.09074,114.15453,98.92805,18.272552,Text only tokens,569,797,"['user\n USER:  \nThis image shows a minimalist arrangement of 3D geometric shapes made of different materials and colors. The JSON provided contains information about all objects in the scene, including their name, 3D coordinates (represented as [X, Y, Z]), material (metal = shinny, rubber = matte), and other attributes. \nYour job is to analyze this information, find the object with a rotation of 292.74664306640625, use its attributes to identify which object in the image corresponds to that object, and retrieve its shape in the following format: {""answer"": ""SHAPE""}\nSelect your answer from the following options: cylinder, sphere, cone, or cube. Do not add any additional text to your answer, provide your answer always in the following format: {""answer"": ""SHAPE""}. \n\nUnderstanding the Coordinate System X, Y, Z:\n• X (Depth): Represents the depth relative to the camera. Smaller values indicate objects that are farther away.\n• Y (Horizontal Position): Represents the left-to-right position. A value of zero means the object is centered in the scene, negative values place the object to the left, and positive values to the right.\n• Z (Vertical Position): Represents the height of the object\'s center point. Larger values correspond to higher vertical positions.\n\nHere is the JSON containing details about all objects in the scene in the image:\n\n{""camera_location"": [9.915478112284436, 0, 5.34366512298584], ""objects"": [{""name"": ""Object_0"", ""size"": 0.7, ""material"": ""rubber"", ""3d_coords"": [3.398829362576369, -0.4467946571875667, 0.699999988079071], ""rotation"": 143.14566040039062, ""color"": ""green""}, {""name"": ""Object_1"", ""size"": 0.351, ""material"": ""metal"", ""3d_coords"": [2.9104856875329155, 1.1361884050211255, 0.3499999940395355], ""rotation"": 309.25079345703125, ""color"": ""cyan""}, {""name"": ""Object_2"", ""size"": 0.7, ""material"": ""rubber"", ""3d_coords"": [0.5940934159379294, 1.5451937614164404, 0.699999988079071], ""rotation"": 155.47381591796875, ""color"": ""brown""}, {""name"": ""Object_3"", ""size"": 0.351, ""material"": ""metal"", ""3d_coords"": [-0.7643876386780498, 2.1753909749200764, 0.3499999940395355], ""rotation"": 254.08737182617188, ""color"": ""green""}, {""name"": ""Object_4"", ""size"": 0.7, ""material"": ""metal"", ""3d_coords"": [-1.916502570023806, -1.3471591376759418, 0.699999988079071], ""rotation"": 287.2309265136719, ""color"": ""yellow""}, {""name"": ""Object_5"", ""size"": 0.7, ""material"": ""rubber"", ""3d_coords"": [-3.7753080171725792, 0.686387177850581, 0.699999988079071], ""rotation"": 167.27239990234375, ""color"": ""gray""}, {""name"": ""Object_6"", ""size"": 0.7, ""material"": ""metal"", ""3d_coords"": [-0.16594942284036907, -3.241313056527682, 0.699999988079071], ""rotation"": 292.74664306640625, ""color"": ""green""}, {""name"": ""Object_7"", ""size"": 0.7, ""material"": ""metal"", ""3d_coords"": [1.3581774635280104, -1.9073316611155742, 0.699999988079071], ""rotation"": 211.51966857910156, ""color"": ""blue""}]}\n\nWhat is the shape of the object with a rotation of 292.74664306640625?  ASSISTANT:\nassistant\n{""answer"": ""sphere""}']",sphere,"{""answer"": ""sphere""}",8,"user
 USER:  
This image shows a minimalist arrangement of 3D geometric shapes made of different materials and colors. The JSON provided contains information about all objects in the scene, including their name, 3D coordinates (represented as [X, Y, Z]), material (metal = shinny, rubber = matte), and other attributes. 
Your job is to analyze this information, find the object with a rotation of 292.74664306640625, use its attributes to identify which object in the image corresponds to that object, and retrieve its shape in the following format: {""answer"": ""SHAPE""}
Select your answer from the following options: cylinder, sphere, cone, or cube. Do not add any additional text to your answer, provide your answer always in the following format: {""answer"": ""SHAPE""}. 

Understanding the Coordinate System X, Y, Z:
• X (Depth): Represents the depth relative to the camera. Smaller values indicate objects that are farther away.
• Y (Horizontal Position): Represents the left-to-right position. A value of zero means the object is centered in the scene, negative values place the object to the left, and positive values to the right.
• Z (Vertical Position): Represents the height of the object's center point. Larger values correspond to higher vertical positions.

Here is the JSON containing details about all objects in the scene in the image:

{""camera_location"": [9.915478112284436, 0, 5.34366512298584], ""objects"": [{""name"": ""Object_0"", ""size"": 0.7, ""material"": ""rubber"", ""3d_coords"": [3.398829362576369, -0.4467946571875667, 0.699999988079071], ""rotation"": 143.14566040039062, ""color"": ""green""}, {""name"": ""Object_1"", ""size"": 0.351, ""material"": ""metal"", ""3d_coords"": [2.9104856875329155, 1.1361884050211255, 0.3499999940395355], ""rotation"": 309.25079345703125, ""color"": ""cyan""}, {""name"": ""Object_2"", ""size"": 0.7, ""material"": ""rubber"", ""3d_coords"": [0.5940934159379294, 1.5451937614164404, 0.699999988079071], ""rotation"": 155.47381591796875, ""color"": ""brown""}, {""name"": ""Object_3"", ""size"": 0.351, ""material"": ""metal"", ""3d_coords"": [-0.7643876386780498, 2.1753909749200764, 0.3499999940395355], ""rotation"": 254.08737182617188, ""color"": ""green""}, {""name"": ""Object_4"", ""size"": 0.7, ""material"": ""metal"", ""3d_coords"": [-1.916502570023806, -1.3471591376759418, 0.699999988079071], ""rotation"": 287.2309265136719, ""color"": ""yellow""}, {""name"": ""Object_5"", ""size"": 0.7, ""material"": ""rubber"", ""3d_coords"": [-3.7753080171725792, 0.686387177850581, 0.699999988079071], ""rotation"": 167.27239990234375, ""color"": ""gray""}, {""name"": ""Object_6"", ""size"": 0.7, ""material"": ""metal"", ""3d_coords"": [-0.16594942284036907, -3.241313056527682, 0.699999988079071], ""rotation"": 292.74664306640625, ""color"": ""green""}, {""name"": ""Object_7"", ""size"": 0.7, ""material"": ""metal"", ""3d_coords"": [1.3581774635280104, -1.9073316611155742, 0.699999988079071], ""rotation"": 211.51966857910156, ""color"": ""blue""}]}

What is the shape of the object with a rotation of 292.74664306640625?  ASSISTANT:
assistant
{""answer"": ""cube""}",cube,"{""answer"": ""sphere""}",8
44,27.25691,50.5061,68.76381,70.086395,66.3167,63.853134,75.58053,83.441376,100.24344,99.423035,91.40081,82.661255,89.44008,96.26504,100.37698,103.25856,109.791405,92.62607,95.57422,98.63995,108.7518,122.207954,117.51621,119.80973,118.720665,121.10328,111.58254,115.62696,116.45022,125.03923,132.41531,137.144,142.38615,130.27603,111.03405,93.701515,16.004381,Text only tokens,375,527,"['user\n USER:  \nThis image shows a minimalist arrangement of 3D geometric shapes made of different materials and colors. The JSON provided contains information about all objects in the scene, including their name, 3D coordinates (represented as [X, Y, Z]), material (metal = shinny, rubber = matte), and other attributes. \nYour job is to analyze this information, find the object at coordinates [1.2975885998635, 0.8401339439657924, 0.699999988079071], use its attributes to identify which object in the image corresponds to that object, and retrieve its shape in the following format: {""answer"": ""SHAPE""}\nSelect your answer from the following options: cylinder, sphere, cone, or cube. Do not add any additional text to your answer, provide your answer always in the following format: {""answer"": ""SHAPE""}. \n\nUnderstanding the Coordinate System X, Y, Z:\n• X (Depth): Represents the depth relative to the camera. Smaller values indicate objects that are farther away.\n• Y (Horizontal Position): Represents the left-to-right position. A value of zero means the object is centered in the scene, negative values place the object to the left, and positive values to the right.\n• Z (Vertical Position): Represents the height of the object\'s center point. Larger values correspond to higher vertical positions.\n\nHere is the JSON containing details about all objects in the scene in the image:\n\n{""camera_location"": [9.915478112284436, 0, 5.34366512298584], ""objects"": [{""name"": ""Object_0"", ""size"": 0.7, ""material"": ""metal"", ""3d_coords"": [1.2975885998635, 0.8401339439657924, 0.699999988079071], ""rotation"": 141.06199645996094, ""color"": ""brown""}, {""name"": ""Object_1"", ""size"": 0.351, ""material"": ""metal"", ""3d_coords"": [-1.11097150480081, -0.6451276625650629, 0.3499999940395355], ""rotation"": 210.06138610839844, ""color"": ""blue""}, {""name"": ""Object_2"", ""size"": 0.351, ""material"": ""rubber"", ""3d_coords"": [-3.8298335812795212, 0.3357451414887449, 0.3499999940395355], ""rotation"": 358.92822265625, ""color"": ""red""}, {""name"": ""Object_3"", ""size"": 0.351, ""material"": ""rubber"", ""3d_coords"": [2.0505319966856463, -1.4080122271918298, 0.3499999940395355], ""rotation"": 52.902915954589844, ""color"": ""brown""}, {""name"": ""Object_4"", ""size"": 0.7, ""material"": ""metal"", ""3d_coords"": [-0.28984701928461887, 2.180178895681414, 0.699999988079071], ""rotation"": 49.58009338378906, ""color"": ""cyan""}, {""name"": ""Object_5"", ""size"": 0.351, ""material"": ""rubber"", ""3d_coords"": [0.5374585911402288, -3.071383754879487, 0.3499999940395355], ""rotation"": 296.5390319824219, ""color"": ""red""}, {""name"": ""Object_6"", ""size"": 0.351, ""material"": ""rubber"", ""3d_coords"": [2.5342186305058396, 1.5102809134777464, 0.3499999940395355], ""rotation"": 280.4223327636719, ""color"": ""brown""}, {""name"": ""Object_7"", ""size"": 0.351, ""material"": ""metal"", ""3d_coords"": [0.13396782163879895, 3.4402926143280492, 0.3499999940395355], ""rotation"": 6.088474750518799, ""color"": ""gray""}, {""name"": ""Object_8"", ""size"": 0.7, ""material"": ""metal"", ""3d_coords"": [-1.6510812732315323, -2.43466923881069, 0.699999988079071], ""rotation"": 183.10250854492188, ""color"": ""yellow""}, {""name"": ""Object_9"", ""size"": 0.7, ""material"": ""metal"", ""3d_coords"": [3.923481706678918, -0.23059292614586946, 0.699999988079071], ""rotation"": 63.481056213378906, ""color"": ""brown""}]}\n\nWhat is the shape of the object at the coordinates [1.2975885998635, 0.8401339439657924, 0.699999988079071]?  ASSISTANT:\nassistant\n{""answer"": ""sphere""}']",sphere,"{""answer"": ""cylinder""}",10,"user
 USER:  
This image shows a minimalist arrangement of 3D geometric shapes made of different materials and colors. The JSON provided contains information about all objects in the scene, including their name, 3D coordinates (represented as [X, Y, Z]), material (metal = shinny, rubber = matte), and other attributes. 
Your job is to analyze this information, find the object at coordinates [1.2975885998635, 0.8401339439657924, 0.699999988079071], use its attributes to identify which object in the image corresponds to that object, and retrieve its shape in the following format: {""answer"": ""SHAPE""}
Select your answer from the following options: cylinder, sphere, cone, or cube. Do not add any additional text to your answer, provide your answer always in the following format: {""answer"": ""SHAPE""}. 

Understanding the Coordinate System X, Y, Z:
• X (Depth): Represents the depth relative to the camera. Smaller values indicate objects that are farther away.
• Y (Horizontal Position): Represents the left-to-right position. A value of zero means the object is centered in the scene, negative values place the object to the left, and positive values to the right.
• Z (Vertical Position): Represents the height of the object's center point. Larger values correspond to higher vertical positions.

Here is the JSON containing details about all objects in the scene in the image:

{""camera_location"": [9.915478112284436, 0, 5.34366512298584], ""objects"": [{""name"": ""Object_0"", ""size"": 0.7, ""material"": ""metal"", ""3d_coords"": [1.2975885998635, 0.8401339439657924, 0.699999988079071], ""rotation"": 141.06199645996094, ""color"": ""brown""}, {""name"": ""Object_1"", ""size"": 0.351, ""material"": ""metal"", ""3d_coords"": [-1.11097150480081, -0.6451276625650629, 0.3499999940395355], ""rotation"": 210.06138610839844, ""color"": ""blue""}, {""name"": ""Object_2"", ""size"": 0.351, ""material"": ""rubber"", ""3d_coords"": [-3.8298335812795212, 0.3357451414887449, 0.3499999940395355], ""rotation"": 358.92822265625, ""color"": ""red""}, {""name"": ""Object_3"", ""size"": 0.351, ""material"": ""rubber"", ""3d_coords"": [2.0505319966856463, -1.4080122271918298, 0.3499999940395355], ""rotation"": 52.902915954589844, ""color"": ""brown""}, {""name"": ""Object_4"", ""size"": 0.7, ""material"": ""metal"", ""3d_coords"": [-0.28984701928461887, 2.180178895681414, 0.699999988079071], ""rotation"": 49.58009338378906, ""color"": ""cyan""}, {""name"": ""Object_5"", ""size"": 0.351, ""material"": ""rubber"", ""3d_coords"": [0.5374585911402288, -3.071383754879487, 0.3499999940395355], ""rotation"": 296.5390319824219, ""color"": ""red""}, {""name"": ""Object_6"", ""size"": 0.351, ""material"": ""rubber"", ""3d_coords"": [2.5342186305058396, 1.5102809134777464, 0.3499999940395355], ""rotation"": 280.4223327636719, ""color"": ""brown""}, {""name"": ""Object_7"", ""size"": 0.351, ""material"": ""metal"", ""3d_coords"": [0.13396782163879895, 3.4402926143280492, 0.3499999940395355], ""rotation"": 6.088474750518799, ""color"": ""gray""}, {""name"": ""Object_8"", ""size"": 0.7, ""material"": ""metal"", ""3d_coords"": [-1.6510812732315323, -2.43466923881069, 0.699999988079071], ""rotation"": 183.10250854492188, ""color"": ""yellow""}, {""name"": ""Object_9"", ""size"": 0.7, ""material"": ""metal"", ""3d_coords"": [3.923481706678918, -0.23059292614586946, 0.699999988079071], ""rotation"": 63.481056213378906, ""color"": ""brown""}]}

What is the shape of the object at the coordinates [1.2975885998635, 0.8401339439657924, 0.699999988079071]?  ASSISTANT:
assistant
{""answer"": ""cube""}",cube,"{""answer"": ""cylinder""}",10
45,29.293081,53.892555,71.687,72.89445,68.529015,66.22499,77.44887,70.89324,86.569374,87.12994,80.4633,73.26236,80.109024,85.57007,89.033714,91.901474,97.114716,73.91851,77.304016,80.55494,92.890785,106.39555,102.8096,108.391075,108.95357,111.34825,102.985405,107.31565,108.68996,117.01458,122.433044,125.79533,130.30127,120.710945,102.64717,86.64932,15.178177,Text only tokens,1866,2496,"['user\n USER:  \nThis image shows a minimalist arrangement of 3D geometric shapes made of different materials and colors. The JSON provided contains information about all objects in the scene, including their name, 3D coordinates (represented as [X, Y, Z]), material (metal = shinny, rubber = matte), and other attributes. \nYour job is to identify the sphere in the image, match its attributes to identify which of the objects mentioned in the JSON corresponds to that object, and determine its name in the following format: {""answer"": ""NAME""}\nDo not add any additional text to your answer, provide your answer always in the following format: {""answer"": ""NAME""}. \n\nUnderstanding the Coordinate System X, Y, Z:\n• X (Depth): Represents the depth relative to the camera. Smaller values indicate objects that are farther away.\n• Y (Horizontal Position): Represents the left-to-right position. A value of zero means the object is centered in the scene, negative values place the object to the left, and positive values to the right.\n• Z (Vertical Position): Represents the height of the object\'s center point. Larger values correspond to higher vertical positions.\n\nHere is the JSON containing details about all objects in the scene in the image:\n\n{""camera_location"": [9.915478112284436, 0, 5.34366512298584], ""objects"": [{""name"": ""Object_0"", ""size"": 0.351, ""material"": ""rubber"", ""3d_coords"": [-2.8293878996901167, 0.3909492456312882, 0.3499999940395355], ""rotation"": 49.88738250732422, ""color"": ""green""}, {""name"": ""Object_1"", ""size"": 0.351, ""material"": ""rubber"", ""3d_coords"": [2.1039685623454045, -1.0193898134469384, 0.3499999940395355], ""rotation"": 55.51902389526367, ""color"": ""purple""}, {""name"": ""Object_2"", ""size"": 0.351, ""material"": ""metal"", ""3d_coords"": [-1.0769572940387575, 2.2458004040396533, 0.3499999940395355], ""rotation"": 250.79107666015625, ""color"": ""purple""}, {""name"": ""Object_3"", ""size"": 0.351, ""material"": ""metal"", ""3d_coords"": [0.034745539464317465, -1.9064749141967274, 0.3499999940395355], ""rotation"": 63.2608757019043, ""color"": ""blue""}, {""name"": ""Object_4"", ""size"": 0.351, ""material"": ""metal"", ""3d_coords"": [0.5205568001150827, 2.898294492315145, 0.3499999940395355], ""rotation"": 0.9429035782814026, ""color"": ""blue""}, {""name"": ""Object_5"", ""size"": 0.351, ""material"": ""rubber"", ""3d_coords"": [3.1355925540828053, -0.2558178346951985, 0.3499999940395355], ""rotation"": 26.9901180267334, ""color"": ""brown""}, {""name"": ""Object_6"", ""size"": 0.351, ""material"": ""rubber"", ""3d_coords"": [-0.39602216191556283, 1.2910664044784717, 0.3499999940395355], ""rotation"": 38.762420654296875, ""color"": ""cyan""}, {""name"": ""Object_7"", ""size"": 0.351, ""material"": ""metal"", ""3d_coords"": [1.4291195139115145, 1.7445218192966587, 0.3499999940395355], ""rotation"": 111.04891967773438, ""color"": ""red""}]}\n\nWhat is the name of the sphere?  ASSISTANT:\nassistant\n{""answer"": ""Object_3""}']",Object_3,"{""answer"": ""Object_4""}",8,"user
 USER:  
This image shows a minimalist arrangement of 3D geometric shapes made of different materials and colors. The JSON provided contains information about all objects in the scene, including their name, 3D coordinates (represented as [X, Y, Z]), material (metal = shinny, rubber = matte), and other attributes. 
Your job is to identify the sphere in the image, match its attributes to identify which of the objects mentioned in the JSON corresponds to that object, and determine its name in the following format: {""answer"": ""NAME""}
Do not add any additional text to your answer, provide your answer always in the following format: {""answer"": ""NAME""}. 

Understanding the Coordinate System X, Y, Z:
• X (Depth): Represents the depth relative to the camera. Smaller values indicate objects that are farther away.
• Y (Horizontal Position): Represents the left-to-right position. A value of zero means the object is centered in the scene, negative values place the object to the left, and positive values to the right.
• Z (Vertical Position): Represents the height of the object's center point. Larger values correspond to higher vertical positions.

Here is the JSON containing details about all objects in the scene in the image:

{""camera_location"": [9.915478112284436, 0, 5.34366512298584], ""objects"": [{""name"": ""Object_0"", ""size"": 0.351, ""material"": ""rubber"", ""3d_coords"": [-2.8293878996901167, 0.3909492456312882, 0.3499999940395355], ""rotation"": 49.88738250732422, ""color"": ""green""}, {""name"": ""Object_1"", ""size"": 0.351, ""material"": ""rubber"", ""3d_coords"": [2.1039685623454045, -1.0193898134469384, 0.3499999940395355], ""rotation"": 55.51902389526367, ""color"": ""purple""}, {""name"": ""Object_2"", ""size"": 0.351, ""material"": ""metal"", ""3d_coords"": [-1.0769572940387575, 2.2458004040396533, 0.3499999940395355], ""rotation"": 250.79107666015625, ""color"": ""purple""}, {""name"": ""Object_3"", ""size"": 0.351, ""material"": ""metal"", ""3d_coords"": [0.034745539464317465, -1.9064749141967274, 0.3499999940395355], ""rotation"": 63.2608757019043, ""color"": ""blue""}, {""name"": ""Object_4"", ""size"": 0.351, ""material"": ""metal"", ""3d_coords"": [0.5205568001150827, 2.898294492315145, 0.3499999940395355], ""rotation"": 0.9429035782814026, ""color"": ""blue""}, {""name"": ""Object_5"", ""size"": 0.351, ""material"": ""rubber"", ""3d_coords"": [3.1355925540828053, -0.2558178346951985, 0.3499999940395355], ""rotation"": 26.9901180267334, ""color"": ""brown""}, {""name"": ""Object_6"", ""size"": 0.351, ""material"": ""rubber"", ""3d_coords"": [-0.39602216191556283, 1.2910664044784717, 0.3499999940395355], ""rotation"": 38.762420654296875, ""color"": ""cyan""}, {""name"": ""Object_7"", ""size"": 0.351, ""material"": ""metal"", ""3d_coords"": [1.4291195139115145, 1.7445218192966587, 0.3499999940395355], ""rotation"": 111.04891967773438, ""color"": ""red""}]}

What is the name of the sphere?  ASSISTANT:
assistant
{""answer"": ""Object_0""}",Object_0,"{""answer"": ""Object_4""}",8
46,30.45665,55.169266,73.383255,74.3691,69.738495,67.54863,79.59974,72.932655,88.62281,90.610306,83.71532,76.80096,83.49025,89.50309,93.09641,95.39569,100.379715,75.733955,78.59169,81.59385,94.38772,108.49408,103.69128,110.17734,110.51388,113.18945,104.76913,109.17882,110.144035,117.542496,122.87121,127.47381,132.13301,122.96751,106.76453,92.82419,17.894133,Text only tokens,2370,3146,"['user\n USER:  \nThis image shows a minimalist arrangement of 3D geometric shapes made of different materials and colors. The JSON provided contains information about all objects in the scene, including their name, 3D coordinates (represented as [X, Y, Z]), material (metal = shinny, rubber = matte), and other attributes. \nYour job is to identify the purple colored object in the image, match its attributes to identify which of the objects mentioned in the JSON corresponds to that object, and determine its rotation in the following format: {""answer"": ""ROTATION""}\nDo not add any additional text to your answer, provide your answer always in the following format: {""answer"": ""ROTATION""}. \n\nUnderstanding the Coordinate System X, Y, Z:\n• X (Depth): Represents the depth relative to the camera. Smaller values indicate objects that are farther away.\n• Y (Horizontal Position): Represents the left-to-right position. A value of zero means the object is centered in the scene, negative values place the object to the left, and positive values to the right.\n• Z (Vertical Position): Represents the height of the object\'s center point. Larger values correspond to higher vertical positions.\n\nHere is the JSON containing details about all objects in the scene in the image:\n\n{""camera_location"": [9.915478112284436, 0, 5.34366512298584], ""objects"": [{""name"": ""Object_0"", ""shape"": ""cube"", ""size"": 0.351, ""material"": ""metal"", ""3d_coords"": [1.9663484620281082, 0.6737628441777787, 0.3499999940395355], ""rotation"": 338.184326171875}, {""name"": ""Object_1"", ""shape"": ""cube"", ""size"": 0.7, ""material"": ""rubber"", ""3d_coords"": [-3.271240244512414, -0.7978345519821368, 0.699999988079071], ""rotation"": 217.46292114257812}, {""name"": ""Object_2"", ""shape"": ""cylinder"", ""size"": 0.351, ""material"": ""metal"", ""3d_coords"": [-0.3649995627391712, 2.1916957880724723, 0.3499999940395355], ""rotation"": 154.05128479003906}, {""name"": ""Object_3"", ""shape"": ""cylinder"", ""size"": 0.351, ""material"": ""rubber"", ""3d_coords"": [-1.6472185430346287, -2.3234978468583054, 0.3499999940395355], ""rotation"": 276.61541748046875}, {""name"": ""Object_4"", ""shape"": ""cube"", ""size"": 0.701, ""material"": ""rubber"", ""3d_coords"": [0.4728637110942111, 3.3065382438076103, 0.699999988079071], ""rotation"": 170.52789306640625}, {""name"": ""Object_5"", ""shape"": ""cylinder"", ""size"": 0.351, ""material"": ""metal"", ""3d_coords"": [1.4511502121596336, -1.4304107648260977, 0.3499999940395355], ""rotation"": 359.98016357421875}, {""name"": ""Object_6"", ""shape"": ""cone"", ""size"": 0.351, ""material"": ""rubber"", ""3d_coords"": [-2.657908889193172, 1.091221656619761, 0.3499999940395355], ""rotation"": 84.4705581665039}, {""name"": ""Object_7"", ""shape"": ""sphere"", ""size"": 0.351, ""material"": ""rubber"", ""3d_coords"": [-1.1491699837653946, -3.1571527397532435, 0.3499999940395355], ""rotation"": 179.01307678222656}]}\n\nWhat is the rotation value of the purple colored object?  ASSISTANT:\nassistant\n{""answer"": ""276.61541748046875""}']",276.61541748046875,"{""answer"": 276.61541748046875}",8,"user
 USER:  
This image shows a minimalist arrangement of 3D geometric shapes made of different materials and colors. The JSON provided contains information about all objects in the scene, including their name, 3D coordinates (represented as [X, Y, Z]), material (metal = shinny, rubber = matte), and other attributes. 
Your job is to identify the purple colored object in the image, match its attributes to identify which of the objects mentioned in the JSON corresponds to that object, and determine its rotation in the following format: {""answer"": ""ROTATION""}
Do not add any additional text to your answer, provide your answer always in the following format: {""answer"": ""ROTATION""}. 

Understanding the Coordinate System X, Y, Z:
• X (Depth): Represents the depth relative to the camera. Smaller values indicate objects that are farther away.
• Y (Horizontal Position): Represents the left-to-right position. A value of zero means the object is centered in the scene, negative values place the object to the left, and positive values to the right.
• Z (Vertical Position): Represents the height of the object's center point. Larger values correspond to higher vertical positions.

Here is the JSON containing details about all objects in the scene in the image:

{""camera_location"": [9.915478112284436, 0, 5.34366512298584], ""objects"": [{""name"": ""Object_0"", ""shape"": ""cube"", ""size"": 0.351, ""material"": ""metal"", ""3d_coords"": [1.9663484620281082, 0.6737628441777787, 0.3499999940395355], ""rotation"": 338.184326171875}, {""name"": ""Object_1"", ""shape"": ""cube"", ""size"": 0.7, ""material"": ""rubber"", ""3d_coords"": [-3.271240244512414, -0.7978345519821368, 0.699999988079071], ""rotation"": 217.46292114257812}, {""name"": ""Object_2"", ""shape"": ""cylinder"", ""size"": 0.351, ""material"": ""metal"", ""3d_coords"": [-0.3649995627391712, 2.1916957880724723, 0.3499999940395355], ""rotation"": 154.05128479003906}, {""name"": ""Object_3"", ""shape"": ""cylinder"", ""size"": 0.351, ""material"": ""rubber"", ""3d_coords"": [-1.6472185430346287, -2.3234978468583054, 0.3499999940395355], ""rotation"": 276.61541748046875}, {""name"": ""Object_4"", ""shape"": ""cube"", ""size"": 0.701, ""material"": ""rubber"", ""3d_coords"": [0.4728637110942111, 3.3065382438076103, 0.699999988079071], ""rotation"": 170.52789306640625}, {""name"": ""Object_5"", ""shape"": ""cylinder"", ""size"": 0.351, ""material"": ""metal"", ""3d_coords"": [1.4511502121596336, -1.4304107648260977, 0.3499999940395355], ""rotation"": 359.98016357421875}, {""name"": ""Object_6"", ""shape"": ""cone"", ""size"": 0.351, ""material"": ""rubber"", ""3d_coords"": [-2.657908889193172, 1.091221656619761, 0.3499999940395355], ""rotation"": 84.4705581665039}, {""name"": ""Object_7"", ""shape"": ""sphere"", ""size"": 0.351, ""material"": ""rubber"", ""3d_coords"": [-1.1491699837653946, -3.1571527397532435, 0.3499999940395355], ""rotation"": 179.01307678222656}]}

What is the rotation value of the purple colored object?  ASSISTANT:
assistant
{""answer"": ""359.98016357421875""}",359.98016357421875,"{""answer"": 276.61541748046875}",8
47,28.752243,52.488605,70.53744,71.45636,66.68394,64.39424,76.42263,81.924255,98.13071,98.38793,89.65186,81.57149,87.94858,94.52951,97.70284,100.117,106.12368,86.12626,88.318436,90.855354,102.566536,116.30323,108.94915,114.16684,113.61692,115.888916,105.997696,110.54961,111.40794,119.709045,126.55056,132.12935,138.03653,127.55674,108.67406,91.90248,15.161442,Text only tokens,653,904,"['user\n USER:  \nThis image shows a minimalist arrangement of 3D geometric shapes made of different materials and colors. The JSON provided contains information about all objects in the scene, including their name, 3D coordinates (represented as [X, Y, Z]), material (metal = shinny, rubber = matte), and other attributes. \nYour job is to analyze this information, find the object named \'Object_1\', use its attributes to identify which object in the image corresponds to that object, and retrieve its color in the following format: {""answer"": ""COLOR""}\nSelect your answer from the following options: gray, red, blue, green, brown, purple, cyan, or yellow. Do not add any additional text to your answer, provide your answer always in the following format: {""answer"": ""COLOR""}. \n\nUnderstanding the Coordinate System X, Y, Z:\n• X (Depth): Represents the depth relative to the camera. Smaller values indicate objects that are farther away.\n• Y (Horizontal Position): Represents the left-to-right position. A value of zero means the object is centered in the scene, negative values place the object to the left, and positive values to the right.\n• Z (Vertical Position): Represents the height of the object\'s center point. Larger values correspond to higher vertical positions.\n\nHere is the JSON containing details about all objects in the scene in the image:\n\n{""camera_location"": [9.915478112284436, 0, 5.34366512298584], ""objects"": [{""name"": ""Object_0"", ""shape"": ""cube"", ""size"": 0.7, ""material"": ""metal"", ""3d_coords"": [2.468893733175896, 0.6475625329632908, 0.699999988079071], ""rotation"": 214.92543029785156}, {""name"": ""Object_1"", ""shape"": ""cube"", ""size"": 0.701, ""material"": ""metal"", ""3d_coords"": [-2.9831698799206667, -0.6553149165423653, 0.699999988079071], ""rotation"": 229.62783813476562}, {""name"": ""Object_2"", ""shape"": ""cube"", ""size"": 0.351, ""material"": ""rubber"", ""3d_coords"": [-1.3304890428772906, 2.5164709815520183, 0.3499999940395355], ""rotation"": 47.335845947265625}, {""name"": ""Object_3"", ""shape"": ""sphere"", ""size"": 0.351, ""material"": ""metal"", ""3d_coords"": [1.8759228890785624, -1.915727289698401, 0.3499999940395355], ""rotation"": 316.53289794921875}, {""name"": ""Object_4"", ""shape"": ""cube"", ""size"": 0.7, ""material"": ""rubber"", ""3d_coords"": [0.6253883379347603, -1.234844054914235, 0.699999988079071], ""rotation"": 349.3927917480469}, {""name"": ""Object_5"", ""shape"": ""cube"", ""size"": 0.351, ""material"": ""metal"", ""3d_coords"": [-0.5381954167312486, -2.685302591057071, 0.3499999940395355], ""rotation"": 72.37040710449219}, {""name"": ""Object_6"", ""shape"": ""sphere"", ""size"": 0.701, ""material"": ""metal"", ""3d_coords"": [-2.1331535273034694, 1.359566973962019, 0.699999988079071], ""rotation"": 111.71510314941406}, {""name"": ""Object_7"", ""shape"": ""cube"", ""size"": 0.351, ""material"": ""rubber"", ""3d_coords"": [4.090673359637737, -0.19905459538621417, 0.3499999940395355], ""rotation"": 16.654754638671875}, {""name"": ""Object_8"", ""shape"": ""cylinder"", ""size"": 0.351, ""material"": ""rubber"", ""3d_coords"": [0.12796171044970683, 3.3528768890315352, 0.3499999940395355], ""rotation"": 190.52114868164062}, {""name"": ""Object_9"", ""shape"": ""cube"", ""size"": 0.351, ""material"": ""metal"", ""3d_coords"": [1.2002038196780207, 2.0730008204385344, 0.3499999940395355], ""rotation"": 62.013465881347656}]}\n\nWhat is the color of the object named \'Object_1\'?  ASSISTANT:\nassistant\n{""answer"": ""red""}']",red,"{""answer"": ""purple""}",10,"user
 USER:  
This image shows a minimalist arrangement of 3D geometric shapes made of different materials and colors. The JSON provided contains information about all objects in the scene, including their name, 3D coordinates (represented as [X, Y, Z]), material (metal = shinny, rubber = matte), and other attributes. 
Your job is to analyze this information, find the object named 'Object_1', use its attributes to identify which object in the image corresponds to that object, and retrieve its color in the following format: {""answer"": ""COLOR""}
Select your answer from the following options: gray, red, blue, green, brown, purple, cyan, or yellow. Do not add any additional text to your answer, provide your answer always in the following format: {""answer"": ""COLOR""}. 

Understanding the Coordinate System X, Y, Z:
• X (Depth): Represents the depth relative to the camera. Smaller values indicate objects that are farther away.
• Y (Horizontal Position): Represents the left-to-right position. A value of zero means the object is centered in the scene, negative values place the object to the left, and positive values to the right.
• Z (Vertical Position): Represents the height of the object's center point. Larger values correspond to higher vertical positions.

Here is the JSON containing details about all objects in the scene in the image:

{""camera_location"": [9.915478112284436, 0, 5.34366512298584], ""objects"": [{""name"": ""Object_0"", ""shape"": ""cube"", ""size"": 0.7, ""material"": ""metal"", ""3d_coords"": [2.468893733175896, 0.6475625329632908, 0.699999988079071], ""rotation"": 214.92543029785156}, {""name"": ""Object_1"", ""shape"": ""cube"", ""size"": 0.701, ""material"": ""metal"", ""3d_coords"": [-2.9831698799206667, -0.6553149165423653, 0.699999988079071], ""rotation"": 229.62783813476562}, {""name"": ""Object_2"", ""shape"": ""cube"", ""size"": 0.351, ""material"": ""rubber"", ""3d_coords"": [-1.3304890428772906, 2.5164709815520183, 0.3499999940395355], ""rotation"": 47.335845947265625}, {""name"": ""Object_3"", ""shape"": ""sphere"", ""size"": 0.351, ""material"": ""metal"", ""3d_coords"": [1.8759228890785624, -1.915727289698401, 0.3499999940395355], ""rotation"": 316.53289794921875}, {""name"": ""Object_4"", ""shape"": ""cube"", ""size"": 0.7, ""material"": ""rubber"", ""3d_coords"": [0.6253883379347603, -1.234844054914235, 0.699999988079071], ""rotation"": 349.3927917480469}, {""name"": ""Object_5"", ""shape"": ""cube"", ""size"": 0.351, ""material"": ""metal"", ""3d_coords"": [-0.5381954167312486, -2.685302591057071, 0.3499999940395355], ""rotation"": 72.37040710449219}, {""name"": ""Object_6"", ""shape"": ""sphere"", ""size"": 0.701, ""material"": ""metal"", ""3d_coords"": [-2.1331535273034694, 1.359566973962019, 0.699999988079071], ""rotation"": 111.71510314941406}, {""name"": ""Object_7"", ""shape"": ""cube"", ""size"": 0.351, ""material"": ""rubber"", ""3d_coords"": [4.090673359637737, -0.19905459538621417, 0.3499999940395355], ""rotation"": 16.654754638671875}, {""name"": ""Object_8"", ""shape"": ""cylinder"", ""size"": 0.351, ""material"": ""rubber"", ""3d_coords"": [0.12796171044970683, 3.3528768890315352, 0.3499999940395355], ""rotation"": 190.52114868164062}, {""name"": ""Object_9"", ""shape"": ""cube"", ""size"": 0.351, ""material"": ""metal"", ""3d_coords"": [1.2002038196780207, 2.0730008204385344, 0.3499999940395355], ""rotation"": 62.013465881347656}]}

What is the color of the object named 'Object_1'?  ASSISTANT:
assistant
{""answer"": ""gray""}",gray,"{""answer"": ""purple""}",10
48,31.767126,58.736286,78.313774,80.34568,76.07142,74.19529,85.804474,70.064,87.055435,90.31508,84.379715,77.302505,84.73449,90.21316,94.467636,97.27614,103.24089,74.08323,78.33006,83.367836,97.05028,112.192406,112.125015,118.69746,119.00116,123.06447,116.301605,121.42246,122.016785,130.33147,136.21605,140.37587,144.9514,135.195,117.21959,102.45709,16.90933,Text only tokens,1907,2555,"['user\n USER:  \nThis image shows a minimalist arrangement of 3D geometric shapes made of different materials and colors. The JSON provided contains information about all objects in the scene, including their name, 3D coordinates (represented as [X, Y, Z]), material (metal = shinny, rubber = matte), and other attributes. \nYour job is to analyze this information, find the object at coordinates [-2.8131915532347005, 0.6306127206967702, 0.3499999940395355], use its attributes to identify which object in the image corresponds to that object, and retrieve its color in the following format: {""answer"": ""COLOR""}\nSelect your answer from the following options: gray, red, blue, green, brown, purple, cyan, or yellow. Do not add any additional text to your answer, provide your answer always in the following format: {""answer"": ""COLOR""}. \n\nUnderstanding the Coordinate System X, Y, Z:\n• X (Depth): Represents the depth relative to the camera. Smaller values indicate objects that are farther away.\n• Y (Horizontal Position): Represents the left-to-right position. A value of zero means the object is centered in the scene, negative values place the object to the left, and positive values to the right.\n• Z (Vertical Position): Represents the height of the object\'s center point. Larger values correspond to higher vertical positions.\n\nHere is the JSON containing details about all objects in the scene in the image:\n\n{""camera_location"": [9.915478112284436, 0, 5.34366512298584], ""objects"": [{""name"": ""Object_0"", ""shape"": ""cube"", ""size"": 0.7, ""material"": ""metal"", ""3d_coords"": [-1.7828730279593046, -1.3411680427935528, 0.699999988079071], ""rotation"": 149.7908477783203}, {""name"": ""Object_1"", ""shape"": ""sphere"", ""size"": 0.351, ""material"": ""rubber"", ""3d_coords"": [2.3706766406912316, -0.5190709781155874, 0.3499999940395355], ""rotation"": 245.1148223876953}, {""name"": ""Object_2"", ""shape"": ""cylinder"", ""size"": 0.7, ""material"": ""metal"", ""3d_coords"": [1.46345807397663, 1.2092484180082783, 0.699999988079071], ""rotation"": 179.79295349121094}, {""name"": ""Object_3"", ""shape"": ""cylinder"", ""size"": 0.7, ""material"": ""metal"", ""3d_coords"": [-0.36899799130067734, 2.001334104339421, 0.699999988079071], ""rotation"": 206.95492553710938}, {""name"": ""Object_4"", ""shape"": ""cube"", ""size"": 0.351, ""material"": ""metal"", ""3d_coords"": [-2.8131915532347005, 0.6306127206967702, 0.3499999940395355], ""rotation"": 267.2264099121094}, {""name"": ""Object_5"", ""shape"": ""cube"", ""size"": 0.701, ""material"": ""metal"", ""3d_coords"": [0.7406729224835793, -2.9179719471443826, 0.699999988079071], ""rotation"": 181.2461395263672}]}\n\nWhat is the color of the object at the coordinates [-2.8131915532347005, 0.6306127206967702, 0.3499999940395355]?  ASSISTANT:\nassistant\n{""answer"": ""purple""}']",purple,"{""answer"": ""green""}",6,"user
 USER:  
This image shows a minimalist arrangement of 3D geometric shapes made of different materials and colors. The JSON provided contains information about all objects in the scene, including their name, 3D coordinates (represented as [X, Y, Z]), material (metal = shinny, rubber = matte), and other attributes. 
Your job is to analyze this information, find the object at coordinates [-2.8131915532347005, 0.6306127206967702, 0.3499999940395355], use its attributes to identify which object in the image corresponds to that object, and retrieve its color in the following format: {""answer"": ""COLOR""}
Select your answer from the following options: gray, red, blue, green, brown, purple, cyan, or yellow. Do not add any additional text to your answer, provide your answer always in the following format: {""answer"": ""COLOR""}. 

Understanding the Coordinate System X, Y, Z:
• X (Depth): Represents the depth relative to the camera. Smaller values indicate objects that are farther away.
• Y (Horizontal Position): Represents the left-to-right position. A value of zero means the object is centered in the scene, negative values place the object to the left, and positive values to the right.
• Z (Vertical Position): Represents the height of the object's center point. Larger values correspond to higher vertical positions.

Here is the JSON containing details about all objects in the scene in the image:

{""camera_location"": [9.915478112284436, 0, 5.34366512298584], ""objects"": [{""name"": ""Object_0"", ""shape"": ""cube"", ""size"": 0.7, ""material"": ""metal"", ""3d_coords"": [-1.7828730279593046, -1.3411680427935528, 0.699999988079071], ""rotation"": 149.7908477783203}, {""name"": ""Object_1"", ""shape"": ""sphere"", ""size"": 0.351, ""material"": ""rubber"", ""3d_coords"": [2.3706766406912316, -0.5190709781155874, 0.3499999940395355], ""rotation"": 245.1148223876953}, {""name"": ""Object_2"", ""shape"": ""cylinder"", ""size"": 0.7, ""material"": ""metal"", ""3d_coords"": [1.46345807397663, 1.2092484180082783, 0.699999988079071], ""rotation"": 179.79295349121094}, {""name"": ""Object_3"", ""shape"": ""cylinder"", ""size"": 0.7, ""material"": ""metal"", ""3d_coords"": [-0.36899799130067734, 2.001334104339421, 0.699999988079071], ""rotation"": 206.95492553710938}, {""name"": ""Object_4"", ""shape"": ""cube"", ""size"": 0.351, ""material"": ""metal"", ""3d_coords"": [-2.8131915532347005, 0.6306127206967702, 0.3499999940395355], ""rotation"": 267.2264099121094}, {""name"": ""Object_5"", ""shape"": ""cube"", ""size"": 0.701, ""material"": ""metal"", ""3d_coords"": [0.7406729224835793, -2.9179719471443826, 0.699999988079071], ""rotation"": 181.2461395263672}]}

What is the color of the object at the coordinates [-2.8131915532347005, 0.6306127206967702, 0.3499999940395355]?  ASSISTANT:
assistant
{""answer"": ""gray""}",gray,"{""answer"": ""green""}",6
49,33.48383,61.111256,81.52979,83.72869,79.590515,77.34144,89.47126,63.60086,80.84454,84.70933,79.68667,73.054756,80.36962,85.15923,89.62925,92.45746,97.93064,70.222374,74.30232,79.30507,92.84898,107.88661,109.79145,116.86865,117.78481,121.98678,116.85946,122.13123,123.11577,130.65211,135.96103,138.88904,141.9963,132.32236,114.95658,102.0908,19.81082,Text only tokens,827,1134,"['user\n USER:  \nThis image shows a minimalist arrangement of 3D geometric shapes made of different materials and colors. The JSON provided contains information about all objects in the scene, including their name, 3D coordinates (represented as [X, Y, Z]), material (metal = shinny, rubber = matte), and other attributes. \nYour job is to analyze this information, find the object at coordinates [0.9484090381630061, 3.1665474089203434, 0.3499999940395355], use its attributes to identify which object in the image corresponds to that object, and retrieve its shape in the following format: {""answer"": ""SHAPE""}\nSelect your answer from the following options: cylinder, sphere, cone, or cube. Do not add any additional text to your answer, provide your answer always in the following format: {""answer"": ""SHAPE""}. \n\nUnderstanding the Coordinate System X, Y, Z:\n• X (Depth): Represents the depth relative to the camera. Smaller values indicate objects that are farther away.\n• Y (Horizontal Position): Represents the left-to-right position. A value of zero means the object is centered in the scene, negative values place the object to the left, and positive values to the right.\n• Z (Vertical Position): Represents the height of the object\'s center point. Larger values correspond to higher vertical positions.\n\nHere is the JSON containing details about all objects in the scene in the image:\n\n{""camera_location"": [9.915478112284436, 0, 5.34366512298584], ""objects"": [{""name"": ""Object_0"", ""size"": 0.7, ""material"": ""metal"", ""3d_coords"": [-2.4358176633221835, -0.14474980779099433, 0.699999988079071], ""rotation"": 241.5412139892578, ""color"": ""red""}, {""name"": ""Object_1"", ""size"": 0.351, ""material"": ""metal"", ""3d_coords"": [0.9484090381630061, 3.1665474089203434, 0.3499999940395355], ""rotation"": 165.46043395996094, ""color"": ""brown""}, {""name"": ""Object_2"", ""size"": 0.7, ""material"": ""metal"", ""3d_coords"": [-0.45198480568860677, -2.0688121519251093, 0.699999988079071], ""rotation"": 256.3016662597656, ""color"": ""purple""}, {""name"": ""Object_3"", ""size"": 0.7, ""material"": ""rubber"", ""3d_coords"": [3.47779817229479, -0.5732526572707033, 0.699999988079071], ""rotation"": 235.2708740234375, ""color"": ""yellow""}, {""name"": ""Object_4"", ""size"": 0.7, ""material"": ""metal"", ""3d_coords"": [1.681514428102919, 1.0692129673033115, 0.699999988079071], ""rotation"": 280.19952392578125, ""color"": ""blue""}]}\n\nWhat is the shape of the object at the coordinates [0.9484090381630061, 3.1665474089203434, 0.3499999940395355]?  ASSISTANT:\nassistant\n{""answer"": ""cylinder""}']",cylinder,"{""answer"": ""cylinder""}",5,"user
 USER:  
This image shows a minimalist arrangement of 3D geometric shapes made of different materials and colors. The JSON provided contains information about all objects in the scene, including their name, 3D coordinates (represented as [X, Y, Z]), material (metal = shinny, rubber = matte), and other attributes. 
Your job is to analyze this information, find the object at coordinates [0.9484090381630061, 3.1665474089203434, 0.3499999940395355], use its attributes to identify which object in the image corresponds to that object, and retrieve its shape in the following format: {""answer"": ""SHAPE""}
Select your answer from the following options: cylinder, sphere, cone, or cube. Do not add any additional text to your answer, provide your answer always in the following format: {""answer"": ""SHAPE""}. 

Understanding the Coordinate System X, Y, Z:
• X (Depth): Represents the depth relative to the camera. Smaller values indicate objects that are farther away.
• Y (Horizontal Position): Represents the left-to-right position. A value of zero means the object is centered in the scene, negative values place the object to the left, and positive values to the right.
• Z (Vertical Position): Represents the height of the object's center point. Larger values correspond to higher vertical positions.

Here is the JSON containing details about all objects in the scene in the image:

{""camera_location"": [9.915478112284436, 0, 5.34366512298584], ""objects"": [{""name"": ""Object_0"", ""size"": 0.7, ""material"": ""metal"", ""3d_coords"": [-2.4358176633221835, -0.14474980779099433, 0.699999988079071], ""rotation"": 241.5412139892578, ""color"": ""red""}, {""name"": ""Object_1"", ""size"": 0.351, ""material"": ""metal"", ""3d_coords"": [0.9484090381630061, 3.1665474089203434, 0.3499999940395355], ""rotation"": 165.46043395996094, ""color"": ""brown""}, {""name"": ""Object_2"", ""size"": 0.7, ""material"": ""metal"", ""3d_coords"": [-0.45198480568860677, -2.0688121519251093, 0.699999988079071], ""rotation"": 256.3016662597656, ""color"": ""purple""}, {""name"": ""Object_3"", ""size"": 0.7, ""material"": ""rubber"", ""3d_coords"": [3.47779817229479, -0.5732526572707033, 0.699999988079071], ""rotation"": 235.2708740234375, ""color"": ""yellow""}, {""name"": ""Object_4"", ""size"": 0.7, ""material"": ""metal"", ""3d_coords"": [1.681514428102919, 1.0692129673033115, 0.699999988079071], ""rotation"": 280.19952392578125, ""color"": ""blue""}]}

What is the shape of the object at the coordinates [0.9484090381630061, 3.1665474089203434, 0.3499999940395355]?  ASSISTANT:
assistant
{""answer"": ""cone""}",cone,"{""answer"": ""cylinder""}",5
